 0.000000E+00  0.000000000000000000E+00  0.000000000000000000E+00  0.000000000000000000E+00
 0.500000E-01  0.121598014725737402E-02  0.942452228592035104E-02  0.231397323374608402E-01
 0.100000E+00  0.405272259222049479E-02  0.318249218649246240E-01  0.376823938298769118E-01
 0.150000E+00  0.731004241031784924E-02  0.583275881900447019E-01  0.450792892385623936E-01
 0.200000E+00  0.102411105166096954E-01  0.829120357403753255E-01  0.475389061017406148E-01
 0.250000E+00  0.128433391162849405E-01  0.104658176364665650E+00  0.476120999081424273E-01
 0.300000E+00  0.157220332928724518E-01  0.127251350404183672E+00  0.477379006254286600E-01
 0.350000E+00  0.196147574384006561E-01  0.156070019162573820E+00  0.498528092602865056E-01
 0.400000E+00  0.248738153881699516E-01  0.194653617176090282E+00  0.551488207811562797E-01
 0.450000E+00  0.312314843273621377E-01  0.242737721550383950E+00  0.640299731945315753E-01
 0.500000E+00  0.380010364274905449E-01  0.297114605283656019E+00  0.750027950069424021E-01
 0.550000E+00  0.437878215381428057E-01  0.349418555111518703E+00  0.716773440259900751E-01
 0.600000E+00  0.478295515541012281E-01  0.393706900848396935E+00  0.632329094697722943E-01
 0.650000E+00  0.512012886464103881E-01  0.435163041858977861E+00  0.532884983138359122E-01
 0.700000E+00  0.555223474198457481E-01  0.482681763204019731E+00  0.448737595820083573E-01
 0.750000E+00  0.617812837577418408E-01  0.541814652244119621E+00  0.400007566333393308E-01
 0.800000E+00  0.695955183376534003E-01  0.610113688589056791E+00  0.394903225776459393E-01
 0.850000E+00  0.773667686356876716E-01  0.677823703931011989E+00  0.430802813977304647E-01
 0.900000E+00  0.832482012595433113E-01  0.733697021397776150E+00  0.497804565801591783E-01
 0.950000E+00  0.863435429219450573E-01  0.772566547608663612E+00  0.583860541672158728E-01
 0.100000E+01  0.874142635724594885E-01  0.800113528895671333E+00  0.677922531777569448E-01
 0.105000E+01  0.884735375985693795E-01  0.829384295782898073E+00  0.716986189228450144E-01
 0.110000E+01  0.918495383312100400E-01  0.875686076101241273E+00  0.707085358203935060E-01
 0.115000E+01  0.991368595641759776E-01  0.950159854775539658E+00  0.676439373346047756E-01
 0.120000E+01  0.110045700333067931E+00  0.105046399253897027E+01  0.651042478605798336E-01
 0.125000E+01  0.122444748607986084E+00  0.116058650956728870E+01  0.651032015640147094E-01
 0.130000E+01  0.133554839777947104E+00  0.125933276794621296E+01  0.688509924459716066E-01
 0.135000E+01  0.141573224475670584E+00  0.133263121090265502E+01  0.767123885101007458E-01
 0.140000E+01  0.146748749757438512E+00  0.138234222083234215E+01  0.883354711685458149E-01
 0.145000E+01  0.151262021353776421E+00  0.142611287784401131E+01  0.102913524739761231E+00
 0.150000E+01  0.157989566255877761E+00  0.148802527879316160E+01  0.118857622148363054E+00
 0.155000E+01  0.168436935198158749E+00  0.158255198738193004E+01  0.125240230926960905E+00
 0.160000E+01  0.182068036115731219E+00  0.170720576420124659E+01  0.125515422405886895E+00
 0.165000E+01  0.197168926502014258E+00  0.184657539931290193E+01  0.122471911173436393E+00
 0.170000E+01  0.211577966694979525E+00  0.197878695128922577E+01  0.118985945491237033E+00
 0.175000E+01  0.223873924804593560E+00  0.208756062401175813E+01  0.117511168639618441E+00
 0.180000E+01  0.234129926943412697E+00  0.217181812003609220E+01  0.119689233264106618E+00
 0.185000E+01  0.243787005333328782E+00  0.224691156940333903E+01  0.126161554218762934E+00
 0.190000E+01  0.254739568123991900E+00  0.233630053727247589E+01  0.136618567896330950E+00
 0.195000E+01  0.268203030039827428E+00  0.245818984864079093E+01  0.150069913950339917E+00
 0.200000E+01  0.284060428364949547E+00  0.261493054996549334E+01  0.163315692066891838E+00
 0.205000E+01  0.299942162406864554E+00  0.278311928839378364E+01  0.155318926163001969E+00
 0.210000E+01  0.313478142623212941E+00  0.293192810876733523E+01  0.141942509369969411E+00
 0.215000E+01  0.324346935370533940E+00  0.304587610440731238E+01  0.126089449627288103E+00
 0.220000E+01  0.333468416282041435E+00  0.312734457620350126E+01  0.110166614755706146E+00
 0.225000E+01  0.342235356222491294E+00  0.319481289098056775E+01  0.957772971406699453E-01
 0.230000E+01  0.351508612097697459E+00  0.327167619496639039E+01  0.836621964182373556E-01
 0.235000E+01  0.361005385083251140E+00  0.337172496682518519E+01  0.738717682305262413E-01
 0.240000E+01  0.369462116915552641E+00  0.348989911739734682E+01  0.660939535941290485E-01
 0.245000E+01  0.375470255430372157E+00  0.360443666279810371E+01  0.600274695020843671E-01
 0.250000E+01  0.378465274952283715E+00  0.369000235764371887E+01  0.561745343308667558E-01
 0.255000E+01  0.379456317169300950E+00  0.373282272925895509E+01  0.543691333230359661E-01
 0.260000E+01  0.380406551843490148E+00  0.374243161317061723E+01  0.490379700467086371E-01
 0.265000E+01  0.383333136603975777E+00  0.374984614712905406E+01  0.432193220452054619E-01
 0.270000E+01  0.389190457142636670E+00  0.378691100025741623E+01  0.393297722890309370E-01
 0.275000E+01  0.397140718589340469E+00  0.386466162529913504E+01  0.388625634613875559E-01
 0.280000E+01  0.404970094617758347E+00  0.396420283163503839E+01  0.422995782010809826E-01
 0.285000E+01  0.410396446231716283E+00  0.404681613534718476E+01  0.492437159194579199E-01
 0.290000E+01  0.412471155659444977E+00  0.407800998548806248E+01  0.587354778610802361E-01
 0.295000E+01  0.412225295028492034E+00  0.405076535248830272E+01  0.696827128695488712E-01
 0.300000E+01  0.412176346005504401E+00  0.399277567923320831E+01  0.799922753459965663E-01
 0.305000E+01  0.414230747264795196E+00  0.395339576205601695E+01  0.744589417243034929E-01
 0.310000E+01  0.419231436585258632E+00  0.397440376918533422E+01  0.637307916188017270E-01
 0.315000E+01  0.426965837982620333E+00  0.406505306224377350E+01  0.510809226459419466E-01
 0.320000E+01  0.435578798716646010E+00  0.419436053847144574E+01  0.391610034609309668E-01
 0.325000E+01  0.442510314145878325E+00  0.430754384428267212E+01  0.297039162050494014E-01
 0.330000E+01  0.445896562241265781E+00  0.435927179855769253E+01  0.234779929832346565E-01
 0.335000E+01  0.445595478767004560E+00  0.434304654064609696E+01  0.204748987032848731E-01
 0.340000E+01  0.443236312591890891E+00  0.429756416363649318E+01  0.202579914947321263E-01
 0.345000E+01  0.441286246819766248E+00  0.428487304650774625E+01  0.223657979863697391E-01
 0.350000E+01  0.441710137375694756E+00  0.435303402038681586E+01  0.271851793917853302E-01
 0.355000E+01  0.445216339298565911E+00  0.449948921565387572E+01  0.344258180519454240E-01
 0.360000E+01  0.450659712536585544E+00  0.467446531640007645E+01  0.367157143039930495E-01
 0.365000E+01  0.455929415787986014E+00  0.481245272099037358E+01  0.357773763088848687E-01
 0.370000E+01  0.459354985020233531E+00  0.486612770382354665E+01  0.333793596750137367E-01
 0.375000E+01  0.460542682413311089E+00  0.483556322274622108E+01  0.311648470372077359E-01
 0.380000E+01  0.460480045201824506E+00  0.476943928590548349E+01  0.305151962771129971E-01
 0.385000E+01  0.460870592570351845E+00  0.473644805139534508E+01  0.324742384227037773E-01
 0.390000E+01  0.463120219578022574E+00  0.478374405845299489E+01  0.377445625347744285E-01
 0.395000E+01  0.467590530606650678E+00  0.490801767563788793E+01  0.467509991191966193E-01
 0.400000E+01  0.473555602999562286E+00  0.505766926351592527E+01  0.591555661687347065E-01
 0.405000E+01  0.479387040829603039E+00  0.516553796521594144E+01  0.640975200465981054E-01
 0.410000E+01  0.483588854179812067E+00  0.518707780570142329E+01  0.632490272677690285E-01
 0.415000E+01  0.486174107756020879E+00  0.513019901609329132E+01  0.588822707703161863E-01
 0.420000E+01  0.488329222723465406E+00  0.505119687665715755E+01  0.533522051710947076E-01
 0.425000E+01  0.491542846389434240E+00  0.501963209073729377E+01  0.487757852714850379E-01
 0.430000E+01  0.496618843350905281E+00  0.507606190451798867E+01  0.467897102478993659E-01
 0.435000E+01  0.503172155428308510E+00  0.520816607872513249E+01  0.484241256443856058E-01
 0.440000E+01  0.509903787779460549E+00  0.535919607157355316E+01  0.541070809819338208E-01
 0.445000E+01  0.515475753737273390E+00  0.546295722666167816E+01  0.637919482187396664E-01
 0.450000E+01  0.519450978357767434E+00  0.548383454271045778E+01  0.769888733361388661E-01
 0.455000E+01  0.522534517298332002E+00  0.543439222448112602E+01  0.868452931419520929E-01
 0.460000E+01  0.526241252530899928E+00  0.536760093445812814E+01  0.921292866337845295E-01
 0.465000E+01  0.532375207177696375E+00  0.534893197367151085E+01  0.947113425457269398E-01
 0.470000E+01  0.541807758644670456E+00  0.541584802334271398E+01  0.964003852517580223E-01
 0.475000E+01  0.553852095428211344E+00  0.555654326076478267E+01  0.987490321496735518E-01
 0.480000E+01  0.566631710266488620E+00  0.571846300789189677E+01  0.102946030855190857E+00
 0.485000E+01  0.578209976885230126E+00  0.584040436301722110E+01  0.109810848219845353E+00
 0.490000E+01  0.587794774638156658E+00  0.588864736432156555E+01  0.119878990189737106E+00
 0.495000E+01  0.596294002873201778E+00  0.587609104617864375E+01  0.133542988346241343E+00
 0.500000E+01  0.605897227043212472E+00  0.585403517952646713E+01  0.149398799625130890E+00
 0.505000E+01  0.617824219736668012E+00  0.587334051669867563E+01  0.147730411860776623E+00
 0.510000E+01  0.632050318083673179E+00  0.595830379481765249E+01  0.141552543361997185E+00
 0.515000E+01  0.647805454265802716E+00  0.609762110172431537E+01  0.132748759119456078E+00
 0.520000E+01  0.663133193121768882E+00  0.624515771585696200E+01  0.122951901772100566E+00
 0.525000E+01  0.675896917283991039E+00  0.634714024385512765E+01  0.113426568340501896E+00
 0.530000E+01  0.684937579596667789E+00  0.637366725046507554E+01  0.105039151763847302E+00
 0.535000E+01  0.690685907457432413E+00  0.633558497248838304E+01  0.983139944171726315E-01
 0.540000E+01  0.694873211543137859E+00  0.627708869647457135E+01  0.935544520241498451E-01
 0.545000E+01  0.699533456433023892E+00  0.624928134620192299E+01  0.909957870863419560E-01
 0.550000E+01  0.705911626234629108E+00  0.628098788756004733E+01  0.898527213005246711E-01
 0.555000E+01  0.713229376279873040E+00  0.636202824586663418E+01  0.762740791941682317E-01
 0.560000E+01  0.719609742761280424E+00  0.645180923369838144E+01  0.577887483422422146E-01
 0.565000E+01  0.723711732571622801E+00  0.650754591084786771E+01  0.369695917787400893E-01
 0.570000E+01  0.724902547910428741E+00  0.650762826335198596E+01  0.158983493507193624E-01
 0.575000E+01  0.723409883987820246E+00  0.646265358315214122E+01 -0.400162205936959673E-02
 0.580000E+01  0.720017203039601150E+00  0.640759176076590720E+01 -0.219522832093770048E-01
 0.585000E+01  0.715512272015262352E+00  0.637971697666865900E+01 -0.376467475619138500E-01
 0.590000E+01  0.710235144526626838E+00  0.639569682350104873E+01 -0.509731094712698243E-01
 0.595000E+01  0.703994072125906589E+00  0.644205340439341967E+01 -0.617176780226024041E-01
 0.600000E+01  0.696379952090295906E+00  0.648512126192508731E+01 -0.670230369852894553E-01
 0.605000E+01  0.688454348376261516E+00  0.649687181334302188E+01 -0.521447394744165640E-01
 0.610000E+01  0.681391352906060122E+00  0.647152254564267349E+01 -0.401331055802210956E-01
 0.615000E+01  0.675779589396579783E+00  0.643075151423337665E+01 -0.293517351557438105E-01
 0.620000E+01  0.672210932613888645E+00  0.641164260965600352E+01 -0.183993218467423600E-01
 0.625000E+01  0.670808208795850569E+00  0.644206269131310805E+01 -0.625634223978358255E-02
 0.630000E+01  0.671089605545580836E+00  0.652257573790601786E+01  0.764835575979200960E-02
 0.635000E+01  0.672240421035152247E+00  0.662642420326493387E+01  0.234758911513124786E-01
 0.640000E+01  0.673622247615679570E+00  0.671752117035561280E+01  0.411209061630639083E-01
 0.645000E+01  0.675212427016515071E+00  0.677489287426398779E+01  0.604338501203536757E-01
 0.650000E+01  0.677723962425346382E+00  0.680789365215018716E+01  0.798353715359963190E-01
 0.655000E+01  0.681366421216521245E+00  0.684457633786437292E+01  0.820549911071281751E-01
 0.660000E+01  0.686293594521113492E+00  0.691819012955206958E+01  0.799759111852291621E-01
 0.665000E+01  0.692958297485029351E+00  0.705006112547604413E+01  0.760748970183914019E-01
 0.670000E+01  0.701047226212513586E+00  0.722960352768725745E+01  0.725462803223707042E-01
 0.675000E+01  0.709558283483006869E+00  0.741956275467731974E+01  0.710521406966282687E-01
 0.680000E+01  0.717329470078316933E+00  0.757829592649612405E+01  0.726371054517384873E-01
 0.685000E+01  0.723710437337480861E+00  0.768507808435824380E+01  0.778069889060015868E-01
 0.690000E+01  0.728985392364561946E+00  0.775281863161923468E+01  0.867243492955510342E-01
 0.695000E+01  0.734303398564467802E+00  0.782069076394812157E+01  0.994461637298078432E-01
 0.700000E+01  0.741161878618899705E+00  0.793155382709524925E+01  0.113874122769427516E+00
 0.705000E+01  0.749346800134074842E+00  0.809947285469921496E+01  0.105845755312564196E+00
 0.710000E+01  0.757625794917061390E+00  0.830391163923093245E+01  0.919520914072325252E-01
 0.715000E+01  0.765096420686725787E+00  0.850609790249760245E+01  0.743093266699667021E-01
 0.720000E+01  0.770610763839099766E+00  0.866501273627560309E+01  0.548784711577434275E-01
 0.725000E+01  0.773270762187947991E+00  0.875962353780957415E+01  0.353665985427228588E-01
 0.730000E+01  0.772841922045213070E+00  0.879962102488014963E+01  0.171997264908433575E-01
 0.735000E+01  0.769842790027536528E+00  0.881860274642110831E+01  0.155129270178323798E-02
 0.740000E+01  0.765263547617518358E+00  0.885411613080160542E+01 -0.106014600208369867E-01
 0.745000E+01  0.760092602901701553E+00  0.892666629534551603E+01 -0.184166579745819042E-01
 0.750000E+01  0.754939908421714878E+00  0.903009658694146466E+01 -0.199537934925641640E-01
 0.755000E+01  0.750487089190229328E+00  0.913954610758610997E+01 -0.115091577956585919E-01
 0.760000E+01  0.746749757300434913E+00  0.922401262993521165E+01 -0.702500853812835190E-02
 0.765000E+01  0.743520747435671980E+00  0.926780167329660287E+01 -0.416986039509379021E-02
 0.770000E+01  0.740967039854871667E+00  0.927978980872702408E+01 -0.977134919827631326E-03
 0.775000E+01  0.739356885726748625E+00  0.928567891502746967E+01  0.399031720021308239E-02
 0.780000E+01  0.738785249059292437E+00  0.931226179198551840E+01  0.115898905387901464E-01
 0.785000E+01  0.739084244088386244E+00  0.937306408921032386E+01  0.221623067242780886E-01
 0.790000E+01  0.739974926625935225E+00  0.946280910628327732E+01  0.356886648163039499E-01
 0.795000E+01  0.741354984110324411E+00  0.956261438512700046E+01  0.520063037882642354E-01
 0.800000E+01  0.743529352341296579E+00  0.965220470537379427E+01  0.702000321230842883E-01
 0.805000E+01  0.746648670108461809E+00  0.971806224485079184E+01  0.785070288506364983E-01
 0.810000E+01  0.750823396677537391E+00  0.976098399072554734E+01  0.815669663417553231E-01
 0.815000E+01  0.756497670895383112E+00  0.979887653622792421E+01  0.814811926132347070E-01
 0.820000E+01  0.763731063340053029E+00  0.985307298528631570E+01  0.804313257417893918E-01
 0.825000E+01  0.772005142632477548E+00  0.993480347687430232E+01  0.803384208483071960E-01
 0.830000E+01  0.780414038431066825E+00  0.100384110885017961E+02  0.825618486499373472E-01
 0.835000E+01  0.788112798707933271E+00  0.101452802850354189E+02  0.877091657438795747E-01
 0.840000E+01  0.794750430949200504E+00  0.102358297847237214E+02  0.956135319978045073E-01
 0.845000E+01  0.800631329021460503E+00  0.103020299201801890E+02  0.105503030664174768E+00
 0.850000E+01  0.806526153896175102E+00  0.103528920801113582E+02  0.115674369584499767E+00
 0.855000E+01  0.812813070464863840E+00  0.104041638349358188E+02  0.115572531540028500E+00
 0.860000E+01  0.819484103238774741E+00  0.104724455391665217E+02  0.109223740815382969E+00
 0.865000E+01  0.826637137529577348E+00  0.105696576340063260E+02  0.994821772627140916E-01
 0.870000E+01  0.834096442993533027E+00  0.106919032773934752E+02  0.891599722260192490E-01
 0.875000E+01  0.841425718371588083E+00  0.108219177244957141E+02  0.806188749963801798E-01
 0.880000E+01  0.848123869365477567E+00  0.109401573070923916E+02  0.755135720865382082E-01
 0.885000E+01  0.853880476142568456E+00  0.110375318991222038E+02  0.747178528120715640E-01
 0.890000E+01  0.858744123243422974E+00  0.111217686820109911E+02  0.784175731845986462E-01
 0.895000E+01  0.863127251567527454E+00  0.112133933621949460E+02  0.863223169119032852E-01
 0.900000E+01  0.867670327888333315E+00  0.113340442163675323E+02  0.969276431950259060E-01
 0.905000E+01  0.872415529479860008E+00  0.114908016059030587E+02  0.965160461008598702E-01
 0.910000E+01  0.877254449114732382E+00  0.116743403837049780E+02  0.915921287932522227E-01
 0.915000E+01  0.882566104700407639E+00  0.118671342385037359E+02  0.846921577866650011E-01
 0.920000E+01  0.888454424580114477E+00  0.120490301842727234E+02  0.779568879252319352E-01
 0.925000E+01  0.894484309126333033E+00  0.122063404087916112E+02  0.728262704589553306E-01
 0.930000E+01  0.899764997019460666E+00  0.123379403075026861E+02  0.699049535425045609E-01
 0.935000E+01  0.903358576967685067E+00  0.124554186853469169E+02  0.690272473241881485E-01
 0.940000E+01  0.904793471458873899E+00  0.125776784843678247E+02  0.695098011520640380E-01
 0.945000E+01  0.904386050152759968E+00  0.127230588372262492E+02  0.705387813885935688E-01
 0.950000E+01  0.903175146544850427E+00  0.129027045671792973E+02  0.705528759141045847E-01
 0.955000E+01  0.901935109531675883E+00  0.131127351722947356E+02  0.586755894733703570E-01
 0.960000E+01  0.901490883116423558E+00  0.133426591545892084E+02  0.447918251058442227E-01
 0.965000E+01  0.902573742661092915E+00  0.135826645793332546E+02  0.320765854316802587E-01
 0.970000E+01  0.904812360260109805E+00  0.138211199551238391E+02  0.229743640551138065E-01
 0.975000E+01  0.906879333780990171E+00  0.140475213802338779E+02  0.188891366480616642E-01
 0.980000E+01  0.907285312434356839E+00  0.142572547766093187E+02  0.201351809924939264E-01
 0.985000E+01  0.905329024910114466E+00  0.144555787791174808E+02  0.261435560045561836E-01
 0.990000E+01  0.901615106708539393E+00  0.146572123813947446E+02  0.358553296835801699E-01
 0.995000E+01  0.897827375476609402E+00  0.148802424984608308E+02  0.481872483693287293E-01
 0.100000E+02  0.895908905121731380E+00  0.151373709210383485E+02  0.616881819467104756E-01
 0.100500E+02  0.896645062506840507E+00  0.154254375094105818E+02  0.656361844151914370E-01
 0.101000E+02  0.899546625146898537E+00  0.157297965611737904E+02  0.647362105000518634E-01
 0.101500E+02  0.903602631265905232E+00  0.160351554908592675E+02  0.614438903879718987E-01
 0.102000E+02  0.907497428074953039E+00  0.163298942073765403E+02  0.581163711318619033E-01
 0.102500E+02  0.910248223325602401E+00  0.166111762039727040E+02  0.567103298422242871E-01
 0.103000E+02  0.911653612222068310E+00  0.168856037734432114E+02  0.585705869873767576E-01
 0.103500E+02  0.912309716307310725E+00  0.171654719027340228E+02  0.643290472587658702E-01
 0.104000E+02  0.913208290194385874E+00  0.174628886374699590E+02  0.739244548983733485E-01
 0.104500E+02  0.915168610340816202E+00  0.177843707922881542E+02  0.867453753525287835E-01
 0.105000E+02  0.918443329908308792E+00  0.181279282484089030E+02  0.101145600545308870E+00
 0.105500E+02  0.922212874688550621E+00  0.184793515339965353E+02  0.104714930805604220E+00
 0.106000E+02  0.925421025034826816E+00  0.188213963985649606E+02  0.101511529849643040E+00
 0.106500E+02  0.928097532282127657E+00  0.191474466067935261E+02  0.949411420006429363E-01
 0.107000E+02  0.930978090742915376E+00  0.194620877350803845E+02  0.881974665949128434E-01
 0.107500E+02  0.934901294311028530E+00  0.197785319533907078E+02  0.837298349103398898E-01
 0.108000E+02  0.940167160788141332E+00  0.201112065717756892E+02  0.829309576755378752E-01
 0.108500E+02  0.946249662739322761E+00  0.204674589831054305E+02  0.861143639174689335E-01
 0.109000E+02  0.952046477910857059E+00  0.208438806866690740E+02  0.927692787237216626E-01
 0.109500E+02  0.956535929615745739E+00  0.212301273519440272E+02  0.102006449160475104E+00
 0.110000E+02  0.959459295054310490E+00  0.216179024586535000E+02  0.112325718767248492E+00
 0.110500E+02  0.961182315686534561E+00  0.220024810081797888E+02  0.113809107477728599E+00
 0.111000E+02  0.963018054431080683E+00  0.223900397184515789E+02  0.112638622946719488E+00
 0.111500E+02  0.966956619321928557E+00  0.227993315460295811E+02  0.112077604269139638E+00
 0.112000E+02  0.974036430766257788E+00  0.232446970651732627E+02  0.114274554317150084E+00
 0.112500E+02  0.983573262135718829E+00  0.237250485013175627E+02  0.119986219924038309E+00
 0.113000E+02  0.993479316711950888E+00  0.242216410210696651E+02  0.128693428787898301E+00
 0.113500E+02  0.100147288347419194E+01  0.247059593431192326E+02  0.139072723216135397E+00
 0.114000E+02  0.100645248524850461E+01  0.251537432631316200E+02  0.149688125701687935E+00
 0.114500E+02  0.100921898454514603E+01  0.255577171780885131E+02  0.159703298070521971E+00
 0.115000E+02  0.101212676103989385E+01  0.259318308138504641E+02  0.166402308770141366E+00
 0.115500E+02  0.101622427717044950E+01  0.262956157450420740E+02  0.143444793980407770E+00
 0.116000E+02  0.102195799624661277E+01  0.266688471746013143E+02  0.118521535727897045E+00
 0.116500E+02  0.102947415524469399E+01  0.270653433610068426E+02  0.954461447664959051E-01
 0.117000E+02  0.103708281087849108E+01  0.274784503975974239E+02  0.766262217751640801E-01
 0.117500E+02  0.104213666834186314E+01  0.278842251135564361E+02  0.628861547998710996E-01
 0.118000E+02  0.104249694848421415E+01  0.282539587261789151E+02  0.536891034565064110E-01
 0.118500E+02  0.103771656479894414E+01  0.285679780402096171E+02  0.476568478786279712E-01
 0.119000E+02  0.102926584913352959E+01  0.288232556983441128E+02  0.432240820722847655E-01
 0.119500E+02  0.101971713386249507E+01  0.290320085296365029E+02  0.392509410623797517E-01
 0.120000E+02  0.101141619093602619E+01  0.292135627309614954E+02  0.368769830258800571E-01
 0.120500E+02  0.100614507400711828E+01  0.293878651579343959E+02  0.431444280972350380E-01
 0.121000E+02  0.100398900623904730E+01  0.295653036961979829E+02  0.446417547603973203E-01
 0.121500E+02  0.100377206483018111E+01  0.297443888921442223E+02  0.458088526757995940E-01
 0.122000E+02  0.100435246169387438E+01  0.299169315794965804E+02  0.501869933615238586E-01
 0.122500E+02  0.100508976180311671E+01  0.300740356987765018E+02  0.598445093012445681E-01
 0.123000E+02  0.100599234792086767E+01  0.302126996560012557E+02  0.751744672734193792E-01
 0.123500E+02  0.100750175013011090E+01  0.303391215408581658E+02  0.950941856247027040E-01
 0.124000E+02  0.101009038749365465E+01  0.304670245521829521E+02  0.117579196747543024E+00
 0.124500E+02  0.101395629041764002E+01  0.306127098564316888E+02  0.140384345541501587E+00
 0.125000E+02  0.101901572975465560E+01  0.307903687611658157E+02  0.158962357546987787E+00
 0.125500E+02  0.102362512356116664E+01  0.309943405925140993E+02  0.146646567374359327E+00
 0.126000E+02  0.102699141004912331E+01  0.312151108313268963E+02  0.129281152769131991E+00
 0.126500E+02  0.103038615516663135E+01  0.314542989564551476E+02  0.111655357230785318E+00
 0.127000E+02  0.103496882362167830E+01  0.317112854747518931E+02  0.975378441324086104E-01
 0.127500E+02  0.104087996828693852E+01  0.319809345145368376E+02  0.891267097522809304E-01
 0.128000E+02  0.104700849282604858E+01  0.322537825021040305E+02  0.869125246870679352E-01
 0.128500E+02  0.105158730515213339E+01  0.325188040732698624E+02  0.899517356948307950E-01
 0.129000E+02  0.105326106370120409E+01  0.327674019865353969E+02  0.964519094824747569E-01
 0.129500E+02  0.105198439739223537E+01  0.329969686948633552E+02  0.104508636344235961E+00
 0.130000E+02  0.104921355154590668E+01  0.332129471505169178E+02  0.111423071919888372E+00
 0.130500E+02  0.104647003569562647E+01  0.334270638080135427E+02  0.101200590470819737E+00
 0.131000E+02  0.104518400755284913E+01  0.336523247652720698E+02  0.853318806630054272E-01
 0.131500E+02  0.104639465767972939E+01  0.338989154123969740E+02  0.675173955360609257E-01
 0.132000E+02  0.104944812034482648E+01  0.341667643136923971E+02  0.509496998640423179E-01
 0.132500E+02  0.105228294410492618E+01  0.344427544118583739E+02  0.379599276406628813E-01
 0.133000E+02  0.105256248059966206E+01  0.347046385810715421E+02  0.298787899425783030E-01
 0.133500E+02  0.104896189715265531E+01  0.349298672993310362E+02  0.271118695627018402E-01
 0.134000E+02  0.104186992768050368E+01  0.351052670346535294E+02  0.293839752070072999E-01
 0.134500E+02  0.103313287591006930E+01  0.352336015070655506E+02  0.360773863439202772E-01
 0.135000E+02  0.102503992156409973E+01  0.353343786333355681E+02  0.458368027888479967E-01
 0.135500E+02  0.101863768588985937E+01  0.354280496351504013E+02  0.464736795352537480E-01
 0.136000E+02  0.101339429238782874E+01  0.355341441012825285E+02  0.414240154670930810E-01
 0.136500E+02  0.100826150737461773E+01  0.356708171903101317E+02  0.332762772858880840E-01
 0.137000E+02  0.100211364837710493E+01  0.358408606554307525E+02  0.245843287783438919E-01
 0.137500E+02  0.994407468960582075E+00  0.360304282248971219E+02  0.174505336641894333E-01
 0.138000E+02  0.985456866736290515E+00  0.362140337365854847E+02  0.132465311813961331E-01
 0.138500E+02  0.976165936150964697E+00  0.363647254591518561E+02  0.125258941311387345E-01
 0.139000E+02  0.967422635749861759E+00  0.364651559437249517E+02  0.151356958230797860E-01
 0.139500E+02  0.959572609807605503E+00  0.365124571436113996E+02  0.204865220181527814E-01
 0.140000E+02  0.952326265582518761E+00  0.365156833386059816E+02  0.280456192026019638E-01
 0.140500E+02  0.945090343012826350E+00  0.364903408682560553E+02  0.326913850796170247E-01
 0.141000E+02  0.937291226981513348E+00  0.364479189719837393E+02  0.302813618763901858E-01
 0.141500E+02  0.929294087815032976E+00  0.363968954199921413E+02  0.239631338623527250E-01
 0.142000E+02  0.922213627753300402E+00  0.363449155945967348E+02  0.170118761847524273E-01
 0.142500E+02  0.917055369042807711E+00  0.362979057384744195E+02  0.123876365512734787E-01
 0.143000E+02  0.913938815715798270E+00  0.362583640746673268E+02  0.123516937481648915E-01
 0.143500E+02  0.911913457987228671E+00  0.362246806531682566E+02  0.182127984520333436E-01
 0.144000E+02  0.909511160095273108E+00  0.361924908342977290E+02  0.302504301662447905E-01
 0.144500E+02  0.905700800533354222E+00  0.361575100381758929E+02  0.478302011855678763E-01
 0.145000E+02  0.900647352536413037E+00  0.361182461646132964E+02  0.679317746229049085E-01
 0.145500E+02  0.894684120006316030E+00  0.360696854025795162E+02  0.685927059653295701E-01
 0.146000E+02  0.888704477385239833E+00  0.360082474191756248E+02  0.621644967197605633E-01
 0.146500E+02  0.884513959926342297E+00  0.359391534800961168E+02  0.522104468939831590E-01
 0.147000E+02  0.882972228779888901E+00  0.358684724343197274E+02  0.422998136554968984E-01
 0.147500E+02  0.883338065168561837E+00  0.357989335567163565E+02  0.353311071674117724E-01
 0.148000E+02  0.883603472244958499E+00  0.357276449808788215E+02  0.330624578551898807E-01
 0.148500E+02  0.881622282848733896E+00  0.356473573771037024E+02  0.359489872159659898E-01
 0.149000E+02  0.876361577133990988E+00  0.355504977123426755E+02  0.433073376309761476E-01
 0.149500E+02  0.868535879319917825E+00  0.354334791795826050E+02  0.537509801179057792E-01
 0.150000E+02  0.860264998227497357E+00  0.352996123175692134E+02  0.645340581581732020E-01
 0.150500E+02  0.853228011283394538E+00  0.351563916195285628E+02  0.594905567689680281E-01
 0.151000E+02  0.848388899488048853E+00  0.350147415046030801E+02  0.484538335561163006E-01
 0.151500E+02  0.846141897581441205E+00  0.348866988945884344E+02  0.355203101035746482E-01
 0.152000E+02  0.845432980138123180E+00  0.347759836093759418E+02  0.240842594264561727E-01
 0.152500E+02  0.844247053917380752E+00  0.346752067567933437E+02  0.164518002513463699E-01
 0.153000E+02  0.840725168940226197E+00  0.345696504014471415E+02  0.137300633000746203E-01
 0.153500E+02  0.834224482170549453E+00  0.344450833709358264E+02  0.159820960073951343E-01
 0.154000E+02  0.825685585055298321E+00  0.342952538225537538E+02  0.225790840745213016E-01
 0.154500E+02  0.817109468655217053E+00  0.341253624562927058E+02  0.326482953163004103E-01
 0.155000E+02  0.810489414031393074E+00  0.339500270063862004E+02  0.444637345844182269E-01
 0.155500E+02  0.806192940609618214E+00  0.337795721472905157E+02  0.444884166380693155E-01
 0.156000E+02  0.803270588795234164E+00  0.336184678805300052E+02  0.399876173539883972E-01
 0.156500E+02  0.800642091552060675E+00  0.334692937854030035E+02  0.336847224119760300E-01
 0.157000E+02  0.797289289853671979E+00  0.333281738063110993E+02  0.279515338517522076E-01
 0.157500E+02  0.792767056774626333E+00  0.331878400609513022E+02  0.244579816654073232E-01
 0.158000E+02  0.787350513069244973E+00  0.330417628090382038E+02  0.240035157883585586E-01
 0.158500E+02  0.781734707584351152E+00  0.328871790735776912E+02  0.265543388064527729E-01
 0.159000E+02  0.776506252760612692E+00  0.327260640500091640E+02  0.314659818059491517E-01
 0.159500E+02  0.771758081012965946E+00  0.325639664484662461E+02  0.378330477176790636E-01
 0.160000E+02  0.767117825227933481E+00  0.324073307349182187E+02  0.448212181267325233E-01
 0.160500E+02  0.762054881707825871E+00  0.322599937143374476E+02  0.467110056111688723E-01
 0.161000E+02  0.756332627654601408E+00  0.321208570769189663E+02  0.417728700620098245E-01
 0.161500E+02  0.750553852999247040E+00  0.319860681441728012E+02  0.328203443212918139E-01
 0.162000E+02  0.745711871641185797E+00  0.318505465326568711E+02  0.228361447960822687E-01
 0.162500E+02  0.742437113151675043E+00  0.317095261171475755E+02  0.146354786275991119E-01
 0.163000E+02  0.740484552301992727E+00  0.315596808091592962E+02  0.105592306517390475E-01
 0.163500E+02  0.738804285289435647E+00  0.313998261478562917E+02  0.122498405972113374E-01
 0.164000E+02  0.736182418537856043E+00  0.312312892316515942E+02  0.205501503974914665E-01
 0.164500E+02  0.732078120831398560E+00  0.310578723129212513E+02  0.355446640745350970E-01
 0.165000E+02  0.727147076662402303E+00  0.308856344105432825E+02  0.555906294186001224E-01
 0.165500E+02  0.722252304772955211E+00  0.307158784989197038E+02  0.625617808222528604E-01
 0.166000E+02  0.718034058120392338E+00  0.305468636970310570E+02  0.611381744247151346E-01
 0.166500E+02  0.715360598979053575E+00  0.303825381825932830E+02  0.540230038565713971E-01
 0.167000E+02  0.714351796245253357E+00  0.302262091932022550E+02  0.445370913496006618E-01
 0.167500E+02  0.714178999783064650E+00  0.300762466512536939E+02  0.360049692060264506E-01
 0.168000E+02  0.713487109025593980E+00  0.299248639953126485E+02  0.311999542515081912E-01
 0.168500E+02  0.711193357240972102E+00  0.297614630613347764E+02  0.319672320040665855E-01
 0.169000E+02  0.707173827181658332E+00  0.295789424102814884E+02  0.390878088301841800E-01
 0.169500E+02  0.702412819215740392E+00  0.293793170856497561E+02  0.523839174850027900E-01
 0.170000E+02  0.698526848910155040E+00  0.291751947217955134E+02  0.698410842905438922E-01
 0.170500E+02  0.696135727053653453E+00  0.289792229780293233E+02  0.737506637254998904E-01
 0.171000E+02  0.694743751389949371E+00  0.288025193606277554E+02  0.698937950041939732E-01
 0.171500E+02  0.693888464799716442E+00  0.286550676084836518E+02  0.607513340609841662E-01
 0.172000E+02  0.692968730428818569E+00  0.285372081316698996E+02  0.490648087270286193E-01
 0.172500E+02  0.691544955962826835E+00  0.284408186703930248E+02  0.375094559914204984E-01
 0.173000E+02  0.689562317112117906E+00  0.283551440355215725E+02  0.284124552302467449E-01
 0.173500E+02  0.687335741380704746E+00  0.282733610896372980E+02  0.235546565889772942E-01
 0.174000E+02  0.685311767718792653E+00  0.281960682848219086E+02  0.240790425341423607E-01
 0.174500E+02  0.683785961607999648E+00  0.281301337057635372E+02  0.305122998003141445E-01
 0.175000E+02  0.682792001146779515E+00  0.280842355579736918E+02  0.430331064968026630E-01
 0.175500E+02  0.682146607548171358E+00  0.280619819194402957E+02  0.555096319640862659E-01
 0.176000E+02  0.681306525780378314E+00  0.280579718153601618E+02  0.620217136699367441E-01
 0.176500E+02  0.680297837879709211E+00  0.280647011711331800E+02  0.646439872387526565E-01
 0.177000E+02  0.679794744994191902E+00  0.280761758339159293E+02  0.656239222366045566E-01
 0.177500E+02  0.680566632757278023E+00  0.280901239041655231E+02  0.670380039715486320E-01
 0.178000E+02  0.682861839685850125E+00  0.281078282834101145E+02  0.704877805401543794E-01
 0.178500E+02  0.686121703421061602E+00  0.281319835901559401E+02  0.769094131790564878E-01
 0.179000E+02  0.689236504808213413E+00  0.281643955588310710E+02  0.865457640725347949E-01
 0.179500E+02  0.691220002057024385E+00  0.282053417134807809E+02  0.990907763961636212E-01
 0.180000E+02  0.691904801096492661E+00  0.282551180195617988E+02  0.112224657338630351E+00
 0.180500E+02  0.691127683770095147E+00  0.283074134633923684E+02  0.105477140948689263E+00
 0.181000E+02  0.689422835630341790E+00  0.283586166384875256E+02  0.920994862416059795E-01
 0.181500E+02  0.688488652247416177E+00  0.284165267492368194E+02  0.759219066982701057E-01
 0.182000E+02  0.689355576953721405E+00  0.284892085455544191E+02  0.605379958399289084E-01
 0.182500E+02  0.691635535693378212E+00  0.285788965145334544E+02  0.487394969917927176E-01
 0.183000E+02  0.693695786608415021E+00  0.286790635566645911E+02  0.421500944881257819E-01
 0.183500E+02  0.693643531318443807E+00  0.287766112143603010E+02  0.411353677637701295E-01
 0.184000E+02  0.690507667862861996E+00  0.288586722049423052E+02  0.450033744603910296E-01
 0.184500E+02  0.684884679903440152E+00  0.289206644868039540E+02  0.524440631447465819E-01
 0.185000E+02  0.678663070527721901E+00  0.289707685325284352E+02  0.615514827340818971E-01
 0.185500E+02  0.673710217096622821E+00  0.290259240520295094E+02  0.633868670026538350E-01
 0.186000E+02  0.671289435077447649E+00  0.291063176607194585E+02  0.619857614658185022E-01
 0.186500E+02  0.671716267977711556E+00  0.292280047925678943E+02  0.601038706894972755E-01
 0.187000E+02  0.673842416315489579E+00  0.293921913740215643E+02  0.596153545038667979E-01
 0.187500E+02  0.675664113307592018E+00  0.295832833042608314E+02  0.613496609363206394E-01
 0.188000E+02  0.675463137590516127E+00  0.297760429864894363E+02  0.651962384202561251E-01
 0.188500E+02  0.672769326289548220E+00  0.299476898517664551E+02  0.704469387447135553E-01
 0.189000E+02  0.668590451325183799E+00  0.300878687944840237E+02  0.762920084781519847E-01
 0.189500E+02  0.664831744344851039E+00  0.302010189123629615E+02  0.823495602231999330E-01
 0.190000E+02  0.663304522072790892E+00  0.303009700929931434E+02  0.884661009400877218E-01
 0.190500E+02  0.664565104988747435E+00  0.303983094669951335E+02  0.873324809026789634E-01
 0.191000E+02  0.668049727122970727E+00  0.304977578454657241E+02  0.840149923800878329E-01
 0.191500E+02  0.672532890768199554E+00  0.306003347598413313E+02  0.807555508175223646E-01
 0.192000E+02  0.676454026076000359E+00  0.307020595998249597E+02  0.791372173622663239E-01
 0.192500E+02  0.678753000104287518E+00  0.307979271510180901E+02  0.800696140969968384E-01
 0.193000E+02  0.679444063535467158E+00  0.308859329613530207E+02  0.839123053308539202E-01
 0.193500E+02  0.679578132752714392E+00  0.309686747645668490E+02  0.907012551471604866E-01
 0.194000E+02  0.680622033724453512E+00  0.310515584727747935E+02  0.100418851577896512E+00
 0.194500E+02  0.683644670849634872E+00  0.311388000118549577E+02  0.113239757514817338E+00
 0.195000E+02  0.688823531828493651E+00  0.312302144650889169E+02  0.128372999471828009E+00
 0.195500E+02  0.694719987404697203E+00  0.313124459361235274E+02  0.130241817071312327E+00
 0.196000E+02  0.699500822858860172E+00  0.313714785897902928E+02  0.127573971238402140E+00
 0.196500E+02  0.702595905365368978E+00  0.314061099326397617E+02  0.122387008394805666E+00
 0.197000E+02  0.704475742940320337E+00  0.314227138653837130E+02  0.116505648430784536E+00
 0.197500E+02  0.706275337167877382E+00  0.314318990116316641E+02  0.111290815293262499E+00
 0.198000E+02  0.709019033563628498E+00  0.314430156038911903E+02  0.107512135297045106E+00
 0.198500E+02  0.712933563986382746E+00  0.314597176187558496E+02  0.105387362307074975E+00
 0.199000E+02  0.717291430320360690E+00  0.314792268333596148E+02  0.104768589785494221E+00
 0.199500E+02  0.720894441115466300E+00  0.314956647228986704E+02  0.105418004867228368E+00
 0.200000E+02  0.722899377180599600E+00  0.315053032780792961E+02  0.106372228947877345E+00
 0.200500E+02  0.722892621642114208E+00  0.315059786559591188E+02  0.961054868210829555E-01
 0.201000E+02  0.721437651138105873E+00  0.315025951497669219E+02  0.811181093914654650E-01
 0.201500E+02  0.720008624758109561E+00  0.315067424725531389E+02  0.638089729431565722E-01
 0.202000E+02  0.719534711926089199E+00  0.315255922017414179E+02  0.462984657716892789E-01
 0.202500E+02  0.719680283294933165E+00  0.315565526343544533E+02  0.302696229841919531E-01
 0.203000E+02  0.718966866246587122E+00  0.315873894871815430E+02  0.169250084244606143E-01
 0.203500E+02  0.715655938307575679E+00  0.316014921089532983E+02  0.705405813999525171E-02
 0.204000E+02  0.708853758211492102E+00  0.315853755671078602E+02  0.117828268755580797E-02
 0.204500E+02  0.699168732039264773E+00  0.315345165750180314E+02 -0.274568717731826111E-03
 0.205000E+02  0.688526816315870649E+00  0.314547630996336558E+02  0.396115860152813741E-02
 0.205500E+02  0.679561822864136245E+00  0.313602733419282771E+02  0.150709978161569520E-01
 0.206000E+02  0.673727342681389452E+00  0.312641569629995892E+02  0.227755092935608902E-01
 0.206500E+02  0.670750736521887880E+00  0.311722810927741314E+02  0.287254068307132050E-01
 0.207000E+02  0.669142739665801511E+00  0.310811135724278920E+02  0.343575940538680749E-01
 0.207500E+02  0.667022274479925903E+00  0.309798355824228686E+02  0.407489184882693020E-01
 0.208000E+02  0.663225432031915973E+00  0.308575529792634775E+02  0.485765153890739196E-01
 0.208500E+02  0.658021844980510306E+00  0.307113050164519947E+02  0.581911632538563289E-01
 0.209000E+02  0.653003490743881532E+00  0.305503126011399289E+02  0.697806520038877220E-01
 0.209500E+02  0.650225850023721130E+00  0.303940979617730846E+02  0.835779844277491635E-01
 0.210000E+02  0.651138512357910537E+00  0.302652664031652066E+02  0.980109268637827519E-01
 0.210500E+02  0.654729426947365689E+00  0.301691433100118118E+02  0.923127080222905377E-01
 0.211000E+02  0.658830128098991663E+00  0.300979812972630647E+02  0.829114467838312219E-01
 0.211500E+02  0.661913229124413416E+00  0.300410113263412200E+02  0.722796784649318014E-01
 0.212000E+02  0.662939866331922145E+00  0.299815285310562381E+02  0.622608448575059162E-01
 0.212500E+02  0.661752975919950415E+00  0.299049890973160970E+02  0.539546398666267690E-01
 0.213000E+02  0.658991491263567486E+00  0.298061193561323776E+02  0.477841215080387419E-01
 0.213500E+02  0.655603652354999955E+00  0.296910192334883263E+02  0.437197592221184317E-01
 0.214000E+02  0.652279321269587542E+00  0.295731705081149663E+02  0.416002372413948954E-01
 0.214500E+02  0.649157182764819263E+00  0.294659638186857329E+02  0.414670150146204120E-01
 0.215000E+02  0.645976386352676957E+00  0.293764407763988338E+02  0.448235925533868734E-01
 0.215500E+02  0.642981157493083377E+00  0.293060739488640536E+02  0.551766575079601015E-01
 0.216000E+02  0.640485060626096003E+00  0.292492560600477844E+02  0.614200023872756989E-01
 0.216500E+02  0.638955715871885821E+00  0.291982624084349176E+02  0.662363807008917449E-01
 0.217000E+02  0.639066504256782686E+00  0.291480720687941499E+02  0.717239526550428053E-01
 0.217500E+02  0.641117120206694202E+00  0.290969022273557520E+02  0.791471863057154057E-01
 0.218000E+02  0.644756966265447096E+00  0.290462642426577133E+02  0.889180329329279234E-01
 0.218500E+02  0.649166455118977193E+00  0.290004822130630515E+02  0.100798218005089341E+00
 0.219000E+02  0.653569781799175797E+00  0.289653878850247111E+02  0.114257970936869069E+00
 0.219500E+02  0.657766582839946934E+00  0.289465919102315787E+02  0.128888697576945349E+00
 0.220000E+02  0.662372273662431121E+00  0.289484330556321581E+02  0.142946100824690642E+00
 0.220500E+02  0.667569890283383982E+00  0.289683497606510052E+02  0.138482716536738215E+00
 0.221000E+02  0.673661264880947241E+00  0.290011985610453991E+02  0.130617288722749331E+00
 0.221500E+02  0.681238090727801171E+00  0.290443655376684227E+02  0.121791438239558431E+00
 0.222000E+02  0.689868080746051437E+00  0.290930566126262313E+02  0.113868835828356857E+00
 0.222500E+02  0.698203415126893878E+00  0.291406623437108223E+02  0.108066096468124068E+00
 0.223000E+02  0.704712951026063239E+00  0.291811906599939945E+02  0.105038605638473975E+00
 0.223500E+02  0.708592288034463169E+00  0.292125319945046087E+02  0.105066628330170789E+00
 0.224000E+02  0.710301726770165454E+00  0.292387623378306039E+02  0.108274792364838265E+00
 0.224500E+02  0.711404394447318511E+00  0.292701803654285619E+02  0.114825517226119639E+00
 0.225000E+02  0.713799540392072607E+00  0.293207547473936359E+02  0.123714194166206867E+00
 0.225500E+02  0.717976474050275426E+00  0.293951721517838749E+02  0.119552257368402831E+00
 0.226000E+02  0.723176608941078491E+00  0.294916491655256898E+02  0.111602832544395389E+00
 0.226500E+02  0.728314837748064714E+00  0.296075013462996459E+02  0.101755384599405113E+00
 0.227000E+02  0.731998528437597162E+00  0.297341831202403313E+02  0.916469392796738086E-01
 0.227500E+02  0.733268247695020303E+00  0.298610686300691341E+02  0.825159539574584489E-01
 0.228000E+02  0.732102230241491125E+00  0.299802757840209821E+02  0.751533385895316458E-01
 0.228500E+02  0.729376945249874509E+00  0.300895311630510811E+02  0.699539583715051982E-01
 0.229000E+02  0.726331020504952130E+00  0.301916964325665838E+02  0.670520295117351950E-01
 0.229500E+02  0.723890655564611740E+00  0.302919828567782865E+02  0.665074891841887783E-01
 0.230000E+02  0.722287131926228398E+00  0.303953074967578836E+02  0.687896976312157432E-01
 0.230500E+02  0.721267047794683758E+00  0.305053898451153316E+02  0.720440883337990917E-01
 0.231000E+02  0.720323841982457136E+00  0.306232660916111499E+02  0.719740711574589492E-01
 0.231500E+02  0.719371498488931005E+00  0.307514938441220913E+02  0.710828116480252126E-01
 0.232000E+02  0.718846886879928371E+00  0.308940492542478893E+02  0.713200447219474176E-01
 0.232500E+02  0.719280532733074018E+00  0.310537662551943434E+02  0.738717753547817879E-01
 0.233000E+02  0.720841601902293294E+00  0.312304722067650928E+02  0.791300268616751679E-01
 0.233500E+02  0.723147133301936584E+00  0.314208288237208428E+02  0.868446138726152866E-01
 0.234000E+02  0.725463451706304108E+00  0.316199223120891517E+02  0.964207711793867162E-01
 0.234500E+02  0.727186640161872622E+00  0.318237865140140030E+02  0.107293648239021683E+00
 0.235000E+02  0.728317186652114756E+00  0.320317686126648411E+02  0.117357368426293837E+00
 0.235500E+02  0.728489935618058859E+00  0.322362374361792590E+02  0.106701016663166559E+00
 0.236000E+02  0.727886789293717640E+00  0.324315579107484808E+02  0.913317987532282632E-01
 0.236500E+02  0.727713340000613940E+00  0.326235403264144921E+02  0.746697094919264170E-01
 0.237000E+02  0.728595929353006322E+00  0.328173033079990404E+02  0.597555278428802891E-01
 0.237500E+02  0.730137665972577454E+00  0.330130648892364320E+02  0.488542466085799335E-01
 0.238000E+02  0.731119042502872962E+00  0.332053532278936032E+02  0.432408925285688514E-01
 0.238500E+02  0.730214481953399996E+00  0.333859775939173531E+02  0.432072526816756758E-01
 0.239000E+02  0.726809939705530428E+00  0.335491440446141596E+02  0.482807393918365663E-01
 0.239500E+02  0.721459168520784955E+00  0.336960436462212201E+02  0.576019498906241711E-01
 0.240000E+02  0.715732580908978289E+00  0.338362528715248843E+02  0.701934829597393450E-01
 0.240500E+02  0.711320808475428779E+00  0.339844792018472006E+02  0.778900909405254860E-01
 0.241000E+02  0.709154287727543187E+00  0.341535526107940868E+02  0.792092292937511683E-01
 0.241500E+02  0.709438447264755467E+00  0.343480998385207812E+02  0.771920726908434385E-01
 0.242000E+02  0.711368409617686881E+00  0.345584881164730930E+02  0.744822625190935950E-01
 0.242500E+02  0.713413545425759965E+00  0.347618664572934577E+02  0.729570526216181264E-01
 0.243000E+02  0.714075032662866316E+00  0.349314426471025925E+02  0.735724631383477962E-01
 0.243500E+02  0.712653512756159957E+00  0.350491501765772355E+02  0.764431872255798700E-01
 0.244000E+02  0.709567258193337769E+00  0.351144605144648310E+02  0.811214962345999518E-01
 0.244500E+02  0.706055870535863495E+00  0.351444267653741278E+02  0.869977950498079522E-01
 0.245000E+02  0.703488086524065914E+00  0.351654787022414368E+02  0.926639843299317950E-01
 0.245500E+02  0.702118879672887886E+00  0.351964594894819527E+02  0.862645182502189273E-01
 0.246000E+02  0.701646547237275597E+00  0.352471820988876914E+02  0.769050509198648119E-01
 0.246500E+02  0.701835378608489102E+00  0.353199930972192391E+02  0.675132068921392575E-01
 0.247000E+02  0.702093322853478363E+00  0.354051545637405951E+02  0.601696514762855919E-01
 0.247500E+02  0.701686114988690268E+00  0.354850377341175829E+02  0.558929324241426578E-01
 0.248000E+02  0.700040472368596678E+00  0.355406954611557850E+02  0.546816981877300545E-01
 0.248500E+02  0.696969676167401797E+00  0.355577460761678310E+02  0.557968659209758175E-01
 0.249000E+02  0.692721505271442495E+00  0.355295954320197538E+02  0.582123518876853999E-01
 0.249500E+02  0.687858606382735105E+00  0.354576011703017144E+02  0.611268165401058217E-01
 0.250000E+02  0.683065929878094669E+00  0.353490294162366894E+02  0.644350588963470972E-01
 0.250500E+02  0.678997738123569339E+00  0.352117846248543742E+02  0.658189208177620139E-01
 0.251000E+02  0.676217435042843706E+00  0.350525183933610478E+02  0.649596907427141684E-01
 0.251500E+02  0.675038139312419738E+00  0.348765927427502547E+02  0.644303864177005609E-01
 0.252000E+02  0.675206001451347682E+00  0.346844994161136029E+02  0.658943241434256227E-01
 0.252500E+02  0.675919077843774474E+00  0.344725615625439374E+02  0.700249926485605745E-01
 0.253000E+02  0.676225951468166442E+00  0.342363854185572336E+02  0.766669808255374952E-01
 0.253500E+02  0.675565880650874195E+00  0.339748351234140102E+02  0.851830462493322615E-01
 0.254000E+02  0.674127989025369079E+00  0.336926598151254950E+02  0.948886624269999479E-01
 0.254500E+02  0.672816469068886258E+00  0.334010229768906015E+02  0.105457565779688234E+00
 0.255000E+02  0.672848878354056823E+00  0.331157825273433843E+02  0.115765303457805904E+00
 0.255500E+02  0.674384524974370514E+00  0.328472523363638018E+02  0.110681210027366597E+00
 0.256000E+02  0.677035256884220615E+00  0.326018774491485175E+02  0.102061000329088450E+00
 0.256500E+02  0.680515288308196964E+00  0.323826355072224814E+02  0.932069110807072498E-01
 0.257000E+02  0.684111938382752305E+00  0.321807875041870801E+02  0.868258444342711461E-01
 0.257500E+02  0.687025528700607735E+00  0.319787909516800966E+02  0.846260675367259130E-01
 0.258000E+02  0.688794653981049221E+00  0.317595942758422822E+02  0.871321758934044122E-01
 0.258500E+02  0.689534551015575925E+00  0.315169017017731221E+02  0.937587138639609935E-01
 0.259000E+02  0.689844015680118772E+00  0.312596162692866457E+02  0.103131984361859122E+00
 0.259500E+02  0.690458694345325696E+00  0.310074905460176993E+02  0.113594537412945687E+00
 0.260000E+02  0.691894045555409787E+00  0.307811147250262351E+02  0.122847514635612373E+00
 0.260500E+02  0.693770032385412239E+00  0.305872433428819477E+02  0.118715468806495486E+00
 0.261000E+02  0.695682588728176010E+00  0.304213057956125823E+02  0.108785739413965327E+00
 0.261500E+02  0.697968869993349172E+00  0.302747202205918491E+02  0.967851112527798180E-01
 0.262000E+02  0.701001124666802089E+00  0.301351567844412216E+02  0.859207864478873928E-01
 0.262500E+02  0.704800167522686372E+00  0.299917279927103060E+02  0.784327673402805264E-01
 0.263000E+02  0.708877059277364108E+00  0.298384432581386037E+02  0.754177679508787335E-01
 0.263500E+02  0.712421044719299013E+00  0.296745556125790237E+02  0.769371276293475542E-01
 0.264000E+02  0.714746883077640893E+00  0.295028439018968456E+02  0.823575387899194156E-01
 0.264500E+02  0.715753056876636373E+00  0.293276917122409770E+02  0.908255790155104159E-01
 0.265000E+02  0.716124075747421318E+00  0.291538907194764434E+02  0.100679987373964802E+00
 0.265500E+02  0.716459911211190015E+00  0.289794058379087076E+02  0.979973280335500740E-01
 0.266000E+02  0.717281789530821001E+00  0.288012450770882751E+02  0.895173341304672243E-01
 0.266500E+02  0.719143064091822715E+00  0.286199484524519718E+02  0.774090822842416065E-01
 0.267000E+02  0.721745627946969170E+00  0.284337127681769353E+02  0.639140103051492325E-01
 0.267500E+02  0.723986944571729518E+00  0.282392222790629610E+02  0.511107367438086435E-01
 0.268000E+02  0.724529421517579708E+00  0.280344213851906190E+02  0.407237480926605153E-01
 0.268500E+02  0.722550263239676860E+00  0.278215265249668313E+02  0.339990418262255470E-01
 0.269000E+02  0.718226239102987440E+00  0.276079318263322513E+02  0.316582712851725678E-01
 0.269500E+02  0.712670431748741451E+00  0.274037697846245614E+02  0.339319467058851118E-01
 0.270000E+02  0.707366648274183496E+00  0.272173493108035629E+02  0.399982804563205480E-01
 0.270500E+02  0.702896082624933638E+00  0.270506131815124107E+02  0.373531406359091517E-01
 0.271000E+02  0.698643126502603073E+00  0.268964730242957728E+02  0.279615101137531061E-01
 0.271500E+02  0.693942718018597193E+00  0.267466090560005654E+02  0.147630196504627623E-01
 0.272000E+02  0.688267432375198496E+00  0.265955329780605290E+02  0.954078898770343870E-03
 0.272500E+02  0.681452257675507767E+00  0.264415765973764998E+02 -0.105620503758174066E-01
 0.273000E+02  0.673715691557550844E+00  0.262861537716708078E+02 -0.176440896838901684E-01
 0.273500E+02  0.665484028653241744E+00  0.261320091322481431E+02 -0.191987796988442039E-01
 0.274000E+02  0.657151609889058963E+00  0.259813822242596757E+02 -0.152209460022996075E-01
 0.274500E+02  0.648940781975619441E+00  0.258349436961878354E+02 -0.657780133286407082E-02
 0.275000E+02  0.640948344303095885E+00  0.256921217209928834E+02  0.506900187453830208E-02
 0.275500E+02  0.633052818404051476E+00  0.255472928121229401E+02  0.103303689715338841E-01
 0.276000E+02  0.625417013479704131E+00  0.253979953865324788E+02  0.104680580410337412E-01
 0.276500E+02  0.619165132152829534E+00  0.252514969947051995E+02  0.947831985578247507E-02
 0.277000E+02  0.615475231249824062E+00  0.251162963424015153E+02  0.106025901333114420E-01
 0.277500E+02  0.614656177961367289E+00  0.249964117773284791E+02  0.158029096451813358E-01
 0.278000E+02  0.615793042928629242E+00  0.248886781255628549E+02  0.255671153512698826E-01
 0.278500E+02  0.617177654041084267E+00  0.247847384263113071E+02  0.390654194983213535E-01
 0.279000E+02  0.617258593049492377E+00  0.246766711514225463E+02  0.546037167279222677E-01
 0.279500E+02  0.615535045625577482E+00  0.245628221376675633E+02  0.702579798118528331E-01
 0.280000E+02  0.612868842634222588E+00  0.244501347795789883E+02  0.828383096574138722E-01
 0.280500E+02  0.610133518259508012E+00  0.243466640403995633E+02  0.754625682791186803E-01
 0.281000E+02  0.608636558311071107E+00  0.242614964703360982E+02  0.640239646230438553E-01
 0.281500E+02  0.609731402620548146E+00  0.242025240371763317E+02  0.522001070647629267E-01
 0.282000E+02  0.613092327713164797E+00  0.241665887323252484E+02  0.428322617925476767E-01
 0.282500E+02  0.616795715367641662E+00  0.241394872512545930E+02  0.376202929026928437E-01
 0.283000E+02  0.618426884167805002E+00  0.241029113961165358E+02  0.370769325882502401E-01
 0.283500E+02  0.616527041787869323E+00  0.240444900614729740E+02  0.407317347012211770E-01
 0.284000E+02  0.611499612533845549E+00  0.239650789756410667E+02  0.475273153274325399E-01
 0.284500E+02  0.605439702649061329E+00  0.238789300611352182E+02  0.563166486824005011E-01
 0.285000E+02  0.601018969315654350E+00  0.238066485380784307E+02  0.650583549847274512E-01
 0.285500E+02  0.599337205597920475E+00  0.237553955035591784E+02  0.585783251882109821E-01
 0.286000E+02  0.599900143859526724E+00  0.237222052061068922E+02  0.469271787741759455E-01
 0.286500E+02  0.601489321270588739E+00  0.237007433726536618E+02  0.332801326492277796E-01
 0.287000E+02  0.602268836542269592E+00  0.236772469474704188E+02  0.204559901348016389E-01
 0.287500E+02  0.600750329157107688E+00  0.236374054189034624E+02  0.105316557514474451E-01
 0.288000E+02  0.596559329292807194E+00  0.235730652086676180E+02  0.463512019356414340E-02
 0.288500E+02  0.590556579912517088E+00  0.234850300152738356E+02  0.295412448287127923E-02
 0.289000E+02  0.584265180595650357E+00  0.233807713140185172E+02  0.494868147914346961E-02
 0.289500E+02  0.578967100938822088E+00  0.232687707541766997E+02  0.971032110782325472E-02
 0.290000E+02  0.575024780684786241E+00  0.231530554688407264E+02  0.168839034900902137E-01
 0.290500E+02  0.572037314835338040E+00  0.230370549045771824E+02  0.255965638750284240E-01
 0.291000E+02  0.569001010748475755E+00  0.229180203196111734E+02  0.289833579981945803E-01
 0.291500E+02  0.565208094996527022E+00  0.227901206157200384E+02  0.291088571355244928E-01
 0.292000E+02  0.560853085170027077E+00  0.226542281115767814E+02  0.280231403853174917E-01
 0.292500E+02  0.556827277357934469E+00  0.225187707432587096E+02  0.275526551203700773E-01
 0.293000E+02  0.554137973443361243E+00  0.223964501241547431E+02  0.291454935920463266E-01
 0.293500E+02  0.553293718812472246E+00  0.222983719414688508E+02  0.337869881690046822E-01
 0.294000E+02  0.554023582374042811E+00  0.222288765529641132E+02  0.419972684240999677E-01
 0.294500E+02  0.555503390589427770E+00  0.221844159292719993E+02  0.539129635928598250E-01
 0.295000E+02  0.556956486842114296E+00  0.221575584096703651E+02  0.684520366627210941E-01
 0.295500E+02  0.557615072388035982E+00  0.221351702160449193E+02  0.722984973305289130E-01
 0.296000E+02  0.557425855046682073E+00  0.221100737322726744E+02  0.713977135274691810E-01
 0.296500E+02  0.557475388732694421E+00  0.220908662476527518E+02  0.678517762363624183E-01
 0.297000E+02  0.558792998530579843E+00  0.220893583479671847E+02  0.636413365742308917E-01
 0.297500E+02  0.561598505251431401E+00  0.221106139722935495E+02  0.603790188727985552E-01
 0.298000E+02  0.565128955046304338E+00  0.221476364274868587E+02  0.591766012531825467E-01
 0.298500E+02  0.568130516510256034E+00  0.221842229777413635E+02  0.606528128418007614E-01
 0.299000E+02  0.569682875340493000E+00  0.222041573835392398E+02  0.650726338657532655E-01
 0.299500E+02  0.569832236466750297E+00  0.222009287626474894E+02  0.725756870398046455E-01
 0.300000E+02  0.569659843900881313E+00  0.221821581699525758E+02  0.827049485213459945E-01
 0.300500E+02  0.570276142633323380E+00  0.221612979403096766E+02  0.846926081466103514E-01
 0.301000E+02  0.572336831323942974E+00  0.221538111712200489E+02  0.823251596006304293E-01
 0.301500E+02  0.576075590053507836E+00  0.221733294568384558E+02  0.778021679982665304E-01
 0.302000E+02  0.580815361822044185E+00  0.222210342736687778E+02  0.729932420728985759E-01
 0.302500E+02  0.585304788339855997E+00  0.222849623874157849E+02  0.692969094904991589E-01
 0.303000E+02  0.588435837356534375E+00  0.223463770009214286E+02  0.676355005349133370E-01
 0.303500E+02  0.589889144432830248E+00  0.223898410154822152E+02  0.685621053059083940E-01
 0.304000E+02  0.590316438967680157E+00  0.224116708566886835E+02  0.724296409698272081E-01
 0.304500E+02  0.590967433195038083E+00  0.224222204811502266E+02  0.795642201363840895E-01
 0.305000E+02  0.593019118529116152E+00  0.224408757443174984E+02  0.896950043281710546E-01
 0.305500E+02  0.596530093609468071E+00  0.224819382752810775E+02  0.919741339848365175E-01
 0.306000E+02  0.600528572161017626E+00  0.225482109148330601E+02  0.893147051096361971E-01
 0.306500E+02  0.604045242118093961E+00  0.226332555508796602E+02  0.834401688402971048E-01
 0.307000E+02  0.606392404064855728E+00  0.227220213272969858E+02  0.759866708910583166E-01
 0.307500E+02  0.607483433704477771E+00  0.227983860109544878E+02  0.683683487351382235E-01
 0.308000E+02  0.607777052386766381E+00  0.228527005720380458E+02  0.617108999730165905E-01
 0.308500E+02  0.607890625977582810E+00  0.228851315576119632E+02  0.568578688756596271E-01
 0.309000E+02  0.608165608393292811E+00  0.229039242043344267E+02  0.544379189351451506E-01
 0.309500E+02  0.608500280160654938E+00  0.229208152180913700E+02  0.549685916830470953E-01
 0.310000E+02  0.608572378661304869E+00  0.229466655822977010E+02  0.589421929889364579E-01
 0.310500E+02  0.608168665208133286E+00  0.229856650780149678E+02  0.612614449780342837E-01
 0.311000E+02  0.607344998901240496E+00  0.230354658844070421E+02  0.596042743608001038E-01
 0.311500E+02  0.606738469298310212E+00  0.230922946057330698E+02  0.562586423342410838E-01
 0.312000E+02  0.607040976822497358E+00  0.231500103013245280E+02  0.530288568715545361E-01
 0.312500E+02  0.608376859630994526E+00  0.232011774029110427E+02  0.510872075580310406E-01
