 0.000000E+00  0.168153439202854E-01  0.149955722195896E-01  0.181977170069600E-02
 0.400000E+01  0.453299103704825E-01  0.448478075037136E-01  0.482102866768954E-03
 0.800000E+01  0.125864891785476E-01  0.124358337554505E-01  0.150655423097105E-03
 0.120000E+02  0.517099496514669E-02  0.510823786015806E-02  0.627571049886361E-04
 0.160000E+02  0.166386679349748E-02  0.163773992422378E-02  0.261268692737001E-04
 0.200000E+02  0.675519823380065E-03  0.665862709463383E-03  0.965711391668235E-05
 0.240000E+02  0.284010442417045E-03  0.279530327247578E-03  0.448011516946691E-05
 0.280000E+02  0.112562554745229E-03  0.110675115862281E-03  0.188743888294727E-05
 0.320000E+02  0.463915966882730E-04  0.455132388282143E-04  0.878357860058729E-06
 0.360000E+02  0.185877581744229E-04  0.181818488009667E-04  0.405909373456213E-06
 0.400000E+02  0.836822242416390E-05  0.817642058771105E-05  0.191801836452854E-06
 0.440000E+02  0.389189619342776E-05  0.379988403877486E-05  0.920121546528935E-07
 0.480000E+02  0.173194873772512E-05  0.168524148016230E-05  0.467072575628173E-07
 0.520000E+02  0.793785249134487E-06  0.769712150140215E-06  0.240730989942723E-07
 0.560000E+02  0.410639875123188E-06  0.396496574949293E-06  0.141433001738951E-07
 0.600000E+02  0.247697331654250E-06  0.240960864288185E-06  0.673646736606527E-08
 0.640000E+02  0.954777142764263E-11  0.954777142764263E-11  0.000000000000000E+00
 0.680000E+02  0.000000000000000E+00  0.000000000000000E+00  0.000000000000000E+00
 0.720000E+02  0.000000000000000E+00  0.000000000000000E+00  0.000000000000000E+00
 0.760000E+02  0.000000000000000E+00  0.000000000000000E+00  0.000000000000000E+00
 0.800000E+02  0.000000000000000E+00  0.000000000000000E+00  0.000000000000000E+00
 0.840000E+02  0.000000000000000E+00  0.000000000000000E+00  0.000000000000000E+00
 0.880000E+02  0.000000000000000E+00  0.000000000000000E+00  0.000000000000000E+00
 0.920000E+02  0.000000000000000E+00  0.000000000000000E+00  0.000000000000000E+00
 0.960000E+02  0.000000000000000E+00  0.000000000000000E+00  0.000000000000000E+00
