 0.100000E+01  0.194551581119057E-01
 0.200000E+01  0.206237394869246E-01
 0.300000E+01  0.227451708755009E-01
 0.400000E+01  0.153586955885505E+00
 0.500000E+01  0.282350907926209E-01
 0.600000E+01  0.332679103539117E-02
 0.700000E+01  0.709644885532691E-03
 0.800000E+01  0.468169765794056E-01
 0.900000E+01  0.110040605588518E-01
 0.100000E+02  0.714410675961822E-03
 0.110000E+02  0.311662984485995E-03
 0.120000E+02  0.157981591665928E-01
 0.130000E+02  0.304290953523437E-02
 0.140000E+02  0.358522769456506E-03
 0.150000E+02  0.101254935760740E-03
 0.160000E+02  0.538869770854902E-02
 0.170000E+02  0.146607681075328E-02
 0.180000E+02  0.165824958144949E-03
 0.190000E+02  0.589155199622284E-04
 0.200000E+02  0.184725080372877E-02
 0.210000E+02  0.421891371309024E-03
 0.220000E+02  0.734891790894281E-04
 0.230000E+02  0.276766392276706E-04
 0.240000E+02  0.592597871540966E-03
 0.250000E+02  0.257626653542839E-03
 0.260000E+02  0.354330571999654E-04
 0.270000E+02  0.145944298369701E-04
 0.280000E+02  0.242569796773492E-03
 0.290000E+02  0.100838284984562E-03
 0.300000E+02  0.203739632943191E-04
 0.310000E+02  0.841645871464164E-05
 0.320000E+02  0.937937512044817E-04
 0.330000E+02  0.421939415107030E-04
 0.340000E+02  0.114167708043145E-04
 0.350000E+02  0.484412247217526E-05
 0.360000E+02  0.438305348538364E-04
 0.370000E+02  0.184589628068412E-04
 0.380000E+02  0.567635597142433E-05
 0.390000E+02  0.237133285987365E-05
 0.400000E+02  0.166707256154523E-04
 0.410000E+02  0.932751087204417E-05
 0.420000E+02  0.311007669514390E-05
 0.430000E+02  0.152203344711775E-05
 0.440000E+02  0.644264822869522E-05
 0.450000E+02  0.466010224910334E-05
 0.460000E+02  0.171628273600263E-05
 0.470000E+02  0.856436503310222E-06
 0.480000E+02  0.254797186816749E-05
 0.490000E+02  0.219561169256726E-05
 0.500000E+02  0.878205283384301E-06
 0.510000E+02  0.484645057976093E-06
 0.520000E+02  0.125265718171023E-05
 0.530000E+02  0.108262202335064E-05
 0.540000E+02  0.557145668294614E-06
 0.550000E+02  0.290674942601601E-06
 0.560000E+02  0.532046573570070E-06
 0.570000E+02  0.676702001773919E-06
 0.580000E+02  0.359903830949459E-06
 0.590000E+02  0.229611343789397E-06
 0.600000E+02  0.330766370870210E-06
 0.610000E+02  0.454336153417610E-06
 0.620000E+02  0.276725705998609E-06
 0.630000E+02  0.167735992375529E-06
 0.640000E+02  0.659174901075463E-07
 0.650000E+02  0.000000000000000E+00
 0.660000E+02  0.000000000000000E+00
 0.670000E+02  0.000000000000000E+00
 0.680000E+02  0.000000000000000E+00
 0.690000E+02  0.000000000000000E+00
 0.700000E+02  0.000000000000000E+00
 0.710000E+02  0.000000000000000E+00
 0.720000E+02  0.000000000000000E+00
 0.730000E+02  0.000000000000000E+00
 0.740000E+02  0.000000000000000E+00
 0.750000E+02  0.000000000000000E+00
 0.760000E+02  0.000000000000000E+00
 0.770000E+02  0.000000000000000E+00
 0.780000E+02  0.000000000000000E+00
 0.790000E+02  0.000000000000000E+00
 0.800000E+02  0.000000000000000E+00
 0.810000E+02  0.000000000000000E+00
 0.820000E+02  0.000000000000000E+00
 0.830000E+02  0.000000000000000E+00
 0.840000E+02  0.000000000000000E+00
 0.850000E+02  0.000000000000000E+00
 0.860000E+02  0.000000000000000E+00
 0.870000E+02  0.000000000000000E+00
 0.880000E+02  0.000000000000000E+00
 0.890000E+02  0.000000000000000E+00
 0.900000E+02  0.000000000000000E+00
 0.910000E+02  0.000000000000000E+00
 0.920000E+02  0.000000000000000E+00
 0.930000E+02  0.000000000000000E+00
 0.940000E+02  0.000000000000000E+00
 0.950000E+02  0.000000000000000E+00
 0.960000E+02  0.000000000000000E+00
 0.970000E+02  0.000000000000000E+00
