 0.000000E+00  0.856432958503959E-01  0.000000000000000E+00  0.000000000000000E+00
 0.100000E+01  0.232729751723918E+00  0.586359929293394E-01  0.440460705431178E-02
 0.200000E+01  0.841006064773512E-01  0.256799048511311E-01  0.121753304756567E-02
 0.300000E+01  0.281332110919217E-01  0.498510258466922E-02  0.157201069305302E-02
 0.400000E+01  0.977719534813233E-02  0.137782767706085E-02  0.545753509413771E-03
 0.500000E+01  0.704347219604301E-02  0.641867112413763E-03  0.334790206920843E-03
 0.600000E+01  0.246902194658096E-02  0.255096370523233E-03  0.134508690678103E-03
 0.700000E+01  0.175200253045801E-02  0.120668240548127E-03  0.905389276582014E-04
 0.800000E+01  0.118275675598485E-02  0.678969744845048E-04  0.824245645389965E-04
 0.900000E+01  0.715603063818547E-03  0.387834194324199E-04  0.400212505313746E-04
 0.100000E+02  0.529006768325415E-03  0.293726353461921E-04  0.279981590085576E-04
 0.110000E+02  0.308453474212800E-03  0.152863006692705E-04  0.203354811694201E-04
 0.120000E+02  0.252253123831854E-03  0.110393925869534E-04  0.157534188076625E-04
 0.130000E+02  0.190509346141330E-03  0.651838313991959E-05  0.114048021468971E-04
 0.140000E+02  0.129764344874474E-03  0.478626847083552E-05  0.984378832225019E-05
 0.150000E+02  0.984832540728647E-04  0.368376599757525E-05  0.613423004569569E-05
 0.160000E+02  0.739941392774116E-04  0.321351031362660E-05  0.638866035274077E-05
 0.170000E+02  0.624136261269696E-04  0.155631710101189E-05  0.586115447326341E-05
 0.180000E+02  0.464018269101659E-04  0.120595031501136E-05  0.437119422191934E-05
 0.190000E+02  0.356150861398472E-04  0.717510189505999E-06  0.376919246114493E-05
 0.200000E+02  0.277671284946888E-04  0.792035931325950E-06  0.251926579624209E-05
 0.210000E+02  0.239639620509103E-04  0.544756599236279E-06  0.186929482173803E-05
 0.220000E+02  0.176442483920040E-04  0.410827970819677E-06  0.133311869060515E-05
 0.230000E+02  0.139272248509090E-04  0.327966052912632E-06  0.115905305259414E-05
 0.240000E+02  0.120083656052742E-04  0.298440991110521E-06  0.910592693142845E-06
 0.250000E+02  0.993139857275147E-05  0.225239471234040E-06  0.673792794317687E-06
 0.260000E+02  0.811471100794604E-05  0.158767151516893E-06  0.373706674056638E-06
 0.270000E+02  0.607237814549623E-05  0.129078462887851E-06  0.320152919441700E-06
 0.280000E+02  0.493394709151917E-05  0.112107939168049E-06  0.225046100576446E-06
 0.290000E+02  0.447189143072622E-05  0.804624220513469E-07  0.260369209208969E-06
 0.300000E+02  0.344808787094984E-05  0.444474916144440E-07  0.141440307624072E-06
 0.310000E+02  0.299191964249833E-05  0.553351295188610E-07  0.129815755181475E-06
 0.320000E+02  0.222260335944598E-05  0.538852699479860E-07  0.995913493663728E-07
 0.330000E+02  0.191961039008333E-05  0.348421625664833E-07  0.833873286847564E-07
 0.340000E+02  0.159715992425234E-05  0.216472313307374E-07  0.798512811362373E-07
 0.350000E+02  0.115368554973703E-05  0.225694724243972E-07  0.616591772951980E-07
 0.360000E+02  0.110739268870464E-05  0.254511765816236E-07  0.519608281525992E-07
 0.370000E+02  0.825757527873806E-06  0.138113461891146E-07  0.346076021911015E-07
 0.380000E+02  0.781529173117631E-06  0.121877836190607E-07  0.313157796936808E-07
 0.390000E+02  0.604616564780854E-06  0.136239620385735E-07  0.274256779210855E-07
 0.400000E+02  0.478616221764488E-06  0.119246812818315E-07  0.226894910402382E-07
 0.410000E+02  0.480549507599689E-06  0.770682776728081E-08  0.209683522070579E-07
 0.420000E+02  0.366836877401405E-06  0.536491709361036E-08  0.140253133774286E-07
 0.430000E+02  0.331122710857710E-06  0.830086130951604E-08  0.989009486054859E-08
 0.440000E+02  0.258242278960471E-06  0.556064871892512E-08  0.916801049224690E-08
 0.450000E+02  0.224851163652854E-06  0.351749589008222E-08  0.680261893051191E-08
 0.460000E+02  0.205685024810269E-06  0.373473575601583E-08  0.672541257785238E-08
 0.470000E+02  0.153087071419537E-06  0.395090958977887E-08  0.446320736102552E-08
 0.480000E+02  0.149884651181996E-06  0.433620661349088E-08  0.371760654594935E-08
 0.490000E+02  0.121330487541133E-06  0.166144635797437E-08  0.307119747327504E-08
 0.500000E+02  0.104850935840869E-06  0.167814547089795E-08  0.299619255040494E-08
 0.510000E+02  0.843661914393226E-07  0.202493434407364E-08  0.260473079517483E-08
 0.520000E+02  0.738290049281010E-07  0.178348351743553E-08  0.197361010209884E-08
 0.530000E+02  0.645456572839153E-07  0.145279471161988E-08  0.164465857614452E-08
 0.540000E+02  0.526432395989732E-07  0.115111284139742E-08  0.139592155918111E-08
 0.550000E+02  0.538305555111444E-07  0.187984502034201E-08  0.224402154380857E-08
 0.560000E+02  0.388090818560032E-07  0.111835334845650E-08  0.153914108354827E-08
 0.570000E+02  0.365695448801351E-07  0.983820579946769E-09  0.131224799737150E-08
 0.580000E+02  0.335719176789749E-07  0.138616656915257E-08  0.112491317810597E-08
 0.590000E+02  0.271734415805807E-07  0.859004646598650E-09  0.125148061696404E-08
 0.600000E+02  0.294803216734029E-07  0.145612965531281E-08  0.134391455885492E-08
 0.610000E+02  0.197171631866956E-07  0.550528726030186E-09  0.958050078823983E-09
 0.620000E+02  0.204947436237910E-07  0.126478762465858E-08  0.127437987502295E-08
 0.630000E+02  0.152612354152004E-07  0.176755825550238E-08  0.241640810418313E-08
 0.640000E+02  0.223707558638702E-10  0.969545352443241E-11  0.126753023394377E-10
 0.650000E+02  0.000000000000000E+00  0.000000000000000E+00  0.000000000000000E+00
 0.660000E+02  0.000000000000000E+00  0.000000000000000E+00  0.000000000000000E+00
 0.670000E+02  0.000000000000000E+00  0.000000000000000E+00  0.000000000000000E+00
 0.680000E+02  0.000000000000000E+00  0.000000000000000E+00  0.000000000000000E+00
 0.690000E+02  0.000000000000000E+00  0.000000000000000E+00  0.000000000000000E+00
 0.700000E+02  0.000000000000000E+00  0.000000000000000E+00  0.000000000000000E+00
 0.710000E+02  0.000000000000000E+00  0.000000000000000E+00  0.000000000000000E+00
 0.720000E+02  0.000000000000000E+00  0.000000000000000E+00  0.000000000000000E+00
 0.730000E+02  0.000000000000000E+00  0.000000000000000E+00  0.000000000000000E+00
 0.740000E+02  0.000000000000000E+00  0.000000000000000E+00  0.000000000000000E+00
 0.750000E+02  0.000000000000000E+00  0.000000000000000E+00  0.000000000000000E+00
 0.760000E+02  0.000000000000000E+00  0.000000000000000E+00  0.000000000000000E+00
 0.770000E+02  0.000000000000000E+00  0.000000000000000E+00  0.000000000000000E+00
 0.780000E+02  0.000000000000000E+00  0.000000000000000E+00  0.000000000000000E+00
 0.790000E+02  0.000000000000000E+00  0.000000000000000E+00  0.000000000000000E+00
 0.800000E+02  0.000000000000000E+00  0.000000000000000E+00  0.000000000000000E+00
 0.810000E+02  0.000000000000000E+00  0.000000000000000E+00  0.000000000000000E+00
 0.820000E+02  0.000000000000000E+00  0.000000000000000E+00  0.000000000000000E+00
 0.830000E+02  0.000000000000000E+00  0.000000000000000E+00  0.000000000000000E+00
 0.840000E+02  0.000000000000000E+00  0.000000000000000E+00  0.000000000000000E+00
 0.850000E+02  0.000000000000000E+00  0.000000000000000E+00  0.000000000000000E+00
 0.860000E+02  0.000000000000000E+00  0.000000000000000E+00  0.000000000000000E+00
 0.870000E+02  0.000000000000000E+00  0.000000000000000E+00  0.000000000000000E+00
 0.880000E+02  0.000000000000000E+00  0.000000000000000E+00  0.000000000000000E+00
 0.890000E+02  0.000000000000000E+00  0.000000000000000E+00  0.000000000000000E+00
 0.900000E+02  0.000000000000000E+00  0.000000000000000E+00  0.000000000000000E+00
 0.910000E+02  0.000000000000000E+00  0.000000000000000E+00  0.000000000000000E+00
 0.920000E+02  0.000000000000000E+00  0.000000000000000E+00  0.000000000000000E+00
 0.930000E+02  0.000000000000000E+00  0.000000000000000E+00  0.000000000000000E+00
 0.940000E+02  0.000000000000000E+00  0.000000000000000E+00  0.000000000000000E+00
 0.950000E+02  0.000000000000000E+00  0.000000000000000E+00  0.000000000000000E+00
 0.960000E+02  0.000000000000000E+00  0.000000000000000E+00  0.000000000000000E+00
