 0.100000E+01  0.297475834828779E-01
 0.200000E+01  0.284883940874333E-01
 0.300000E+01  0.110773802074934E-01
 0.400000E+01  0.139875443522207E+00
 0.500000E+01  0.229833374001080E-01
 0.600000E+01  0.345923925822452E-02
 0.700000E+01  0.903578833524281E-03
 0.800000E+01  0.344670110477506E-01
 0.900000E+01  0.735088511242297E-02
 0.100000E+02  0.626680750163998E-03
 0.110000E+02  0.311504680295027E-03
 0.120000E+02  0.113816635606773E-01
 0.130000E+02  0.271969732872759E-02
 0.140000E+02  0.312217736154703E-03
 0.150000E+02  0.115350642553617E-03
 0.160000E+02  0.331001118342437E-02
 0.170000E+02  0.105680321388583E-02
 0.180000E+02  0.152254189859497E-03
 0.190000E+02  0.433602318821461E-04
 0.200000E+02  0.124135139768503E-02
 0.210000E+02  0.368320321531722E-03
 0.220000E+02  0.677853115917480E-04
 0.230000E+02  0.241406341464944E-04
 0.240000E+02  0.416349707938216E-03
 0.250000E+02  0.195733251752379E-03
 0.260000E+02  0.305429545753910E-04
 0.270000E+02  0.130042140061984E-04
 0.280000E+02  0.156270380047852E-03
 0.290000E+02  0.832907222883748E-04
 0.300000E+02  0.149334466214684E-04
 0.310000E+02  0.679400756565859E-05
 0.320000E+02  0.651827830096429E-04
 0.330000E+02  0.398100825016591E-04
 0.340000E+02  0.867954082735238E-05
 0.350000E+02  0.373744133930354E-05
 0.360000E+02  0.246569821834295E-04
 0.370000E+02  0.172253297578179E-04
 0.380000E+02  0.425203631715359E-05
 0.390000E+02  0.178839763005428E-05
 0.400000E+02  0.921029008558209E-05
 0.410000E+02  0.718611249533907E-05
 0.420000E+02  0.215594635608642E-05
 0.430000E+02  0.985069196334787E-06
 0.440000E+02  0.338301400294119E-05
 0.450000E+02  0.334175509891482E-05
 0.460000E+02  0.107902607886975E-05
 0.470000E+02  0.506834739990390E-06
 0.480000E+02  0.136595422844250E-05
 0.490000E+02  0.157810972441870E-05
 0.500000E+02  0.529056342880150E-06
 0.510000E+02  0.275736578164862E-06
 0.520000E+02  0.607284796564949E-06
 0.530000E+02  0.691165828362175E-06
 0.540000E+02  0.287419057901213E-06
 0.550000E+02  0.155556068128558E-06
 0.560000E+02  0.251988124802649E-06
 0.570000E+02  0.350872313376589E-06
 0.580000E+02  0.153551564090555E-06
 0.590000E+02  0.101271880685272E-06
 0.600000E+02  0.132544104427500E-06
 0.610000E+02  0.210011322444916E-06
 0.620000E+02  0.114931414767407E-06
 0.630000E+02  0.657219280527246E-07
 0.640000E+02  0.306107320336200E-07
 0.650000E+02  0.000000000000000E+00
 0.660000E+02  0.000000000000000E+00
 0.670000E+02  0.000000000000000E+00
 0.680000E+02  0.000000000000000E+00
 0.690000E+02  0.000000000000000E+00
 0.700000E+02  0.000000000000000E+00
 0.710000E+02  0.000000000000000E+00
 0.720000E+02  0.000000000000000E+00
 0.730000E+02  0.000000000000000E+00
 0.740000E+02  0.000000000000000E+00
 0.750000E+02  0.000000000000000E+00
 0.760000E+02  0.000000000000000E+00
 0.770000E+02  0.000000000000000E+00
 0.780000E+02  0.000000000000000E+00
 0.790000E+02  0.000000000000000E+00
 0.800000E+02  0.000000000000000E+00
 0.810000E+02  0.000000000000000E+00
 0.820000E+02  0.000000000000000E+00
 0.830000E+02  0.000000000000000E+00
 0.840000E+02  0.000000000000000E+00
 0.850000E+02  0.000000000000000E+00
 0.860000E+02  0.000000000000000E+00
 0.870000E+02  0.000000000000000E+00
 0.880000E+02  0.000000000000000E+00
 0.890000E+02  0.000000000000000E+00
 0.900000E+02  0.000000000000000E+00
 0.910000E+02  0.000000000000000E+00
 0.920000E+02  0.000000000000000E+00
 0.930000E+02  0.000000000000000E+00
 0.940000E+02  0.000000000000000E+00
 0.950000E+02  0.000000000000000E+00
 0.960000E+02  0.000000000000000E+00
 0.970000E+02  0.000000000000000E+00
