 0.100000E+01  0.223414980873995E-01
 0.200000E+01  0.158299956877972E-01
 0.300000E+01  0.208800893849957E-01
 0.400000E+01  0.151608150510562E+00
 0.500000E+01  0.294861364010329E-01
 0.600000E+01  0.357994414120430E-02
 0.700000E+01  0.914231031222529E-03
 0.800000E+01  0.500299353415373E-01
 0.900000E+01  0.783545265847236E-02
 0.100000E+02  0.830416529740113E-03
 0.110000E+02  0.326400083295297E-03
 0.120000E+02  0.165789190431047E-01
 0.130000E+02  0.258139292578978E-02
 0.140000E+02  0.446371378730013E-03
 0.150000E+02  0.142661187855588E-03
 0.160000E+02  0.579869080675749E-02
 0.170000E+02  0.128400605761810E-02
 0.180000E+02  0.202581130396563E-03
 0.190000E+02  0.792474028674691E-04
 0.200000E+02  0.247437943985020E-02
 0.210000E+02  0.488401626073385E-03
 0.220000E+02  0.112615006678462E-03
 0.230000E+02  0.374891022439144E-04
 0.240000E+02  0.876151676082069E-03
 0.250000E+02  0.276830548527564E-03
 0.260000E+02  0.548222032482969E-04
 0.270000E+02  0.207556077292182E-04
 0.280000E+02  0.309800357652110E-03
 0.290000E+02  0.113320062382413E-03
 0.300000E+02  0.274479633683971E-04
 0.310000E+02  0.110170279813584E-04
 0.320000E+02  0.145187305437134E-03
 0.330000E+02  0.598129587862378E-04
 0.340000E+02  0.163323798582825E-04
 0.350000E+02  0.600809099218352E-05
 0.360000E+02  0.513421134652439E-04
 0.370000E+02  0.297992363152742E-04
 0.380000E+02  0.910172170825529E-05
 0.390000E+02  0.312789375068814E-05
 0.400000E+02  0.198332959856913E-04
 0.410000E+02  0.141938927486471E-04
 0.420000E+02  0.465213555325090E-05
 0.430000E+02  0.187567935276495E-05
 0.440000E+02  0.887866791020145E-05
 0.450000E+02  0.675754084420084E-05
 0.460000E+02  0.249194561225404E-05
 0.470000E+02  0.940856382828136E-06
 0.480000E+02  0.345055380266528E-05
 0.490000E+02  0.331425016651392E-05
 0.500000E+02  0.118905672609070E-05
 0.510000E+02  0.562384611808485E-06
 0.520000E+02  0.172727482723467E-05
 0.530000E+02  0.164814017450928E-05
 0.540000E+02  0.709920885427302E-06
 0.550000E+02  0.330135204658512E-06
 0.560000E+02  0.795227297876898E-06
 0.570000E+02  0.933829938952086E-06
 0.580000E+02  0.422197180022027E-06
 0.590000E+02  0.236982906429949E-06
 0.600000E+02  0.426345188037588E-06
 0.610000E+02  0.639506214160727E-06
 0.620000E+02  0.340060140041590E-06
 0.630000E+02  0.205412836940225E-06
 0.640000E+02  0.903904554572870E-07
 0.650000E+02  0.000000000000000E+00
 0.660000E+02  0.000000000000000E+00
 0.670000E+02  0.000000000000000E+00
 0.680000E+02  0.000000000000000E+00
 0.690000E+02  0.000000000000000E+00
 0.700000E+02  0.000000000000000E+00
 0.710000E+02  0.000000000000000E+00
 0.720000E+02  0.000000000000000E+00
 0.730000E+02  0.000000000000000E+00
 0.740000E+02  0.000000000000000E+00
 0.750000E+02  0.000000000000000E+00
 0.760000E+02  0.000000000000000E+00
 0.770000E+02  0.000000000000000E+00
 0.780000E+02  0.000000000000000E+00
 0.790000E+02  0.000000000000000E+00
 0.800000E+02  0.000000000000000E+00
 0.810000E+02  0.000000000000000E+00
 0.820000E+02  0.000000000000000E+00
 0.830000E+02  0.000000000000000E+00
 0.840000E+02  0.000000000000000E+00
 0.850000E+02  0.000000000000000E+00
 0.860000E+02  0.000000000000000E+00
 0.870000E+02  0.000000000000000E+00
 0.880000E+02  0.000000000000000E+00
 0.890000E+02  0.000000000000000E+00
 0.900000E+02  0.000000000000000E+00
 0.910000E+02  0.000000000000000E+00
 0.920000E+02  0.000000000000000E+00
 0.930000E+02  0.000000000000000E+00
 0.940000E+02  0.000000000000000E+00
 0.950000E+02  0.000000000000000E+00
 0.960000E+02  0.000000000000000E+00
 0.970000E+02  0.000000000000000E+00
