 0.100000E+01  0.182445830734987E+00
 0.200000E+01  0.516789115463843E-01
 0.300000E+01  0.535968029947875E-01
 0.400000E+01  0.414390269400059E-01
 0.500000E+01  0.167598376680329E-01
 0.600000E+01  0.675762186566874E-02
 0.700000E+01  0.281684812668135E-02
 0.800000E+01  0.153562131757369E-02
 0.900000E+01  0.140355710484067E-02
 0.100000E+02  0.591730448044036E-03
 0.110000E+02  0.495211946713198E-03
 0.120000E+02  0.289415705433601E-03
 0.130000E+02  0.230836977972017E-03
 0.140000E+02  0.205988503102165E-03
 0.150000E+02  0.135585519432829E-03
 0.160000E+02  0.131598682617360E-03
 0.170000E+02  0.100476776788325E-03
 0.180000E+02  0.696647336102874E-04
 0.190000E+02  0.575020482898674E-04
 0.200000E+02  0.519320825698298E-04
 0.210000E+02  0.374588989118230E-04
 0.220000E+02  0.317058687728861E-04
 0.230000E+02  0.245977413950457E-04
 0.240000E+02  0.205734388313979E-04
 0.250000E+02  0.162281219102069E-04
 0.260000E+02  0.139519598080455E-04
 0.270000E+02  0.110501009507866E-04
 0.280000E+02  0.916630043209287E-05
 0.290000E+02  0.751657278387382E-05
 0.300000E+02  0.598245824795769E-05
 0.310000E+02  0.518782391349432E-05
 0.320000E+02  0.428714028693517E-05
 0.330000E+02  0.347907511521524E-05
 0.340000E+02  0.308960577560236E-05
 0.350000E+02  0.240469529652603E-05
 0.360000E+02  0.207622346338614E-05
 0.370000E+02  0.159126905085965E-05
 0.380000E+02  0.149280905042837E-05
 0.390000E+02  0.116113351563983E-05
 0.400000E+02  0.104408994074435E-05
 0.410000E+02  0.832858023012577E-06
 0.420000E+02  0.696328851830335E-06
 0.430000E+02  0.591792300415324E-06
 0.440000E+02  0.470886331791137E-06
 0.450000E+02  0.401294538815814E-06
 0.460000E+02  0.316948687034500E-06
 0.470000E+02  0.274059148054240E-06
 0.480000E+02  0.239895113825512E-06
 0.490000E+02  0.188349323975107E-06
 0.500000E+02  0.159407968156397E-06
 0.510000E+02  0.124711659009085E-06
 0.520000E+02  0.109335635038713E-06
 0.530000E+02  0.854631004440691E-07
 0.540000E+02  0.695527829081339E-07
 0.550000E+02  0.600452896026745E-07
 0.560000E+02  0.475072953949746E-07
 0.570000E+02  0.424869857404495E-07
 0.580000E+02  0.328249983938471E-07
 0.590000E+02  0.266904365254546E-07
 0.600000E+02  0.225625669408437E-07
 0.610000E+02  0.190331256575850E-07
 0.620000E+02  0.207409770675016E-07
 0.630000E+02  0.282438987349754E-07
 0.640000E+02  0.205119239932610E-07
 0.650000E+02  0.000000000000000E+00
 0.660000E+02  0.000000000000000E+00
 0.670000E+02  0.000000000000000E+00
 0.680000E+02  0.000000000000000E+00
 0.690000E+02  0.000000000000000E+00
 0.700000E+02  0.000000000000000E+00
 0.710000E+02  0.000000000000000E+00
 0.720000E+02  0.000000000000000E+00
 0.730000E+02  0.000000000000000E+00
 0.740000E+02  0.000000000000000E+00
 0.750000E+02  0.000000000000000E+00
 0.760000E+02  0.000000000000000E+00
 0.770000E+02  0.000000000000000E+00
 0.780000E+02  0.000000000000000E+00
 0.790000E+02  0.000000000000000E+00
 0.800000E+02  0.000000000000000E+00
 0.810000E+02  0.000000000000000E+00
 0.820000E+02  0.000000000000000E+00
 0.830000E+02  0.000000000000000E+00
 0.840000E+02  0.000000000000000E+00
 0.850000E+02  0.000000000000000E+00
 0.860000E+02  0.000000000000000E+00
 0.870000E+02  0.000000000000000E+00
 0.880000E+02  0.000000000000000E+00
 0.890000E+02  0.000000000000000E+00
 0.900000E+02  0.000000000000000E+00
 0.910000E+02  0.000000000000000E+00
 0.920000E+02  0.000000000000000E+00
 0.930000E+02  0.000000000000000E+00
 0.940000E+02  0.000000000000000E+00
 0.950000E+02  0.000000000000000E+00
 0.960000E+02  0.000000000000000E+00
 0.970000E+02  0.000000000000000E+00
