 0.000000E+00  0.779265113836258E-01  0.000000000000000E+00  0.000000000000000E+00
 0.100000E+01  0.124613664957116E+00  0.183898853138089E-01  0.182759575545788E-02
 0.200000E+01  0.734601128750530E-01  0.315954700054135E-01  0.243509991953772E-02
 0.300000E+01  0.452556791270281E-01  0.171715224278159E-01  0.121219378777937E-02
 0.400000E+01  0.102207370502888E-01  0.169653577177087E-02  0.846235593826350E-03
 0.500000E+01  0.436572134047650E-02  0.292698138366632E-03  0.172473756492764E-03
 0.600000E+01  0.158903014950955E-02  0.846357668535802E-04  0.136156509455532E-03
 0.700000E+01  0.946638530071286E-03  0.332484616976103E-04  0.533010721710525E-04
 0.800000E+01  0.576660357136241E-03  0.269238787868886E-04  0.354556049018129E-04
 0.900000E+01  0.306178686077483E-03  0.810669307327316E-05  0.257519805691442E-04
 0.100000E+02  0.205368970528127E-03  0.721791801194804E-05  0.143662450653448E-04
 0.110000E+02  0.128302507046295E-03  0.562054979449944E-05  0.135047226370588E-04
 0.120000E+02  0.100631086991919E-03  0.280019651821561E-05  0.853791519572766E-05
 0.130000E+02  0.720200633475275E-04  0.234484927963408E-05  0.443759142121358E-05
 0.140000E+02  0.448626573678346E-04  0.161218359862048E-05  0.310672133330137E-05
 0.150000E+02  0.353425755728696E-04  0.894399874579177E-06  0.217744572444944E-05
 0.160000E+02  0.218864680576636E-04  0.597339531303864E-06  0.139588657166456E-05
 0.170000E+02  0.189021186941983E-04  0.379436119440912E-06  0.107162285467588E-05
 0.180000E+02  0.137825747692165E-04  0.217070203003406E-06  0.909473019838902E-06
 0.190000E+02  0.975317160216073E-05  0.194892820486181E-06  0.874116283465162E-06
 0.200000E+02  0.777045856995090E-05  0.131689377715072E-06  0.627267754252370E-06
 0.210000E+02  0.675290260237794E-05  0.116181104264056E-06  0.429637980095543E-06
 0.220000E+02  0.481934551444728E-05  0.687729542875846E-07  0.244373634709916E-06
 0.230000E+02  0.364285242759623E-05  0.471818876936897E-07  0.213363861380905E-06
 0.240000E+02  0.313565850203979E-05  0.492129161797084E-07  0.172083213652655E-06
 0.250000E+02  0.262865363572556E-05  0.413634197683407E-07  0.168726512445733E-06
 0.260000E+02  0.205629693982398E-05  0.256428058399022E-07  0.101531790389032E-06
 0.270000E+02  0.149479696259561E-05  0.187569236238892E-07  0.100504497145180E-06
 0.280000E+02  0.114681781193617E-05  0.129503262024148E-07  0.719961069628981E-07
 0.290000E+02  0.111118944107569E-05  0.150265936175726E-07  0.785849206311716E-07
 0.300000E+02  0.837098684418367E-06  0.839274981796919E-08  0.538544291982593E-07
 0.310000E+02  0.706566814368864E-06  0.691059398284587E-08  0.438514445425222E-07
 0.320000E+02  0.523023928340931E-06  0.561201988819290E-08  0.253872596149064E-07
 0.330000E+02  0.442423066843934E-06  0.482351612249082E-08  0.235780849693621E-07
 0.340000E+02  0.382180275303722E-06  0.426163746505557E-08  0.241186253174125E-07
 0.350000E+02  0.268636123373504E-06  0.251320523201156E-08  0.160854509395451E-07
 0.360000E+02  0.250851333739150E-06  0.250333318386258E-08  0.137294724213664E-07
 0.370000E+02  0.188897311640406E-06  0.201211835996471E-08  0.915432553575519E-08
 0.380000E+02  0.170350312118393E-06  0.193929267723646E-08  0.103133486348760E-07
 0.390000E+02  0.131151876967795E-06  0.141570831682539E-08  0.666949645921358E-08
 0.400000E+02  0.953104414422911E-07  0.823906820025472E-09  0.437974165867273E-08
 0.410000E+02  0.943674554291736E-07  0.109081285790123E-08  0.436421336368038E-08
 0.420000E+02  0.695361889506440E-07  0.782965788103800E-09  0.322896238821982E-08
 0.430000E+02  0.619087177410036E-07  0.658195542575343E-09  0.292113556614297E-08
 0.440000E+02  0.457260355778581E-07  0.392013320269684E-09  0.197698582257571E-08
 0.450000E+02  0.374098690642797E-07  0.311981430902992E-09  0.139148485986181E-08
 0.460000E+02  0.352192075944678E-07  0.415349249234061E-09  0.128144275303655E-08
 0.470000E+02  0.266005057932617E-07  0.272139843163560E-09  0.967625546467808E-09
 0.480000E+02  0.256965466180975E-07  0.257377571711550E-09  0.907988059832746E-09
 0.490000E+02  0.208791787335104E-07  0.197234659697463E-09  0.672899863935384E-09
 0.500000E+02  0.179326413276969E-07  0.204287614329705E-09  0.755128357564712E-09
 0.510000E+02  0.146194795242442E-07  0.135402397958535E-09  0.507016253867075E-09
 0.520000E+02  0.124687829899848E-07  0.110291664903886E-09  0.430185765945577E-09
 0.530000E+02  0.113298958685550E-07  0.127723495200317E-09  0.402835269324122E-09
 0.540000E+02  0.879606697459717E-08  0.116649585620360E-09  0.352938261088790E-09
 0.550000E+02  0.907427757177746E-08  0.118844196541120E-09  0.338705761242832E-09
 0.560000E+02  0.652454012270646E-08  0.852174209186866E-10  0.231578902161666E-09
 0.570000E+02  0.617507131035047E-08  0.808718287722349E-10  0.186184112663725E-09
 0.580000E+02  0.560225610479134E-08  0.753846820883907E-10  0.201708826774742E-09
 0.590000E+02  0.477379402364149E-08  0.670784474052528E-10  0.256867592649625E-09
 0.600000E+02  0.465378501503386E-08  0.874626894894342E-10  0.296822601250597E-09
 0.610000E+02  0.436022640835855E-08  0.885720933546287E-10  0.281807034492760E-09
 0.620000E+02  0.395438903076475E-08  0.104918805715415E-09  0.353780294135341E-09
 0.630000E+02  0.304009327937473E-08  0.245555209077088E-09  0.824276626818387E-09
 0.640000E+02  0.658685179831661E-12  0.132630895605416E-12  0.526054284226245E-12
 0.650000E+02  0.000000000000000E+00  0.000000000000000E+00  0.000000000000000E+00
 0.660000E+02  0.000000000000000E+00  0.000000000000000E+00  0.000000000000000E+00
 0.670000E+02  0.000000000000000E+00  0.000000000000000E+00  0.000000000000000E+00
 0.680000E+02  0.000000000000000E+00  0.000000000000000E+00  0.000000000000000E+00
 0.690000E+02  0.000000000000000E+00  0.000000000000000E+00  0.000000000000000E+00
 0.700000E+02  0.000000000000000E+00  0.000000000000000E+00  0.000000000000000E+00
 0.710000E+02  0.000000000000000E+00  0.000000000000000E+00  0.000000000000000E+00
 0.720000E+02  0.000000000000000E+00  0.000000000000000E+00  0.000000000000000E+00
 0.730000E+02  0.000000000000000E+00  0.000000000000000E+00  0.000000000000000E+00
 0.740000E+02  0.000000000000000E+00  0.000000000000000E+00  0.000000000000000E+00
 0.750000E+02  0.000000000000000E+00  0.000000000000000E+00  0.000000000000000E+00
 0.760000E+02  0.000000000000000E+00  0.000000000000000E+00  0.000000000000000E+00
 0.770000E+02  0.000000000000000E+00  0.000000000000000E+00  0.000000000000000E+00
 0.780000E+02  0.000000000000000E+00  0.000000000000000E+00  0.000000000000000E+00
 0.790000E+02  0.000000000000000E+00  0.000000000000000E+00  0.000000000000000E+00
 0.800000E+02  0.000000000000000E+00  0.000000000000000E+00  0.000000000000000E+00
 0.810000E+02  0.000000000000000E+00  0.000000000000000E+00  0.000000000000000E+00
 0.820000E+02  0.000000000000000E+00  0.000000000000000E+00  0.000000000000000E+00
 0.830000E+02  0.000000000000000E+00  0.000000000000000E+00  0.000000000000000E+00
 0.840000E+02  0.000000000000000E+00  0.000000000000000E+00  0.000000000000000E+00
 0.850000E+02  0.000000000000000E+00  0.000000000000000E+00  0.000000000000000E+00
 0.860000E+02  0.000000000000000E+00  0.000000000000000E+00  0.000000000000000E+00
 0.870000E+02  0.000000000000000E+00  0.000000000000000E+00  0.000000000000000E+00
 0.880000E+02  0.000000000000000E+00  0.000000000000000E+00  0.000000000000000E+00
 0.890000E+02  0.000000000000000E+00  0.000000000000000E+00  0.000000000000000E+00
 0.900000E+02  0.000000000000000E+00  0.000000000000000E+00  0.000000000000000E+00
 0.910000E+02  0.000000000000000E+00  0.000000000000000E+00  0.000000000000000E+00
 0.920000E+02  0.000000000000000E+00  0.000000000000000E+00  0.000000000000000E+00
 0.930000E+02  0.000000000000000E+00  0.000000000000000E+00  0.000000000000000E+00
 0.940000E+02  0.000000000000000E+00  0.000000000000000E+00  0.000000000000000E+00
 0.950000E+02  0.000000000000000E+00  0.000000000000000E+00  0.000000000000000E+00
 0.960000E+02  0.000000000000000E+00  0.000000000000000E+00  0.000000000000000E+00
