 0.000000E+00  0.759377110157718E-01  0.000000000000000E+00  0.000000000000000E+00
 0.100000E+01  0.104435472592565E+00  0.335645636077970E-01  0.186271375605429E-02
 0.200000E+01  0.770814145721721E-01  0.277318771113642E-01  0.210674417712653E-02
 0.300000E+01  0.566210909036631E-01  0.231270528092864E-01  0.896589725016383E-03
 0.400000E+01  0.130214987902964E-01  0.215639463522166E-02  0.560096374101704E-03
 0.500000E+01  0.729815312996085E-02  0.939191390427307E-03  0.359029668954847E-03
 0.600000E+01  0.224260739327273E-02  0.172356548091557E-03  0.720204494371046E-04
 0.700000E+01  0.157444990219740E-02  0.807634865385154E-04  0.774845478304087E-04
 0.800000E+01  0.100327309008246E-02  0.419793106978261E-04  0.495994630611563E-04
 0.900000E+01  0.640718689208141E-03  0.345824341749790E-04  0.204879887046872E-04
 0.100000E+02  0.471081512842222E-03  0.219887352641557E-04  0.186374253843269E-04
 0.110000E+02  0.285384138338428E-03  0.126093201036070E-04  0.102728155502163E-04
 0.120000E+02  0.222419910317116E-03  0.779224490488062E-05  0.112873025908122E-04
 0.130000E+02  0.173044538667722E-03  0.697187796272480E-05  0.878105521473493E-05
 0.140000E+02  0.116375319681651E-03  0.400331790195718E-05  0.536549727936375E-05
 0.150000E+02  0.902871910520312E-04  0.252231553243831E-05  0.529921254317778E-05
 0.160000E+02  0.618539694834028E-04  0.191910601010647E-05  0.447690225799380E-05
 0.170000E+02  0.546329023517745E-04  0.111515942230467E-05  0.466738461364635E-05
 0.180000E+02  0.437260746526465E-04  0.110392648350528E-05  0.397567902460372E-05
 0.190000E+02  0.306957297607526E-04  0.760785774720288E-06  0.261308482221723E-05
 0.200000E+02  0.246383811032466E-04  0.552477840615184E-06  0.176569480955791E-05
 0.210000E+02  0.214549121965695E-04  0.372246554240785E-06  0.165861058453592E-05
 0.220000E+02  0.154027905309476E-04  0.225148682459972E-06  0.118642679099168E-05
 0.230000E+02  0.120616123528190E-04  0.186149427566784E-06  0.922850129050912E-06
 0.240000E+02  0.100598815760417E-04  0.174267652624811E-06  0.799894834660475E-06
 0.250000E+02  0.856625017277339E-05  0.178884705444304E-06  0.612978169193742E-06
 0.260000E+02  0.674420435499789E-05  0.110479709842484E-06  0.437943398531870E-06
 0.270000E+02  0.458304218770945E-05  0.799397599608731E-07  0.257297149915819E-06
 0.280000E+02  0.370878182139736E-05  0.756375500181924E-07  0.173229047311513E-06
 0.290000E+02  0.327060814805072E-05  0.809398892189298E-07  0.141962466727354E-06
 0.300000E+02  0.257034458385404E-05  0.549615567627983E-07  0.112961976959274E-06
 0.310000E+02  0.214571000450458E-05  0.344153670804592E-07  0.101606776812570E-06
 0.320000E+02  0.171088146866526E-05  0.236729604970436E-07  0.816678438105012E-07
 0.330000E+02  0.145025674499244E-05  0.253736808673508E-07  0.643814574499690E-07
 0.340000E+02  0.130552597019714E-05  0.251138888485072E-07  0.499280081078714E-07
 0.350000E+02  0.100232468643228E-05  0.134744419795062E-07  0.438561252107898E-07
 0.360000E+02  0.969323999660143E-06  0.129474488829112E-07  0.441125856992693E-07
 0.370000E+02  0.788902758829080E-06  0.116171194768977E-07  0.415118445674847E-07
 0.380000E+02  0.704734510042639E-06  0.113225158815790E-07  0.310641962311762E-07
 0.390000E+02  0.599045314406012E-06  0.802458042660601E-08  0.231245827791342E-07
 0.400000E+02  0.497317892208648E-06  0.501198046800667E-08  0.198926658328752E-07
 0.410000E+02  0.491792648645192E-06  0.398439309170562E-08  0.185522691218852E-07
 0.420000E+02  0.364659565296867E-06  0.312468073645849E-08  0.143300624731111E-07
 0.430000E+02  0.303667451145968E-06  0.330431070794611E-08  0.109364106361674E-07
 0.440000E+02  0.254417762619702E-06  0.250051665258991E-08  0.734809448726427E-08
 0.450000E+02  0.216157728736007E-06  0.185299426236707E-08  0.660079587641365E-08
 0.460000E+02  0.181345455653960E-06  0.185387677355698E-08  0.531694881092376E-08
 0.470000E+02  0.146732120398314E-06  0.197345169590415E-08  0.436664151464274E-08
 0.480000E+02  0.130172686759168E-06  0.180913181083405E-08  0.397377137066005E-08
 0.490000E+02  0.114962258813930E-06  0.144538166217190E-08  0.321547789641026E-08
 0.500000E+02  0.957069728433950E-07  0.108165549060988E-08  0.290314627436475E-08
 0.510000E+02  0.805377359326287E-07  0.105615055918007E-08  0.243999809528168E-08
 0.520000E+02  0.725460048057955E-07  0.938872004182482E-09  0.175584395990574E-08
 0.530000E+02  0.576236916472689E-07  0.963966385725692E-09  0.183834029942899E-08
 0.540000E+02  0.500655242974184E-07  0.112944448439798E-08  0.167875003269348E-08
 0.550000E+02  0.492215453607983E-07  0.111314595141749E-08  0.212139944014602E-08
 0.560000E+02  0.381648101539830E-07  0.948398878248524E-09  0.198387134046975E-08
 0.570000E+02  0.351487267534136E-07  0.799446387016086E-09  0.186921628773462E-08
 0.580000E+02  0.302854438561553E-07  0.106608014143636E-08  0.134503414566593E-08
 0.590000E+02  0.243847294308024E-07  0.859080826120200E-09  0.134685781996805E-08
 0.600000E+02  0.234095968862019E-07  0.529790978441319E-09  0.118407065633630E-08
 0.610000E+02  0.244696595724868E-07  0.968948617418075E-09  0.145474774141489E-08
 0.620000E+02  0.274269957415817E-07  0.154841322076143E-08  0.207159948013167E-08
 0.630000E+02  0.255094258184897E-07  0.372868995665241E-08  0.542708745783199E-08
 0.640000E+02  0.208751612458709E-10  0.179984656735813E-11  0.190753146785128E-10
 0.650000E+02  0.000000000000000E+00  0.000000000000000E+00  0.000000000000000E+00
 0.660000E+02  0.000000000000000E+00  0.000000000000000E+00  0.000000000000000E+00
 0.670000E+02  0.000000000000000E+00  0.000000000000000E+00  0.000000000000000E+00
 0.680000E+02  0.000000000000000E+00  0.000000000000000E+00  0.000000000000000E+00
 0.690000E+02  0.000000000000000E+00  0.000000000000000E+00  0.000000000000000E+00
 0.700000E+02  0.000000000000000E+00  0.000000000000000E+00  0.000000000000000E+00
 0.710000E+02  0.000000000000000E+00  0.000000000000000E+00  0.000000000000000E+00
 0.720000E+02  0.000000000000000E+00  0.000000000000000E+00  0.000000000000000E+00
 0.730000E+02  0.000000000000000E+00  0.000000000000000E+00  0.000000000000000E+00
 0.740000E+02  0.000000000000000E+00  0.000000000000000E+00  0.000000000000000E+00
 0.750000E+02  0.000000000000000E+00  0.000000000000000E+00  0.000000000000000E+00
 0.760000E+02  0.000000000000000E+00  0.000000000000000E+00  0.000000000000000E+00
 0.770000E+02  0.000000000000000E+00  0.000000000000000E+00  0.000000000000000E+00
 0.780000E+02  0.000000000000000E+00  0.000000000000000E+00  0.000000000000000E+00
 0.790000E+02  0.000000000000000E+00  0.000000000000000E+00  0.000000000000000E+00
 0.800000E+02  0.000000000000000E+00  0.000000000000000E+00  0.000000000000000E+00
 0.810000E+02  0.000000000000000E+00  0.000000000000000E+00  0.000000000000000E+00
 0.820000E+02  0.000000000000000E+00  0.000000000000000E+00  0.000000000000000E+00
 0.830000E+02  0.000000000000000E+00  0.000000000000000E+00  0.000000000000000E+00
 0.840000E+02  0.000000000000000E+00  0.000000000000000E+00  0.000000000000000E+00
 0.850000E+02  0.000000000000000E+00  0.000000000000000E+00  0.000000000000000E+00
 0.860000E+02  0.000000000000000E+00  0.000000000000000E+00  0.000000000000000E+00
 0.870000E+02  0.000000000000000E+00  0.000000000000000E+00  0.000000000000000E+00
 0.880000E+02  0.000000000000000E+00  0.000000000000000E+00  0.000000000000000E+00
 0.890000E+02  0.000000000000000E+00  0.000000000000000E+00  0.000000000000000E+00
 0.900000E+02  0.000000000000000E+00  0.000000000000000E+00  0.000000000000000E+00
 0.910000E+02  0.000000000000000E+00  0.000000000000000E+00  0.000000000000000E+00
 0.920000E+02  0.000000000000000E+00  0.000000000000000E+00  0.000000000000000E+00
 0.930000E+02  0.000000000000000E+00  0.000000000000000E+00  0.000000000000000E+00
 0.940000E+02  0.000000000000000E+00  0.000000000000000E+00  0.000000000000000E+00
 0.950000E+02  0.000000000000000E+00  0.000000000000000E+00  0.000000000000000E+00
 0.960000E+02  0.000000000000000E+00  0.000000000000000E+00  0.000000000000000E+00
