 0.100000E+01  0.265626176175471E-01
 0.200000E+01  0.219495827804793E-01
 0.300000E+01  0.164406710222958E-01
 0.400000E+01  0.127285501916900E+00
 0.500000E+01  0.289983393418460E-01
 0.600000E+01  0.364812209564709E-02
 0.700000E+01  0.868551108315960E-03
 0.800000E+01  0.294126869180867E-01
 0.900000E+01  0.623219647540710E-02
 0.100000E+02  0.681200751936673E-03
 0.110000E+02  0.256633307337382E-03
 0.120000E+02  0.118210461922226E-01
 0.130000E+02  0.187528067513242E-02
 0.140000E+02  0.325643965045136E-03
 0.150000E+02  0.112859332516809E-03
 0.160000E+02  0.397833912813402E-02
 0.170000E+02  0.947362129365501E-03
 0.180000E+02  0.145784577978866E-03
 0.190000E+02  0.568239125016825E-04
 0.200000E+02  0.159304073909587E-02
 0.210000E+02  0.332971603855413E-03
 0.220000E+02  0.771424722580110E-04
 0.230000E+02  0.267720841963454E-04
 0.240000E+02  0.447157364343060E-03
 0.250000E+02  0.221611099790992E-03
 0.260000E+02  0.341766447868969E-04
 0.270000E+02  0.135394996911167E-04
 0.280000E+02  0.164282225644143E-03
 0.290000E+02  0.851761157842754E-04
 0.300000E+02  0.180251698866732E-04
 0.310000E+02  0.753733456325389E-05
 0.320000E+02  0.724446591167205E-04
 0.330000E+02  0.349927399451042E-04
 0.340000E+02  0.910944262328822E-05
 0.350000E+02  0.432022146479441E-05
 0.360000E+02  0.269390561882894E-04
 0.370000E+02  0.171001494703573E-04
 0.380000E+02  0.474356815295041E-05
 0.390000E+02  0.201594634652917E-05
 0.400000E+02  0.954669276735410E-05
 0.410000E+02  0.748199644208771E-05
 0.420000E+02  0.244760746475250E-05
 0.430000E+02  0.111202789803095E-05
 0.440000E+02  0.357479011497022E-05
 0.450000E+02  0.351047797024793E-05
 0.460000E+02  0.127199385054136E-05
 0.470000E+02  0.612613833549456E-06
 0.480000E+02  0.153888112446415E-05
 0.490000E+02  0.159778820775405E-05
 0.500000E+02  0.626019077710853E-06
 0.510000E+02  0.362430277771938E-06
 0.520000E+02  0.721313820246495E-06
 0.530000E+02  0.774804347579505E-06
 0.540000E+02  0.360851676422824E-06
 0.550000E+02  0.198359720661852E-06
 0.560000E+02  0.329212179542142E-06
 0.570000E+02  0.415926792647240E-06
 0.580000E+02  0.210702414157306E-06
 0.590000E+02  0.135993043895309E-06
 0.600000E+02  0.175179775155213E-06
 0.610000E+02  0.268019245118043E-06
 0.620000E+02  0.156904766263481E-06
 0.630000E+02  0.102701420589577E-06
 0.640000E+02  0.472763039087565E-07
 0.650000E+02  0.000000000000000E+00
 0.660000E+02  0.000000000000000E+00
 0.670000E+02  0.000000000000000E+00
 0.680000E+02  0.000000000000000E+00
 0.690000E+02  0.000000000000000E+00
 0.700000E+02  0.000000000000000E+00
 0.710000E+02  0.000000000000000E+00
 0.720000E+02  0.000000000000000E+00
 0.730000E+02  0.000000000000000E+00
 0.740000E+02  0.000000000000000E+00
 0.750000E+02  0.000000000000000E+00
 0.760000E+02  0.000000000000000E+00
 0.770000E+02  0.000000000000000E+00
 0.780000E+02  0.000000000000000E+00
 0.790000E+02  0.000000000000000E+00
 0.800000E+02  0.000000000000000E+00
 0.810000E+02  0.000000000000000E+00
 0.820000E+02  0.000000000000000E+00
 0.830000E+02  0.000000000000000E+00
 0.840000E+02  0.000000000000000E+00
 0.850000E+02  0.000000000000000E+00
 0.860000E+02  0.000000000000000E+00
 0.870000E+02  0.000000000000000E+00
 0.880000E+02  0.000000000000000E+00
 0.890000E+02  0.000000000000000E+00
 0.900000E+02  0.000000000000000E+00
 0.910000E+02  0.000000000000000E+00
 0.920000E+02  0.000000000000000E+00
 0.930000E+02  0.000000000000000E+00
 0.940000E+02  0.000000000000000E+00
 0.950000E+02  0.000000000000000E+00
 0.960000E+02  0.000000000000000E+00
 0.970000E+02  0.000000000000000E+00
