 0.000000E+00  0.251071330475034E-01  0.229709932757105E-01  0.213613977179281E-02
 0.400000E+01  0.662379931272206E-01  0.655905500278912E-01  0.647443099329621E-03
 0.800000E+01  0.139163859838237E-01  0.136336509142920E-01  0.282735069531736E-03
 0.120000E+02  0.515542760918161E-02  0.504372365960175E-02  0.111703949579885E-03
 0.160000E+02  0.201320607091203E-02  0.197296948222073E-02  0.402365886913296E-04
 0.200000E+02  0.836175767963727E-03  0.818519127862244E-03  0.176566401014854E-04
 0.240000E+02  0.325312629007766E-03  0.317767586085126E-03  0.754504292264156E-05
 0.280000E+02  0.139472915980385E-03  0.136214150280961E-03  0.325876569942405E-05
 0.320000E+02  0.651407523129275E-04  0.635856923275978E-04  0.155505998532984E-05
 0.360000E+02  0.306166617534628E-04  0.299035907830939E-04  0.713070970368817E-06
 0.400000E+02  0.137783662407719E-04  0.134177567092121E-04  0.360609531559792E-06
 0.440000E+02  0.734881759058446E-05  0.715643220919561E-05  0.192385381388849E-06
 0.480000E+02  0.360790353047971E-05  0.350365543940962E-05  0.104248091070088E-06
 0.520000E+02  0.192542352069730E-05  0.186997774281701E-05  0.554457778802893E-07
 0.560000E+02  0.122005314394109E-05  0.118736049503089E-05  0.326926489101975E-07
 0.600000E+02  0.932933086874326E-06  0.917446581543465E-06  0.154865053308614E-07
 0.640000E+02  0.313908965487997E-08  0.313908965487997E-08  0.000000000000000E+00
 0.680000E+02  0.000000000000000E+00  0.000000000000000E+00  0.000000000000000E+00
 0.720000E+02  0.000000000000000E+00  0.000000000000000E+00  0.000000000000000E+00
 0.760000E+02  0.000000000000000E+00  0.000000000000000E+00  0.000000000000000E+00
 0.800000E+02  0.000000000000000E+00  0.000000000000000E+00  0.000000000000000E+00
 0.840000E+02  0.000000000000000E+00  0.000000000000000E+00  0.000000000000000E+00
 0.880000E+02  0.000000000000000E+00  0.000000000000000E+00  0.000000000000000E+00
 0.920000E+02  0.000000000000000E+00  0.000000000000000E+00  0.000000000000000E+00
 0.960000E+02  0.000000000000000E+00  0.000000000000000E+00  0.000000000000000E+00
