 0.000000E+00  0.574249972312111E-01  0.000000000000000E+00  0.000000000000000E+00
 0.100000E+01  0.108615159496947E+00  0.251589205581695E-01  0.140369690780062E-02
 0.200000E+01  0.651711087121568E-01  0.223437438980909E-01  0.282177489680180E-02
 0.300000E+01  0.364185987019773E-01  0.179139065876370E-01  0.176310393726453E-02
 0.400000E+01  0.910859217819112E-02  0.295548058238637E-02  0.622438343725662E-03
 0.500000E+01  0.418153523199444E-02  0.220905257421578E-03  0.476935477138341E-03
 0.600000E+01  0.153432120163989E-02  0.754925399064632E-04  0.195545483990145E-03
 0.700000E+01  0.856135889855996E-03  0.526320156346571E-04  0.894050521367262E-04
 0.800000E+01  0.553680669080934E-03  0.279506063520785E-04  0.568805582297216E-04
 0.900000E+01  0.298453622518319E-03  0.148208172507935E-04  0.435564264051891E-04
 0.100000E+02  0.202981196452101E-03  0.687195262197293E-05  0.209498966050603E-04
 0.110000E+02  0.120548254509784E-03  0.421184405086095E-05  0.964152279414598E-05
 0.120000E+02  0.100020417977211E-03  0.255431309359455E-05  0.937251056321031E-05
 0.130000E+02  0.685465413842555E-04  0.236226343233725E-05  0.580678494288556E-05
 0.140000E+02  0.442051095594335E-04  0.144787294054094E-05  0.373582896576186E-05
 0.150000E+02  0.337927829393952E-04  0.953420683222350E-06  0.323423306447523E-05
 0.160000E+02  0.218905071259031E-04  0.542075376364082E-06  0.196564434917779E-05
 0.170000E+02  0.186172476034073E-04  0.460287878933235E-06  0.131272682189765E-05
 0.180000E+02  0.134660540072659E-04  0.285936836970022E-06  0.128489677311827E-05
 0.190000E+02  0.944554030566883E-05  0.177372782255228E-06  0.775853969653406E-06
 0.200000E+02  0.703118827010520E-05  0.133307922775203E-06  0.428312128051937E-06
 0.210000E+02  0.633246005638732E-05  0.950746005742853E-07  0.535334634295392E-06
 0.220000E+02  0.423886063832079E-05  0.594040966530110E-07  0.368832383470033E-06
 0.230000E+02  0.330840627163388E-05  0.459929622945859E-07  0.240890115241373E-06
 0.240000E+02  0.272943145872524E-05  0.385471394326667E-07  0.192321481661158E-06
 0.250000E+02  0.222619903209220E-05  0.344734877308957E-07  0.135900338437550E-06
 0.260000E+02  0.166737340996733E-05  0.238735176964723E-07  0.121407283967898E-06
 0.270000E+02  0.121726514891259E-05  0.147317570115425E-07  0.935772716918748E-07
 0.280000E+02  0.965167233521012E-06  0.117329609179901E-07  0.529069787286174E-07
 0.290000E+02  0.842218432772660E-06  0.101428449596512E-07  0.597279080246076E-07
 0.300000E+02  0.644874321117397E-06  0.749153694455792E-08  0.442910908040640E-07
 0.310000E+02  0.531590093643380E-06  0.652603816386071E-08  0.398857444255767E-07
 0.320000E+02  0.393771885375257E-06  0.463726631887932E-08  0.272091982248153E-07
 0.330000E+02  0.321333052767306E-06  0.306823936179965E-08  0.176260154732073E-07
 0.340000E+02  0.275939140109423E-06  0.262635292742788E-08  0.177685656038560E-07
 0.350000E+02  0.196183336309196E-06  0.176031632369636E-08  0.122986146479278E-07
 0.360000E+02  0.176574977392190E-06  0.158475547283918E-08  0.974775489875733E-08
 0.370000E+02  0.130146312208179E-06  0.113153999035858E-08  0.707812871983122E-08
 0.380000E+02  0.117840372356299E-06  0.847469931179094E-09  0.619670562941859E-08
 0.390000E+02  0.874794762030255E-07  0.649819429897200E-09  0.527759894510330E-08
 0.400000E+02  0.654251240954500E-07  0.573147831261768E-09  0.409550309178532E-08
 0.410000E+02  0.637638080410276E-07  0.447770331528157E-09  0.345976154336749E-08
 0.420000E+02  0.479675956522621E-07  0.361184566838093E-09  0.238796114759552E-08
 0.430000E+02  0.410313916954394E-07  0.307003450889946E-09  0.244089783180984E-08
 0.440000E+02  0.301267804860963E-07  0.235995469938787E-09  0.179810291321399E-08
 0.450000E+02  0.254256815300553E-07  0.186640881465093E-09  0.141183323997432E-08
 0.460000E+02  0.219952325005560E-07  0.150965970931756E-09  0.102061516628263E-08
 0.470000E+02  0.163251893060665E-07  0.114993143331182E-09  0.835890687179638E-09
 0.480000E+02  0.148978139559111E-07  0.986341852600044E-10  0.772428295950234E-09
 0.490000E+02  0.114427599908020E-07  0.806254345517533E-10  0.576362983019700E-09
 0.500000E+02  0.995527117066522E-08  0.765871971056441E-10  0.514721591467194E-09
 0.510000E+02  0.772203654342798E-08  0.665748360511516E-10  0.406231542701607E-09
 0.520000E+02  0.615436721792982E-08  0.587017255111566E-10  0.340018228094036E-09
 0.530000E+02  0.548082634215890E-08  0.471664573723742E-10  0.325127124264401E-09
 0.540000E+02  0.412231681486951E-08  0.396562456051062E-10  0.240904071873026E-09
 0.550000E+02  0.402625418208005E-08  0.391523544586054E-10  0.196332282846348E-09
 0.560000E+02  0.292098498569191E-08  0.281215113450495E-10  0.160387110555161E-09
 0.570000E+02  0.253584863119378E-08  0.271088503621827E-10  0.149438778565670E-09
 0.580000E+02  0.232143085554577E-08  0.246115163949535E-10  0.130903298926029E-09
 0.590000E+02  0.169167396673002E-08  0.231395165904177E-10  0.110868284103894E-09
 0.600000E+02  0.168579362777961E-08  0.193147547928154E-10  0.153471077436390E-09
 0.610000E+02  0.133565372222254E-08  0.153947364204933E-10  0.150536466916189E-09
 0.620000E+02  0.142031891944148E-08  0.221418935793801E-10  0.163591047695339E-09
 0.630000E+02  0.137967978723417E-08  0.462101612280893E-10  0.362202132087090E-09
 0.640000E+02  0.105106598439683E-11  0.460065279533277E-12  0.591000704863558E-12
 0.650000E+02  0.000000000000000E+00  0.000000000000000E+00  0.000000000000000E+00
 0.660000E+02  0.000000000000000E+00  0.000000000000000E+00  0.000000000000000E+00
 0.670000E+02  0.000000000000000E+00  0.000000000000000E+00  0.000000000000000E+00
 0.680000E+02  0.000000000000000E+00  0.000000000000000E+00  0.000000000000000E+00
 0.690000E+02  0.000000000000000E+00  0.000000000000000E+00  0.000000000000000E+00
 0.700000E+02  0.000000000000000E+00  0.000000000000000E+00  0.000000000000000E+00
 0.710000E+02  0.000000000000000E+00  0.000000000000000E+00  0.000000000000000E+00
 0.720000E+02  0.000000000000000E+00  0.000000000000000E+00  0.000000000000000E+00
 0.730000E+02  0.000000000000000E+00  0.000000000000000E+00  0.000000000000000E+00
 0.740000E+02  0.000000000000000E+00  0.000000000000000E+00  0.000000000000000E+00
 0.750000E+02  0.000000000000000E+00  0.000000000000000E+00  0.000000000000000E+00
 0.760000E+02  0.000000000000000E+00  0.000000000000000E+00  0.000000000000000E+00
 0.770000E+02  0.000000000000000E+00  0.000000000000000E+00  0.000000000000000E+00
 0.780000E+02  0.000000000000000E+00  0.000000000000000E+00  0.000000000000000E+00
 0.790000E+02  0.000000000000000E+00  0.000000000000000E+00  0.000000000000000E+00
 0.800000E+02  0.000000000000000E+00  0.000000000000000E+00  0.000000000000000E+00
 0.810000E+02  0.000000000000000E+00  0.000000000000000E+00  0.000000000000000E+00
 0.820000E+02  0.000000000000000E+00  0.000000000000000E+00  0.000000000000000E+00
 0.830000E+02  0.000000000000000E+00  0.000000000000000E+00  0.000000000000000E+00
 0.840000E+02  0.000000000000000E+00  0.000000000000000E+00  0.000000000000000E+00
 0.850000E+02  0.000000000000000E+00  0.000000000000000E+00  0.000000000000000E+00
 0.860000E+02  0.000000000000000E+00  0.000000000000000E+00  0.000000000000000E+00
 0.870000E+02  0.000000000000000E+00  0.000000000000000E+00  0.000000000000000E+00
 0.880000E+02  0.000000000000000E+00  0.000000000000000E+00  0.000000000000000E+00
 0.890000E+02  0.000000000000000E+00  0.000000000000000E+00  0.000000000000000E+00
 0.900000E+02  0.000000000000000E+00  0.000000000000000E+00  0.000000000000000E+00
 0.910000E+02  0.000000000000000E+00  0.000000000000000E+00  0.000000000000000E+00
 0.920000E+02  0.000000000000000E+00  0.000000000000000E+00  0.000000000000000E+00
 0.930000E+02  0.000000000000000E+00  0.000000000000000E+00  0.000000000000000E+00
 0.940000E+02  0.000000000000000E+00  0.000000000000000E+00  0.000000000000000E+00
 0.950000E+02  0.000000000000000E+00  0.000000000000000E+00  0.000000000000000E+00
 0.960000E+02  0.000000000000000E+00  0.000000000000000E+00  0.000000000000000E+00
