 0.000000E+00  0.811300141370692E-01  0.000000000000000E+00  0.000000000000000E+00
 0.100000E+01  0.150832969808744E+00  0.156401710701175E-01  0.196360159316100E-02
 0.200000E+01  0.505550164391054E-01  0.157591836468782E-01  0.202629186242120E-02
 0.300000E+01  0.435680580408988E-01  0.192451704060659E-01  0.164226452125149E-02
 0.400000E+01  0.109743651855728E-01  0.308862392375886E-02  0.461315682059649E-03
 0.500000E+01  0.380475198165903E-02  0.421350296619494E-03  0.177657910711559E-03
 0.600000E+01  0.145074184012068E-02  0.834494150439014E-04  0.147643961621924E-03
 0.700000E+01  0.824298211030552E-03  0.398741420539750E-04  0.709038348443158E-04
 0.800000E+01  0.464001792481302E-03  0.308999616223105E-04  0.409405298524845E-04
 0.900000E+01  0.249302869678121E-03  0.793011972599622E-05  0.198401903315215E-04
 0.100000E+02  0.169112825407313E-03  0.611970768638059E-05  0.120069339919482E-04
 0.110000E+02  0.102348906374882E-03  0.447885123833203E-05  0.737423641661294E-05
 0.120000E+02  0.773710774108018E-04  0.244736263410594E-05  0.562712949880861E-05
 0.130000E+02  0.550196709843844E-04  0.144980401003622E-05  0.442033147410315E-05
 0.140000E+02  0.325146846431317E-04  0.725604066165175E-06  0.203031278722676E-05
 0.150000E+02  0.232335567496170E-04  0.499187220448505E-06  0.124699577159354E-05
 0.160000E+02  0.160021473514224E-04  0.326609144098156E-06  0.116130622257460E-05
 0.170000E+02  0.141279097594267E-04  0.287413092086436E-06  0.978530651840614E-06
 0.180000E+02  0.912378089278137E-05  0.152407109306127E-06  0.519807222959523E-06
 0.190000E+02  0.711348991518285E-05  0.135918255922754E-06  0.443117973730756E-06
 0.200000E+02  0.518182523699908E-05  0.879984580542600E-07  0.379545615714072E-06
 0.210000E+02  0.432024887248905E-05  0.816961104720820E-07  0.266800715020832E-06
 0.220000E+02  0.310239215189610E-05  0.440722894273077E-07  0.180209452856767E-06
 0.230000E+02  0.222605234827463E-05  0.352571249955663E-07  0.138146584633542E-06
 0.240000E+02  0.181263692479588E-05  0.241312074112537E-07  0.109006714369493E-06
 0.250000E+02  0.159006417023243E-05  0.216949277752690E-07  0.108560994329081E-06
 0.260000E+02  0.124642412923194E-05  0.158683263395618E-07  0.625584619644987E-07
 0.270000E+02  0.848166938791545E-06  0.954720503099516E-08  0.501597303827032E-07
 0.280000E+02  0.694510114699798E-06  0.800225683807165E-08  0.434236423797751E-07
 0.290000E+02  0.600524818107686E-06  0.658767553213865E-08  0.317078840414778E-07
 0.300000E+02  0.438942477013622E-06  0.519890017594928E-08  0.226672369225002E-07
 0.310000E+02  0.378288527424869E-06  0.429747031989685E-08  0.253915641583360E-07
 0.320000E+02  0.267828639731664E-06  0.306771848597670E-08  0.165648841876924E-07
 0.330000E+02  0.214041346134949E-06  0.248308006759747E-08  0.115109549017178E-07
 0.340000E+02  0.193428690370898E-06  0.205348706862988E-08  0.115913558501493E-07
 0.350000E+02  0.131253625268505E-06  0.138484698241590E-08  0.763836557346744E-08
 0.360000E+02  0.113444343069968E-06  0.123050254008513E-08  0.621116982249970E-08
 0.370000E+02  0.895705742265350E-07  0.100731099192420E-08  0.484662864174063E-08
 0.380000E+02  0.753845564138342E-07  0.908732673152150E-09  0.402415497012339E-08
 0.390000E+02  0.574652006809612E-07  0.640371238989982E-09  0.325453279159237E-08
 0.400000E+02  0.451393816045033E-07  0.472540015455128E-09  0.237302935336909E-08
 0.410000E+02  0.400350058633571E-07  0.443843636514701E-09  0.212642599887375E-08
 0.420000E+02  0.321169343720710E-07  0.370719612649835E-09  0.170678334593584E-08
 0.430000E+02  0.266426763952566E-07  0.299457817525560E-09  0.125794575279260E-08
 0.440000E+02  0.202449566846829E-07  0.234601790704472E-09  0.993114900405212E-09
 0.450000E+02  0.164151546310369E-07  0.196916117833345E-09  0.785590398915764E-09
 0.460000E+02  0.146540462244883E-07  0.158828377476163E-09  0.686715373068075E-09
 0.470000E+02  0.111286777440629E-07  0.123803666179444E-09  0.518845882981766E-09
 0.480000E+02  0.944956015081600E-08  0.124486074901533E-09  0.435524219058323E-09
 0.490000E+02  0.799551552975331E-08  0.880727024170438E-10  0.331261457715242E-09
 0.500000E+02  0.633308672709738E-08  0.643541175742977E-10  0.292499151633109E-09
 0.510000E+02  0.529497290144631E-08  0.549151605470935E-10  0.254066292240817E-09
 0.520000E+02  0.447396051907491E-08  0.444142259361289E-10  0.209232676771748E-09
 0.530000E+02  0.342598186376704E-08  0.454840822106556E-10  0.185280863664950E-09
 0.540000E+02  0.290430621643559E-08  0.373371926148096E-10  0.164183824108215E-09
 0.550000E+02  0.293048834564259E-08  0.416269666889651E-10  0.168629224020664E-09
 0.560000E+02  0.214361754176488E-08  0.351291343467887E-10  0.116024486915944E-09
 0.570000E+02  0.177312397350971E-08  0.229540714572262E-10  0.879599673311645E-10
 0.580000E+02  0.146987781140438E-08  0.277236103884388E-10  0.102631690967043E-09
 0.590000E+02  0.158123815243692E-08  0.370875303290887E-10  0.105748668147742E-09
 0.600000E+02  0.125009024211421E-08  0.263467463287907E-10  0.837864735303088E-10
 0.610000E+02  0.114634177789848E-08  0.175787046969799E-10  0.754371472964382E-10
 0.620000E+02  0.117189281095523E-08  0.215793929993125E-10  0.125966321405666E-09
 0.630000E+02  0.705475947968516E-09  0.262285890903279E-10  0.199228557658084E-09
 0.640000E+02  0.834657345273387E-12  0.138153943444802E-12  0.696503401828585E-12
 0.650000E+02  0.000000000000000E+00  0.000000000000000E+00  0.000000000000000E+00
 0.660000E+02  0.000000000000000E+00  0.000000000000000E+00  0.000000000000000E+00
 0.670000E+02  0.000000000000000E+00  0.000000000000000E+00  0.000000000000000E+00
 0.680000E+02  0.000000000000000E+00  0.000000000000000E+00  0.000000000000000E+00
 0.690000E+02  0.000000000000000E+00  0.000000000000000E+00  0.000000000000000E+00
 0.700000E+02  0.000000000000000E+00  0.000000000000000E+00  0.000000000000000E+00
 0.710000E+02  0.000000000000000E+00  0.000000000000000E+00  0.000000000000000E+00
 0.720000E+02  0.000000000000000E+00  0.000000000000000E+00  0.000000000000000E+00
 0.730000E+02  0.000000000000000E+00  0.000000000000000E+00  0.000000000000000E+00
 0.740000E+02  0.000000000000000E+00  0.000000000000000E+00  0.000000000000000E+00
 0.750000E+02  0.000000000000000E+00  0.000000000000000E+00  0.000000000000000E+00
 0.760000E+02  0.000000000000000E+00  0.000000000000000E+00  0.000000000000000E+00
 0.770000E+02  0.000000000000000E+00  0.000000000000000E+00  0.000000000000000E+00
 0.780000E+02  0.000000000000000E+00  0.000000000000000E+00  0.000000000000000E+00
 0.790000E+02  0.000000000000000E+00  0.000000000000000E+00  0.000000000000000E+00
 0.800000E+02  0.000000000000000E+00  0.000000000000000E+00  0.000000000000000E+00
 0.810000E+02  0.000000000000000E+00  0.000000000000000E+00  0.000000000000000E+00
 0.820000E+02  0.000000000000000E+00  0.000000000000000E+00  0.000000000000000E+00
 0.830000E+02  0.000000000000000E+00  0.000000000000000E+00  0.000000000000000E+00
 0.840000E+02  0.000000000000000E+00  0.000000000000000E+00  0.000000000000000E+00
 0.850000E+02  0.000000000000000E+00  0.000000000000000E+00  0.000000000000000E+00
 0.860000E+02  0.000000000000000E+00  0.000000000000000E+00  0.000000000000000E+00
 0.870000E+02  0.000000000000000E+00  0.000000000000000E+00  0.000000000000000E+00
 0.880000E+02  0.000000000000000E+00  0.000000000000000E+00  0.000000000000000E+00
 0.890000E+02  0.000000000000000E+00  0.000000000000000E+00  0.000000000000000E+00
 0.900000E+02  0.000000000000000E+00  0.000000000000000E+00  0.000000000000000E+00
 0.910000E+02  0.000000000000000E+00  0.000000000000000E+00  0.000000000000000E+00
 0.920000E+02  0.000000000000000E+00  0.000000000000000E+00  0.000000000000000E+00
 0.930000E+02  0.000000000000000E+00  0.000000000000000E+00  0.000000000000000E+00
 0.940000E+02  0.000000000000000E+00  0.000000000000000E+00  0.000000000000000E+00
 0.950000E+02  0.000000000000000E+00  0.000000000000000E+00  0.000000000000000E+00
 0.960000E+02  0.000000000000000E+00  0.000000000000000E+00  0.000000000000000E+00
