 0.000000E+00  0.893487894591061E-01  0.000000000000000E+00  0.000000000000000E+00
 0.100000E+01  0.124612220227548E+00  0.256954017968383E-01  0.318821299879346E-02
 0.200000E+01  0.899985306025570E-01  0.367424947326072E-01  0.249104648719367E-02
 0.300000E+01  0.394268066861942E-01  0.158581855066586E-01  0.269690853019711E-02
 0.400000E+01  0.864014977390809E-02  0.163359339694580E-02  0.517160013600915E-03
 0.500000E+01  0.488242695308637E-02  0.287887042645707E-03  0.357366586911212E-03
 0.600000E+01  0.170263440396704E-02  0.117917087379737E-03  0.162949484888486E-03
 0.700000E+01  0.105354126222726E-02  0.502997521323323E-04  0.851237862065091E-04
 0.800000E+01  0.642451746515706E-03  0.314420218341382E-04  0.603585866301160E-04
 0.900000E+01  0.361803859573614E-03  0.204652209454537E-04  0.324392769357473E-04
 0.100000E+02  0.256670742562056E-03  0.149932745383552E-04  0.208528975802480E-04
 0.110000E+02  0.134553037623642E-03  0.510775467921221E-05  0.117558802659179E-04
 0.120000E+02  0.110786950006683E-03  0.374956475023350E-05  0.866152485634597E-05
 0.130000E+02  0.806548516354830E-04  0.251801411588204E-05  0.578859602390347E-05
 0.140000E+02  0.485638246686775E-04  0.151689706347213E-05  0.456234313839232E-05
 0.150000E+02  0.365689995373407E-04  0.100021708770992E-05  0.418728984852290E-05
 0.160000E+02  0.250544884416388E-04  0.666961623541074E-06  0.202990544984072E-05
 0.170000E+02  0.213138102365297E-04  0.428026608434440E-06  0.187283308611397E-05
 0.180000E+02  0.150437843672085E-04  0.381695271545884E-06  0.141235389078398E-05
 0.190000E+02  0.115403234458848E-04  0.250149270507663E-06  0.738041590953031E-06
 0.200000E+02  0.822572225565649E-05  0.166665731708704E-06  0.649231241687392E-06
 0.210000E+02  0.702451664185718E-05  0.165745846655158E-06  0.528216712938900E-06
 0.220000E+02  0.485007714087525E-05  0.981671188218444E-07  0.359547248581643E-06
 0.230000E+02  0.381759078423819E-05  0.774284292445748E-07  0.249929974743823E-06
 0.240000E+02  0.313968495708386E-05  0.519393953037767E-07  0.208417275587153E-06
 0.250000E+02  0.246963593454698E-05  0.447484813115181E-07  0.148237802573802E-06
 0.260000E+02  0.207381655122217E-05  0.298586028220013E-07  0.144133882229620E-06
 0.270000E+02  0.144637356636692E-05  0.230876177698472E-07  0.905175127708172E-07
 0.280000E+02  0.112041015026468E-05  0.165591543845045E-07  0.610508859885634E-07
 0.290000E+02  0.102073199903824E-05  0.151496465619801E-07  0.589422283443298E-07
 0.300000E+02  0.784958481569885E-06  0.101095213110147E-07  0.518797964536161E-07
 0.310000E+02  0.681502872124442E-06  0.942143958367666E-08  0.409077940668936E-07
 0.320000E+02  0.482034316528154E-06  0.650919951923276E-08  0.290171843505909E-07
 0.330000E+02  0.415951800409707E-06  0.510732780165926E-08  0.277101313941094E-07
 0.340000E+02  0.355943265330272E-06  0.588482743438257E-08  0.232632879559273E-07
 0.350000E+02  0.256313978644184E-06  0.334032099506484E-08  0.137684653416957E-07
 0.360000E+02  0.235224869747268E-06  0.303152636189400E-08  0.161372214294584E-07
 0.370000E+02  0.182487559670471E-06  0.226085249929357E-08  0.110872260125156E-07
 0.380000E+02  0.170033396806777E-06  0.194800553702260E-08  0.796898052902236E-08
 0.390000E+02  0.126720033151728E-06  0.122461578033516E-08  0.728768594758934E-08
 0.400000E+02  0.952706175613576E-07  0.102055362649944E-08  0.499041492643139E-08
 0.410000E+02  0.100602591801748E-06  0.104389234037346E-08  0.439418751499486E-08
 0.420000E+02  0.723802054223338E-07  0.660596074475000E-09  0.397985929692335E-08
 0.430000E+02  0.674399862112514E-07  0.741761381833163E-09  0.363495087745943E-08
 0.440000E+02  0.498949839065337E-07  0.529318338280481E-09  0.260871081073782E-08
 0.450000E+02  0.443541245124813E-07  0.428417629365054E-09  0.227707203095885E-08
 0.460000E+02  0.402958327438170E-07  0.405050519104491E-09  0.182686918683819E-08
 0.470000E+02  0.303339973864913E-07  0.267244176035360E-09  0.196138896478096E-08
 0.480000E+02  0.313231901172168E-07  0.232763303930205E-09  0.171870405146276E-08
 0.490000E+02  0.235013024229278E-07  0.184249315442217E-09  0.100242122721899E-08
 0.500000E+02  0.225119304757686E-07  0.175366414597446E-09  0.151038137038270E-08
 0.510000E+02  0.176857713711664E-07  0.113995439349483E-09  0.956076101584645E-09
 0.520000E+02  0.143743741428355E-07  0.104357319329502E-09  0.757775963479216E-09
 0.530000E+02  0.155253915683268E-07  0.129402939863037E-09  0.877049984561697E-09
 0.540000E+02  0.109937661569774E-07  0.686806475207979E-10  0.932067005538566E-09
 0.550000E+02  0.119976858847817E-07  0.987342132490886E-10  0.697646535097590E-09
 0.560000E+02  0.860204054344054E-08  0.710875911096175E-10  0.546784529873658E-09
 0.570000E+02  0.759008171562692E-08  0.597785443739707E-10  0.529741108673565E-09
 0.580000E+02  0.825740946604953E-08  0.643773505515311E-10  0.493153240329799E-09
 0.590000E+02  0.600807470081475E-08  0.515323471590135E-10  0.445779640951295E-09
 0.600000E+02  0.584605616067535E-08  0.631461474063898E-10  0.325931299212309E-09
 0.610000E+02  0.504580788135963E-08  0.561007093663791E-10  0.360181752261560E-09
 0.620000E+02  0.682376587260677E-08  0.682150685306400E-10  0.117409135543527E-08
 0.630000E+02  0.404651598519239E-08  0.795320539806763E-10  0.137878852501892E-08
 0.640000E+02  0.341429170956723E-11  0.397112791394459E-12  0.301717891817277E-11
 0.650000E+02  0.000000000000000E+00  0.000000000000000E+00  0.000000000000000E+00
 0.660000E+02  0.000000000000000E+00  0.000000000000000E+00  0.000000000000000E+00
 0.670000E+02  0.000000000000000E+00  0.000000000000000E+00  0.000000000000000E+00
 0.680000E+02  0.000000000000000E+00  0.000000000000000E+00  0.000000000000000E+00
 0.690000E+02  0.000000000000000E+00  0.000000000000000E+00  0.000000000000000E+00
 0.700000E+02  0.000000000000000E+00  0.000000000000000E+00  0.000000000000000E+00
 0.710000E+02  0.000000000000000E+00  0.000000000000000E+00  0.000000000000000E+00
 0.720000E+02  0.000000000000000E+00  0.000000000000000E+00  0.000000000000000E+00
 0.730000E+02  0.000000000000000E+00  0.000000000000000E+00  0.000000000000000E+00
 0.740000E+02  0.000000000000000E+00  0.000000000000000E+00  0.000000000000000E+00
 0.750000E+02  0.000000000000000E+00  0.000000000000000E+00  0.000000000000000E+00
 0.760000E+02  0.000000000000000E+00  0.000000000000000E+00  0.000000000000000E+00
 0.770000E+02  0.000000000000000E+00  0.000000000000000E+00  0.000000000000000E+00
 0.780000E+02  0.000000000000000E+00  0.000000000000000E+00  0.000000000000000E+00
 0.790000E+02  0.000000000000000E+00  0.000000000000000E+00  0.000000000000000E+00
 0.800000E+02  0.000000000000000E+00  0.000000000000000E+00  0.000000000000000E+00
 0.810000E+02  0.000000000000000E+00  0.000000000000000E+00  0.000000000000000E+00
 0.820000E+02  0.000000000000000E+00  0.000000000000000E+00  0.000000000000000E+00
 0.830000E+02  0.000000000000000E+00  0.000000000000000E+00  0.000000000000000E+00
 0.840000E+02  0.000000000000000E+00  0.000000000000000E+00  0.000000000000000E+00
 0.850000E+02  0.000000000000000E+00  0.000000000000000E+00  0.000000000000000E+00
 0.860000E+02  0.000000000000000E+00  0.000000000000000E+00  0.000000000000000E+00
 0.870000E+02  0.000000000000000E+00  0.000000000000000E+00  0.000000000000000E+00
 0.880000E+02  0.000000000000000E+00  0.000000000000000E+00  0.000000000000000E+00
 0.890000E+02  0.000000000000000E+00  0.000000000000000E+00  0.000000000000000E+00
 0.900000E+02  0.000000000000000E+00  0.000000000000000E+00  0.000000000000000E+00
 0.910000E+02  0.000000000000000E+00  0.000000000000000E+00  0.000000000000000E+00
 0.920000E+02  0.000000000000000E+00  0.000000000000000E+00  0.000000000000000E+00
 0.930000E+02  0.000000000000000E+00  0.000000000000000E+00  0.000000000000000E+00
 0.940000E+02  0.000000000000000E+00  0.000000000000000E+00  0.000000000000000E+00
 0.950000E+02  0.000000000000000E+00  0.000000000000000E+00  0.000000000000000E+00
 0.960000E+02  0.000000000000000E+00  0.000000000000000E+00  0.000000000000000E+00
