 0.000000E+00  0.238581266653137E-02  0.000000000000000E+00  0.000000000000000E+00
 0.100000E+01  0.521753029835143E-02  0.419588275508431E-02  0.101875510881655E-02
 0.200000E+01  0.193342908634006E-01  0.177148698130623E-01  0.155496330989990E-02
 0.300000E+01  0.279578879186250E-01  0.259536178491544E-01  0.186092919466319E-02
 0.400000E+01  0.604972835503440E-02  0.564003298393345E-02  0.351215144064554E-03
 0.500000E+01  0.216608856756787E-03  0.632432123239823E-04  0.150867437270108E-03
 0.600000E+01  0.425640217559034E-04  0.921339672993460E-05  0.325460062668981E-04
 0.700000E+01  0.116908131342278E-04  0.144245298177442E-05  0.996158543564718E-05
 0.800000E+01  0.409229762822757E-05  0.237789149301615E-06  0.371385059627638E-05
 0.900000E+01  0.135617533586649E-05  0.553387803862299E-07  0.124212009056102E-05
 0.100000E+02  0.497755427715899E-06  0.128148680605868E-07  0.459534918173521E-06
 0.110000E+02  0.176464547549712E-06  0.269283235985372E-08  0.161760467576322E-06
 0.120000E+02  0.811255996041823E-07  0.909007321305455E-09  0.734379558848391E-07
 0.130000E+02  0.339508391890508E-07  0.233125811962054E-09  0.301805189797943E-07
 0.140000E+02  0.129585634465432E-07  0.695659675681017E-10  0.112267463242284E-07
 0.150000E+02  0.583271278147687E-08  0.199457159627863E-10  0.495974552573719E-08
 0.160000E+02  0.252128218550570E-08  0.646559896801911E-11  0.208066587830541E-08
 0.170000E+02  0.118035668411171E-08  0.216818656610011E-11  0.945767578836021E-09
 0.180000E+02  0.496600049120254E-09  0.655105536037322E-12  0.383972478409201E-09
 0.190000E+02  0.227937341617165E-09  0.240323632745854E-12  0.169582115606021E-09
 0.200000E+02  0.104087176907713E-09  0.774203829473988E-13  0.744279302089274E-10
 0.210000E+02  0.477807738674707E-10  0.276952522222769E-13  0.328198268913934E-10
 0.220000E+02  0.222156988226659E-10  0.921834903393513E-14  0.145621414484305E-10
 0.230000E+02  0.988413465496565E-11  0.331826615553634E-14  0.617093295840608E-11
 0.240000E+02  0.468219316021425E-11  0.121990507212269E-14  0.278151870445444E-11
 0.250000E+02  0.220802488675851E-11  0.470146985965523E-15  0.124925497623454E-11
 0.260000E+02  0.100638506771425E-11  0.162371121818052E-15  0.535541536533137E-12
 0.270000E+02  0.457509999966341E-12  0.561905627808354E-16  0.227879214493341E-12
 0.280000E+02  0.211249390018194E-12  0.212597215493511E-16  0.988593484775166E-13
 0.290000E+02  0.997664512871388E-13  0.806148304846788E-17  0.438885546854528E-13
 0.300000E+02  0.456203706532788E-13  0.329945418249316E-17  0.187241906009961E-13
 0.310000E+02  0.222475474229291E-13  0.134867603411880E-17  0.856315815139512E-14
 0.320000E+02  0.103015543320747E-13  0.593330567201707E-18  0.364266027377636E-14
 0.330000E+02  0.442069722328371E-14  0.256451732248595E-18  0.142250585679097E-14
 0.340000E+02  0.209387486228363E-14  0.152587580533777E-18  0.622508412690858E-15
 0.350000E+02  0.955772385905205E-15  0.988821641223494E-19  0.259175862193359E-15
 0.360000E+02  0.444114644995801E-15  0.476991342063103E-19  0.110070441479725E-15
 0.370000E+02  0.218031594857653E-15  0.404788496002312E-19  0.496317589259036E-16
 0.380000E+02  0.916690698972144E-16  0.240779795632344E-19  0.183871768448359E-16
 0.390000E+02  0.440444934649302E-16  0.168393379335219E-19  0.799893199068884E-17
 0.400000E+02  0.201977214119876E-16  0.112687466744478E-19  0.324193815448740E-17
 0.410000E+02  0.100048725231651E-16  0.796397422285532E-20  0.141410521818572E-17
 0.420000E+02  0.403132481634039E-17  0.886728803735850E-20  0.494109523311561E-18
 0.430000E+02  0.201259124805431E-17  0.169790530858540E-19  0.220390318008182E-18
 0.440000E+02  0.843829799544508E-18  0.127789656725281E-19  0.760973980342842E-19
 0.450000E+02  0.383428012648903E-18  0.112589924978150E-19  0.290420381527233E-19
 0.460000E+02  0.202636003209794E-18  0.226583587707114E-19  0.129623058128853E-19
 0.470000E+02  0.100668929081047E-18  0.155448036422907E-19  0.512236068486657E-20
 0.480000E+02  0.510296523038369E-19  0.910858289462048E-20  0.265890820997507E-20
 0.490000E+02  0.407510134765488E-19  0.170466352324625E-19  0.207498820322221E-20
 0.500000E+02  0.304400335482330E-19  0.160581856473931E-19  0.176536839285294E-20
 0.510000E+02  0.189331213477099E-19  0.106707327335099E-19  0.192121122767883E-20
 0.520000E+02  0.157352559018082E-19  0.959680663419483E-20  0.159725353896325E-20
 0.530000E+02  0.768509600903573E-20  0.386359244371918E-20  0.858492570490729E-21
 0.540000E+02  0.875724488495953E-20  0.524688823410698E-20  0.993868645812402E-21
 0.550000E+02  0.801002660318425E-20  0.484563191630066E-20  0.775643897475211E-21
 0.560000E+02  0.975877688049217E-20  0.667444125601060E-20  0.851767402173147E-21
 0.570000E+02  0.668840611254259E-20  0.412838265719129E-20  0.699363633042485E-21
 0.580000E+02  0.122056671556203E-19  0.871224091965746E-20  0.836793050838111E-21
 0.590000E+02  0.927222687304851E-20  0.602246468367545E-20  0.104899968410400E-20
 0.600000E+02  0.127899154074816E-19  0.970909324859817E-20  0.906638719102606E-21
 0.610000E+02  0.138036690551751E-19  0.101615935614408E-19  0.116872930983758E-20
 0.620000E+02  0.262836341805994E-19  0.222273897841107E-19  0.109359696911663E-20
 0.630000E+02  0.149931236118545E-19  0.112782357387551E-19  0.125531605291339E-20
 0.640000E+02  0.283896632033469E-21  0.141104480972751E-21  0.142792151060719E-21
 0.650000E+02  0.000000000000000E+00  0.000000000000000E+00  0.000000000000000E+00
 0.660000E+02  0.000000000000000E+00  0.000000000000000E+00  0.000000000000000E+00
 0.670000E+02  0.000000000000000E+00  0.000000000000000E+00  0.000000000000000E+00
 0.680000E+02  0.000000000000000E+00  0.000000000000000E+00  0.000000000000000E+00
 0.690000E+02  0.000000000000000E+00  0.000000000000000E+00  0.000000000000000E+00
 0.700000E+02  0.000000000000000E+00  0.000000000000000E+00  0.000000000000000E+00
 0.710000E+02  0.000000000000000E+00  0.000000000000000E+00  0.000000000000000E+00
 0.720000E+02  0.000000000000000E+00  0.000000000000000E+00  0.000000000000000E+00
 0.730000E+02  0.000000000000000E+00  0.000000000000000E+00  0.000000000000000E+00
 0.740000E+02  0.000000000000000E+00  0.000000000000000E+00  0.000000000000000E+00
 0.750000E+02  0.000000000000000E+00  0.000000000000000E+00  0.000000000000000E+00
 0.760000E+02  0.000000000000000E+00  0.000000000000000E+00  0.000000000000000E+00
 0.770000E+02  0.000000000000000E+00  0.000000000000000E+00  0.000000000000000E+00
 0.780000E+02  0.000000000000000E+00  0.000000000000000E+00  0.000000000000000E+00
 0.790000E+02  0.000000000000000E+00  0.000000000000000E+00  0.000000000000000E+00
 0.800000E+02  0.000000000000000E+00  0.000000000000000E+00  0.000000000000000E+00
 0.810000E+02  0.000000000000000E+00  0.000000000000000E+00  0.000000000000000E+00
 0.820000E+02  0.000000000000000E+00  0.000000000000000E+00  0.000000000000000E+00
 0.830000E+02  0.000000000000000E+00  0.000000000000000E+00  0.000000000000000E+00
 0.840000E+02  0.000000000000000E+00  0.000000000000000E+00  0.000000000000000E+00
 0.850000E+02  0.000000000000000E+00  0.000000000000000E+00  0.000000000000000E+00
 0.860000E+02  0.000000000000000E+00  0.000000000000000E+00  0.000000000000000E+00
 0.870000E+02  0.000000000000000E+00  0.000000000000000E+00  0.000000000000000E+00
 0.880000E+02  0.000000000000000E+00  0.000000000000000E+00  0.000000000000000E+00
 0.890000E+02  0.000000000000000E+00  0.000000000000000E+00  0.000000000000000E+00
 0.900000E+02  0.000000000000000E+00  0.000000000000000E+00  0.000000000000000E+00
 0.910000E+02  0.000000000000000E+00  0.000000000000000E+00  0.000000000000000E+00
 0.920000E+02  0.000000000000000E+00  0.000000000000000E+00  0.000000000000000E+00
 0.930000E+02  0.000000000000000E+00  0.000000000000000E+00  0.000000000000000E+00
 0.940000E+02  0.000000000000000E+00  0.000000000000000E+00  0.000000000000000E+00
 0.950000E+02  0.000000000000000E+00  0.000000000000000E+00  0.000000000000000E+00
 0.960000E+02  0.000000000000000E+00  0.000000000000000E+00  0.000000000000000E+00
