 0.000000E+00  0.799342638101673E-01  0.000000000000000E+00  0.000000000000000E+00
 0.100000E+01  0.104934810193019E+00  0.173572611529380E-01  0.207020751258824E-02
 0.200000E+01  0.882555243096930E-01  0.222040218504844E-01  0.143284753903572E-02
 0.300000E+01  0.675139842971963E-01  0.354416154732462E-01  0.132426887557813E-02
 0.400000E+01  0.133826500303402E-01  0.298658179599443E-02  0.335708644797705E-03
 0.500000E+01  0.547353430831183E-02  0.638125281284374E-03  0.312515407330238E-03
 0.600000E+01  0.201133566605730E-02  0.196959283471188E-03  0.115722111694083E-03
 0.700000E+01  0.133752258447261E-02  0.140101790819358E-03  0.550390908884424E-04
 0.800000E+01  0.791502093485461E-03  0.460222471566629E-04  0.373378508697897E-04
 0.900000E+01  0.407135746653477E-03  0.200990041347993E-04  0.323335632983479E-04
 0.100000E+02  0.304403827685821E-03  0.131344538216727E-04  0.129236641663866E-04
 0.110000E+02  0.173798455945143E-03  0.608075063901481E-05  0.127125801565597E-04
 0.120000E+02  0.147677773290654E-03  0.592335395932508E-05  0.778994855643589E-05
 0.130000E+02  0.108457359293838E-03  0.479117180107735E-05  0.560370226754259E-05
 0.140000E+02  0.664768537160687E-04  0.223235217766682E-05  0.447302142336792E-05
 0.150000E+02  0.508343550332410E-04  0.171474305366015E-05  0.305894574581522E-05
 0.160000E+02  0.352184037950147E-04  0.138326923221355E-05  0.179058415025746E-05
 0.170000E+02  0.303504659144387E-04  0.764184008267277E-06  0.174826696239250E-05
 0.180000E+02  0.223816975855594E-04  0.635343069987915E-06  0.134462656264933E-05
 0.190000E+02  0.165316647277609E-04  0.498843173019070E-06  0.120220488197820E-05
 0.200000E+02  0.133609095197174E-04  0.401223020753474E-06  0.957935729462012E-06
 0.210000E+02  0.113524106511523E-04  0.311590088217240E-06  0.625606760892156E-06
 0.220000E+02  0.806578065144581E-05  0.225996973310730E-06  0.593168798627974E-06
 0.230000E+02  0.645399115197770E-05  0.134309884949890E-06  0.509713889545668E-06
 0.240000E+02  0.527912130586711E-05  0.134421587718453E-06  0.380781416753698E-06
 0.250000E+02  0.459409710888014E-05  0.113780473071090E-06  0.286012663282265E-06
 0.260000E+02  0.366944710459825E-05  0.861343891775737E-07  0.226183382825941E-06
 0.270000E+02  0.273898896687782E-05  0.627603839739935E-07  0.200053172792237E-06
 0.280000E+02  0.224872519427108E-05  0.409022829087405E-07  0.171813599332202E-06
 0.290000E+02  0.199374233841609E-05  0.361584156795790E-07  0.130910605785316E-06
 0.300000E+02  0.161635279738819E-05  0.323137883564799E-07  0.107064634503537E-06
 0.310000E+02  0.134703122645148E-05  0.262810071738860E-07  0.949801075724290E-07
 0.320000E+02  0.106776044341295E-05  0.160515463013336E-07  0.744425889469096E-07
 0.330000E+02  0.918454278337931E-06  0.143069419393169E-07  0.611034454566666E-07
 0.340000E+02  0.814127411460463E-06  0.128416046539948E-07  0.533439768034966E-07
 0.350000E+02  0.636804658590411E-06  0.973778482938410E-08  0.372572581412082E-07
 0.360000E+02  0.590850751157459E-06  0.109075040410390E-07  0.319929390776397E-07
 0.370000E+02  0.487415003104901E-06  0.743374621291226E-08  0.314599639394952E-07
 0.380000E+02  0.440327501729166E-06  0.750535919858178E-08  0.264792299762076E-07
 0.390000E+02  0.362410194114633E-06  0.583066067606428E-08  0.196197654305733E-07
 0.400000E+02  0.299678742443892E-06  0.473331440730730E-08  0.190308264891217E-07
 0.410000E+02  0.282251547425052E-06  0.457631822753824E-08  0.161253758831047E-07
 0.420000E+02  0.230986711098072E-06  0.306189656346820E-08  0.139187793693684E-07
 0.430000E+02  0.208446619633773E-06  0.325856105622590E-08  0.128020090855665E-07
 0.440000E+02  0.172039635389881E-06  0.238327553632154E-08  0.103361366340248E-07
 0.450000E+02  0.149406673606354E-06  0.216101659619070E-08  0.935438060612446E-08
 0.460000E+02  0.136331671583846E-06  0.188710804838863E-08  0.871871878707820E-08
 0.470000E+02  0.111606509219498E-06  0.143162648067325E-08  0.679372722461820E-08
 0.480000E+02  0.104733184373053E-06  0.144338354384431E-08  0.684955741601999E-08
 0.490000E+02  0.893967033838053E-07  0.106157117924183E-08  0.561495221357896E-08
 0.500000E+02  0.790827861385077E-07  0.942743446910681E-09  0.436147229983814E-08
 0.510000E+02  0.679711445442079E-07  0.823485535094025E-09  0.408047673727569E-08
 0.520000E+02  0.603040327714461E-07  0.620690548309761E-09  0.363655299071608E-08
 0.530000E+02  0.547786094160484E-07  0.607087360605244E-09  0.278223979062209E-08
 0.540000E+02  0.446367243969946E-07  0.471909361725731E-09  0.233248753766239E-08
 0.550000E+02  0.450620740973154E-07  0.495825787731675E-09  0.307017640671731E-08
 0.560000E+02  0.416082350152521E-07  0.426210378788079E-09  0.242802822843186E-08
 0.570000E+02  0.338263570742839E-07  0.382913256659016E-09  0.160343670607257E-08
 0.580000E+02  0.331198435165808E-07  0.365243891249124E-09  0.170544152385394E-08
 0.590000E+02  0.328096593418016E-07  0.425964480847881E-09  0.295452076210942E-08
 0.600000E+02  0.321999180781147E-07  0.550352200701222E-09  0.243296246094019E-08
 0.610000E+02  0.286761554164540E-07  0.566366041110225E-09  0.271412966216959E-08
 0.620000E+02  0.288876304362986E-07  0.573438589197324E-09  0.247966763872361E-08
 0.630000E+02  0.314019600933620E-07  0.928826561530036E-09  0.491259039680580E-08
 0.640000E+02  0.338404693746026E-09  0.771332969013144E-12  0.337633360777013E-09
 0.650000E+02  0.000000000000000E+00  0.000000000000000E+00  0.000000000000000E+00
 0.660000E+02  0.000000000000000E+00  0.000000000000000E+00  0.000000000000000E+00
 0.670000E+02  0.000000000000000E+00  0.000000000000000E+00  0.000000000000000E+00
 0.680000E+02  0.000000000000000E+00  0.000000000000000E+00  0.000000000000000E+00
 0.690000E+02  0.000000000000000E+00  0.000000000000000E+00  0.000000000000000E+00
 0.700000E+02  0.000000000000000E+00  0.000000000000000E+00  0.000000000000000E+00
 0.710000E+02  0.000000000000000E+00  0.000000000000000E+00  0.000000000000000E+00
 0.720000E+02  0.000000000000000E+00  0.000000000000000E+00  0.000000000000000E+00
 0.730000E+02  0.000000000000000E+00  0.000000000000000E+00  0.000000000000000E+00
 0.740000E+02  0.000000000000000E+00  0.000000000000000E+00  0.000000000000000E+00
 0.750000E+02  0.000000000000000E+00  0.000000000000000E+00  0.000000000000000E+00
 0.760000E+02  0.000000000000000E+00  0.000000000000000E+00  0.000000000000000E+00
 0.770000E+02  0.000000000000000E+00  0.000000000000000E+00  0.000000000000000E+00
 0.780000E+02  0.000000000000000E+00  0.000000000000000E+00  0.000000000000000E+00
 0.790000E+02  0.000000000000000E+00  0.000000000000000E+00  0.000000000000000E+00
 0.800000E+02  0.000000000000000E+00  0.000000000000000E+00  0.000000000000000E+00
 0.810000E+02  0.000000000000000E+00  0.000000000000000E+00  0.000000000000000E+00
 0.820000E+02  0.000000000000000E+00  0.000000000000000E+00  0.000000000000000E+00
 0.830000E+02  0.000000000000000E+00  0.000000000000000E+00  0.000000000000000E+00
 0.840000E+02  0.000000000000000E+00  0.000000000000000E+00  0.000000000000000E+00
 0.850000E+02  0.000000000000000E+00  0.000000000000000E+00  0.000000000000000E+00
 0.860000E+02  0.000000000000000E+00  0.000000000000000E+00  0.000000000000000E+00
 0.870000E+02  0.000000000000000E+00  0.000000000000000E+00  0.000000000000000E+00
 0.880000E+02  0.000000000000000E+00  0.000000000000000E+00  0.000000000000000E+00
 0.890000E+02  0.000000000000000E+00  0.000000000000000E+00  0.000000000000000E+00
 0.900000E+02  0.000000000000000E+00  0.000000000000000E+00  0.000000000000000E+00
 0.910000E+02  0.000000000000000E+00  0.000000000000000E+00  0.000000000000000E+00
 0.920000E+02  0.000000000000000E+00  0.000000000000000E+00  0.000000000000000E+00
 0.930000E+02  0.000000000000000E+00  0.000000000000000E+00  0.000000000000000E+00
 0.940000E+02  0.000000000000000E+00  0.000000000000000E+00  0.000000000000000E+00
 0.950000E+02  0.000000000000000E+00  0.000000000000000E+00  0.000000000000000E+00
 0.960000E+02  0.000000000000000E+00  0.000000000000000E+00  0.000000000000000E+00
