 0.000000E+00  0.215660040955454E-01  0.196234481261917E-01  0.194255596935371E-02
 0.400000E+01  0.430523066775325E-01  0.425716424940866E-01  0.480664183446046E-03
 0.800000E+01  0.149379813623695E-01  0.147510939943229E-01  0.186887368046551E-03
 0.120000E+02  0.557207101984963E-02  0.549251860128216E-02  0.795524185674626E-04
 0.160000E+02  0.232199975003560E-02  0.228519012379474E-02  0.368096262408546E-04
 0.200000E+02  0.838038585575071E-03  0.823704341553367E-03  0.143342440217068E-04
 0.240000E+02  0.356838367132279E-03  0.350185890216209E-03  0.665247691606944E-05
 0.280000E+02  0.147233471328285E-03  0.144183250621770E-03  0.305022070651465E-05
 0.320000E+02  0.630014833651367E-04  0.614827754298014E-04  0.151870793533511E-05
 0.360000E+02  0.264745782536851E-04  0.257669706144913E-04  0.707607639193781E-06
 0.400000E+02  0.126879573075762E-04  0.123242045217985E-04  0.363752785777647E-06
 0.440000E+02  0.594216648746260E-05  0.574602003335127E-05  0.196146454111328E-06
 0.480000E+02  0.295580608975725E-05  0.285301782389278E-05  0.102788265864475E-06
 0.520000E+02  0.158328884601874E-05  0.152416325475041E-05  0.591255912683269E-07
 0.560000E+02  0.931816640246889E-06  0.897715006131208E-06  0.341016341156806E-07
 0.600000E+02  0.582034574502094E-06  0.566847651421950E-06  0.151869230801446E-07
 0.640000E+02  0.239003178359454E-09  0.239003178359454E-09  0.000000000000000E+00
 0.680000E+02  0.000000000000000E+00  0.000000000000000E+00  0.000000000000000E+00
 0.720000E+02  0.000000000000000E+00  0.000000000000000E+00  0.000000000000000E+00
 0.760000E+02  0.000000000000000E+00  0.000000000000000E+00  0.000000000000000E+00
 0.800000E+02  0.000000000000000E+00  0.000000000000000E+00  0.000000000000000E+00
 0.840000E+02  0.000000000000000E+00  0.000000000000000E+00  0.000000000000000E+00
 0.880000E+02  0.000000000000000E+00  0.000000000000000E+00  0.000000000000000E+00
 0.920000E+02  0.000000000000000E+00  0.000000000000000E+00  0.000000000000000E+00
 0.960000E+02  0.000000000000000E+00  0.000000000000000E+00  0.000000000000000E+00
