 0.000000E+00  0.233721115269137E-01  0.000000000000000E+00  0.000000000000000E+00
 0.100000E+01  0.250829840530714E+00  0.208855085074902E+00  0.239299004897475E-02
 0.200000E+01  0.969826890388411E-01  0.749990430194885E-01  0.133417651250056E-02
 0.300000E+01  0.414222489285462E-01  0.282210311274866E-01  0.247370295619476E-02
 0.400000E+01  0.225806472572070E-01  0.137181780628453E-01  0.974286342398045E-03
 0.500000E+01  0.842260769001148E-02  0.251987665023989E-02  0.360997049781986E-03
 0.600000E+01  0.308721326078942E-02  0.508180757265109E-03  0.205979180009308E-03
 0.700000E+01  0.173013892706891E-02  0.360518266282028E-03  0.118635680777857E-03
 0.800000E+01  0.105445450984703E-02  0.944268550782112E-04  0.948341870739000E-04
 0.900000E+01  0.673938311844021E-03  0.554348995436271E-04  0.444359609943490E-04
 0.100000E+02  0.569115580545237E-03  0.348149596121061E-04  0.503385730419303E-04
 0.110000E+02  0.331343437162034E-03  0.271770630229096E-04  0.318996445187736E-04
 0.120000E+02  0.288641151741017E-03  0.188678478636461E-04  0.231620549175915E-04
 0.130000E+02  0.215089998083360E-03  0.129962386887783E-04  0.237450641451531E-04
 0.140000E+02  0.137484922179473E-03  0.756713588434543E-05  0.154887444905327E-04
 0.150000E+02  0.103032828045541E-03  0.456844539253876E-05  0.120064289748090E-04
 0.160000E+02  0.751706065418924E-04  0.229904171433759E-05  0.739812304245691E-05
 0.170000E+02  0.649111537711140E-04  0.239658683975907E-05  0.565175472055923E-05
 0.180000E+02  0.473243743510388E-04  0.170614041961059E-05  0.397468915314114E-05
 0.190000E+02  0.354453573235137E-04  0.965824808268900E-06  0.271430366513559E-05
 0.200000E+02  0.284184672742394E-04  0.710255202152066E-06  0.181255439529737E-05
 0.210000E+02  0.240610722103974E-04  0.593459268109775E-06  0.161227484884747E-05
 0.220000E+02  0.180344153849587E-04  0.422947305379895E-06  0.133233901182528E-05
 0.230000E+02  0.146823873406289E-04  0.281480542485557E-06  0.958937461881249E-06
 0.240000E+02  0.122870356198468E-04  0.236064761613419E-06  0.764022777488549E-06
 0.250000E+02  0.993839496043679E-05  0.208628433455253E-06  0.655164939210306E-06
 0.260000E+02  0.772550903886916E-05  0.117827948395172E-06  0.508776291097135E-06
 0.270000E+02  0.585037595592715E-05  0.859626597109892E-07  0.499593945185728E-06
 0.280000E+02  0.454165306667077E-05  0.703827634061663E-07  0.375479590400537E-06
 0.290000E+02  0.439861029575688E-05  0.653759584978882E-07  0.322510469139697E-06
 0.300000E+02  0.337855278366057E-05  0.490590567848588E-07  0.254451378148279E-06
 0.310000E+02  0.304871863081459E-05  0.437684959620974E-07  0.270975899115122E-06
 0.320000E+02  0.219216325421751E-05  0.348436279137224E-07  0.182704017421230E-06
 0.330000E+02  0.180322475806408E-05  0.259932533070361E-07  0.135864460411306E-06
 0.340000E+02  0.160009726963347E-05  0.211485249534092E-07  0.137850696819292E-06
 0.350000E+02  0.119718747486011E-05  0.149335404243836E-07  0.922774525946704E-07
 0.360000E+02  0.115687712845369E-05  0.166783012230315E-07  0.906035139385929E-07
 0.370000E+02  0.890607222406066E-06  0.110471155704076E-07  0.586331311438581E-07
 0.380000E+02  0.787268020926125E-06  0.102537045100624E-07  0.505039930827561E-07
 0.390000E+02  0.590380378700346E-06  0.783119289486894E-08  0.413842971575679E-07
 0.400000E+02  0.440597856858097E-06  0.546575687762954E-08  0.310695770074857E-07
 0.410000E+02  0.449985776526090E-06  0.592157002361900E-08  0.278544471641234E-07
 0.420000E+02  0.320662469297344E-06  0.359892076892947E-08  0.189194932134339E-07
 0.430000E+02  0.299406940030938E-06  0.350707840805780E-08  0.155882138537294E-07
 0.440000E+02  0.221544359203066E-06  0.227802758285098E-08  0.101277246495365E-07
 0.450000E+02  0.190539675865839E-06  0.183884919278420E-08  0.969408553053879E-08
 0.460000E+02  0.174808826551983E-06  0.152351050588858E-08  0.904927507627400E-08
 0.470000E+02  0.124794788919624E-06  0.109141706244112E-08  0.680789377606114E-08
 0.480000E+02  0.122099831931574E-06  0.109272205298609E-08  0.643729868956872E-08
 0.490000E+02  0.984367955485728E-07  0.674660695899223E-09  0.521214882273071E-08
 0.500000E+02  0.815952564740213E-07  0.669676380601081E-09  0.474915331909799E-08
 0.510000E+02  0.647722463996717E-07  0.500367921010680E-09  0.369307125940005E-08
 0.520000E+02  0.508642695892320E-07  0.371008816784448E-09  0.312004276704729E-08
 0.530000E+02  0.478712202042759E-07  0.399826760683796E-09  0.306652196150608E-08
 0.540000E+02  0.373178264103558E-07  0.256716883002548E-09  0.201594102820223E-08
 0.550000E+02  0.378000282519684E-07  0.265484296876966E-09  0.231966340061930E-08
 0.560000E+02  0.282146635531577E-07  0.271473495000110E-09  0.142030427290942E-08
 0.570000E+02  0.251471025612763E-07  0.246287378449963E-09  0.121686423414221E-08
 0.580000E+02  0.227774071745756E-07  0.171885929219485E-09  0.100178474882136E-08
 0.590000E+02  0.170279332988559E-07  0.157765189423330E-09  0.756358751034612E-09
 0.600000E+02  0.170174431001713E-07  0.191297324561502E-09  0.762282404619414E-09
 0.610000E+02  0.135481214190742E-07  0.151862105097389E-09  0.656572441749983E-09
 0.620000E+02  0.112365777222638E-07  0.148655518798577E-09  0.747699712254092E-09
 0.630000E+02  0.896921923195651E-08  0.325572799992372E-09  0.150796016158422E-08
 0.640000E+02  0.259861552984403E-11  0.227209398485310E-12  0.237140613135872E-11
 0.650000E+02  0.000000000000000E+00  0.000000000000000E+00  0.000000000000000E+00
 0.660000E+02  0.000000000000000E+00  0.000000000000000E+00  0.000000000000000E+00
 0.670000E+02  0.000000000000000E+00  0.000000000000000E+00  0.000000000000000E+00
 0.680000E+02  0.000000000000000E+00  0.000000000000000E+00  0.000000000000000E+00
 0.690000E+02  0.000000000000000E+00  0.000000000000000E+00  0.000000000000000E+00
 0.700000E+02  0.000000000000000E+00  0.000000000000000E+00  0.000000000000000E+00
 0.710000E+02  0.000000000000000E+00  0.000000000000000E+00  0.000000000000000E+00
 0.720000E+02  0.000000000000000E+00  0.000000000000000E+00  0.000000000000000E+00
 0.730000E+02  0.000000000000000E+00  0.000000000000000E+00  0.000000000000000E+00
 0.740000E+02  0.000000000000000E+00  0.000000000000000E+00  0.000000000000000E+00
 0.750000E+02  0.000000000000000E+00  0.000000000000000E+00  0.000000000000000E+00
 0.760000E+02  0.000000000000000E+00  0.000000000000000E+00  0.000000000000000E+00
 0.770000E+02  0.000000000000000E+00  0.000000000000000E+00  0.000000000000000E+00
 0.780000E+02  0.000000000000000E+00  0.000000000000000E+00  0.000000000000000E+00
 0.790000E+02  0.000000000000000E+00  0.000000000000000E+00  0.000000000000000E+00
 0.800000E+02  0.000000000000000E+00  0.000000000000000E+00  0.000000000000000E+00
 0.810000E+02  0.000000000000000E+00  0.000000000000000E+00  0.000000000000000E+00
 0.820000E+02  0.000000000000000E+00  0.000000000000000E+00  0.000000000000000E+00
 0.830000E+02  0.000000000000000E+00  0.000000000000000E+00  0.000000000000000E+00
 0.840000E+02  0.000000000000000E+00  0.000000000000000E+00  0.000000000000000E+00
 0.850000E+02  0.000000000000000E+00  0.000000000000000E+00  0.000000000000000E+00
 0.860000E+02  0.000000000000000E+00  0.000000000000000E+00  0.000000000000000E+00
 0.870000E+02  0.000000000000000E+00  0.000000000000000E+00  0.000000000000000E+00
 0.880000E+02  0.000000000000000E+00  0.000000000000000E+00  0.000000000000000E+00
 0.890000E+02  0.000000000000000E+00  0.000000000000000E+00  0.000000000000000E+00
 0.900000E+02  0.000000000000000E+00  0.000000000000000E+00  0.000000000000000E+00
 0.910000E+02  0.000000000000000E+00  0.000000000000000E+00  0.000000000000000E+00
 0.920000E+02  0.000000000000000E+00  0.000000000000000E+00  0.000000000000000E+00
 0.930000E+02  0.000000000000000E+00  0.000000000000000E+00  0.000000000000000E+00
 0.940000E+02  0.000000000000000E+00  0.000000000000000E+00  0.000000000000000E+00
 0.950000E+02  0.000000000000000E+00  0.000000000000000E+00  0.000000000000000E+00
 0.960000E+02  0.000000000000000E+00  0.000000000000000E+00  0.000000000000000E+00
