 0.100000E+01  0.105572286546710E+00
 0.200000E+01  0.317416156132764E-01
 0.300000E+01  0.161027786691845E-01
 0.400000E+01  0.235548628905695E+00
 0.500000E+01  0.426152499834127E-01
 0.600000E+01  0.649435872530724E-02
 0.700000E+01  0.135116196281181E-02
 0.800000E+01  0.414005377025446E-01
 0.900000E+01  0.111128978957383E-01
 0.100000E+02  0.122361330306001E-02
 0.110000E+02  0.606455810918685E-03
 0.120000E+02  0.129540398024595E-01
 0.130000E+02  0.378092655722078E-02
 0.140000E+02  0.610796211792459E-03
 0.150000E+02  0.229168691561043E-03
 0.160000E+02  0.452827428487797E-02
 0.170000E+02  0.171682967276723E-02
 0.180000E+02  0.343410978713984E-03
 0.190000E+02  0.143784500795905E-03
 0.200000E+02  0.149646399083488E-02
 0.210000E+02  0.800231919028721E-03
 0.220000E+02  0.168377907003718E-03
 0.230000E+02  0.747792718072980E-04
 0.240000E+02  0.607016536401748E-03
 0.250000E+02  0.465459191905483E-03
 0.260000E+02  0.893916290549164E-04
 0.270000E+02  0.436869291541601E-04
 0.280000E+02  0.234398676727451E-03
 0.290000E+02  0.177893328428392E-03
 0.300000E+02  0.492342186527704E-04
 0.310000E+02  0.269417429890434E-04
 0.320000E+02  0.104012508027639E-03
 0.330000E+02  0.778846058757460E-04
 0.340000E+02  0.276011502715538E-04
 0.350000E+02  0.138346214705777E-04
 0.360000E+02  0.427670267417420E-04
 0.370000E+02  0.391339068049139E-04
 0.380000E+02  0.153219623587789E-04
 0.390000E+02  0.743065511517977E-05
 0.400000E+02  0.186060408973129E-04
 0.410000E+02  0.190167034826448E-04
 0.420000E+02  0.784783086149837E-05
 0.430000E+02  0.425153331992115E-05
 0.440000E+02  0.798302774571497E-05
 0.450000E+02  0.890535424482774E-05
 0.460000E+02  0.439949510168804E-05
 0.470000E+02  0.252624974759141E-05
 0.480000E+02  0.376051102503103E-05
 0.490000E+02  0.468680736181035E-05
 0.500000E+02  0.225867602789695E-05
 0.510000E+02  0.135759732634847E-05
 0.520000E+02  0.200077174266829E-05
 0.530000E+02  0.235440780804647E-05
 0.540000E+02  0.138639843640829E-05
 0.550000E+02  0.851971149954187E-06
 0.560000E+02  0.110978680940171E-05
 0.570000E+02  0.138291442567279E-05
 0.580000E+02  0.812965579372383E-06
 0.590000E+02  0.661797302236285E-06
 0.600000E+02  0.781459228204987E-06
 0.610000E+02  0.108922231425668E-05
 0.620000E+02  0.690101313424785E-06
 0.630000E+02  0.531827771510859E-06
 0.640000E+02  0.285046561001129E-06
 0.650000E+02  0.000000000000000E+00
 0.660000E+02  0.000000000000000E+00
 0.670000E+02  0.000000000000000E+00
 0.680000E+02  0.000000000000000E+00
 0.690000E+02  0.000000000000000E+00
 0.700000E+02  0.000000000000000E+00
 0.710000E+02  0.000000000000000E+00
 0.720000E+02  0.000000000000000E+00
 0.730000E+02  0.000000000000000E+00
 0.740000E+02  0.000000000000000E+00
 0.750000E+02  0.000000000000000E+00
 0.760000E+02  0.000000000000000E+00
 0.770000E+02  0.000000000000000E+00
 0.780000E+02  0.000000000000000E+00
 0.790000E+02  0.000000000000000E+00
 0.800000E+02  0.000000000000000E+00
 0.810000E+02  0.000000000000000E+00
 0.820000E+02  0.000000000000000E+00
 0.830000E+02  0.000000000000000E+00
 0.840000E+02  0.000000000000000E+00
 0.850000E+02  0.000000000000000E+00
 0.860000E+02  0.000000000000000E+00
 0.870000E+02  0.000000000000000E+00
 0.880000E+02  0.000000000000000E+00
 0.890000E+02  0.000000000000000E+00
 0.900000E+02  0.000000000000000E+00
 0.910000E+02  0.000000000000000E+00
 0.920000E+02  0.000000000000000E+00
 0.930000E+02  0.000000000000000E+00
 0.940000E+02  0.000000000000000E+00
 0.950000E+02  0.000000000000000E+00
 0.960000E+02  0.000000000000000E+00
 0.970000E+02  0.000000000000000E+00
