 0.000000E+00  0.750244354337968E-01  0.000000000000000E+00  0.000000000000000E+00
 0.100000E+01  0.110669259555567E+00  0.254005487950053E-01  0.201765938982135E-02
 0.200000E+01  0.776957511273160E-01  0.181468394002877E-01  0.305666322947218E-02
 0.300000E+01  0.642709063718493E-01  0.302470986571279E-01  0.167420557954756E-02
 0.400000E+01  0.157898647760657E-01  0.354537657040055E-02  0.405505145636198E-03
 0.500000E+01  0.600000736827172E-02  0.675876410014098E-03  0.277105852887871E-03
 0.600000E+01  0.216166723540927E-02  0.194439950050196E-03  0.130479121423832E-03
 0.700000E+01  0.152542000292611E-02  0.127453785196963E-03  0.834243380012367E-04
 0.800000E+01  0.869544890720410E-03  0.707644746449354E-04  0.320520054248874E-04
 0.900000E+01  0.456644195764725E-03  0.323030513413869E-04  0.252267782179239E-04
 0.100000E+02  0.356876452439838E-03  0.273731379537012E-04  0.230498880826602E-04
 0.110000E+02  0.211298907690751E-03  0.832590988109061E-05  0.115750100093681E-04
 0.120000E+02  0.165086642738241E-03  0.542483494747614E-05  0.797326702595136E-05
 0.130000E+02  0.120913317852016E-03  0.441429450803721E-05  0.881214673231767E-05
 0.140000E+02  0.728760756615154E-04  0.162694556360421E-05  0.418500237059360E-05
 0.150000E+02  0.540709209872769E-04  0.164792103315992E-05  0.297677691704634E-05
 0.160000E+02  0.366371467027473E-04  0.106492607884756E-05  0.146518166482812E-05
 0.170000E+02  0.338848860901000E-04  0.793156435613396E-06  0.161560052192727E-05
 0.180000E+02  0.241024952815140E-04  0.573764969824704E-06  0.129241605251185E-05
 0.190000E+02  0.172080891279340E-04  0.379952733706168E-06  0.982406541338854E-06
 0.200000E+02  0.136730905515396E-04  0.280710494992989E-06  0.817553460506770E-06
 0.210000E+02  0.121807100072568E-04  0.259783744769454E-06  0.710954148483434E-06
 0.220000E+02  0.851311021036818E-05  0.241898371172592E-06  0.582173283957335E-06
 0.230000E+02  0.647920625352168E-05  0.139081837004749E-06  0.333088469341158E-06
 0.240000E+02  0.552450166915738E-05  0.120511796706732E-06  0.317638250906666E-06
 0.250000E+02  0.470421355048856E-05  0.102445631121502E-06  0.315469228788501E-06
 0.260000E+02  0.368684231386400E-05  0.711963548703581E-07  0.174179873647581E-06
 0.270000E+02  0.256992887584661E-05  0.529037688044832E-07  0.112509521232526E-06
 0.280000E+02  0.210036268856602E-05  0.328079579231972E-07  0.106552947710449E-06
 0.290000E+02  0.196228009708808E-05  0.330772223821663E-07  0.915905136400121E-07
 0.300000E+02  0.146969824071192E-05  0.227697028716643E-07  0.627459005530205E-07
 0.310000E+02  0.124042274276387E-05  0.196613437965947E-07  0.632534347573543E-07
 0.320000E+02  0.912679060364995E-06  0.127193051392954E-07  0.461703064992016E-07
 0.330000E+02  0.781141087306498E-06  0.120647814476479E-07  0.338403144855073E-07
 0.340000E+02  0.712022921650623E-06  0.116282188442247E-07  0.322285697146579E-07
 0.350000E+02  0.515829199958253E-06  0.801359371113523E-08  0.247584374857193E-07
 0.360000E+02  0.480802434819368E-06  0.690050801486927E-08  0.232612515185023E-07
 0.370000E+02  0.374916737617332E-06  0.596577536735699E-08  0.202367410923228E-07
 0.380000E+02  0.345963546933156E-06  0.566249335650685E-08  0.158539424629850E-07
 0.390000E+02  0.266884759280122E-06  0.382131490748896E-08  0.115604920531575E-07
 0.400000E+02  0.206928892919989E-06  0.308777049906622E-08  0.875400026632053E-08
 0.410000E+02  0.208567438237626E-06  0.283991575996670E-08  0.931810816157672E-08
 0.420000E+02  0.163484290601252E-06  0.203891083271730E-08  0.704255320108878E-08
 0.430000E+02  0.146037537721454E-06  0.183302957858871E-08  0.735456474651561E-08
 0.440000E+02  0.116530231179351E-06  0.140971188839428E-08  0.662343496934552E-08
 0.450000E+02  0.989143805992195E-07  0.122874451264738E-08  0.469397406624696E-08
 0.460000E+02  0.915583773235947E-07  0.106580015000901E-08  0.378716578320541E-08
 0.470000E+02  0.749074095913505E-07  0.929769947393810E-09  0.366400256980598E-08
 0.480000E+02  0.676840933629492E-07  0.972984913518164E-09  0.343184664638053E-08
 0.490000E+02  0.563036959254631E-07  0.740433826995828E-09  0.259805189272149E-08
 0.500000E+02  0.510902620282812E-07  0.852832249144855E-09  0.268205722924906E-08
 0.510000E+02  0.422610846798012E-07  0.705739144009590E-09  0.220176558444691E-08
 0.520000E+02  0.361876955721685E-07  0.628321573972577E-09  0.162853632577425E-08
 0.530000E+02  0.324048943855183E-07  0.537452406189593E-09  0.151215751730595E-08
 0.540000E+02  0.263847834418240E-07  0.475470521923061E-09  0.118588649375407E-08
 0.550000E+02  0.273147512590533E-07  0.412958675368405E-09  0.113344078455415E-08
 0.560000E+02  0.209121370639162E-07  0.341086616578136E-09  0.989596698904277E-09
 0.570000E+02  0.196363159095785E-07  0.335666924491268E-09  0.901008798659867E-09
 0.580000E+02  0.170951375923406E-07  0.304624515958117E-09  0.898863319930346E-09
 0.590000E+02  0.154609903408251E-07  0.249175962302899E-09  0.788432693827159E-09
 0.600000E+02  0.170814300647139E-07  0.341556469429360E-09  0.105273775149700E-08
 0.610000E+02  0.142978463530776E-07  0.265025478937939E-09  0.115657044092588E-08
 0.620000E+02  0.145860185871413E-07  0.412987410471343E-09  0.198001030698957E-08
 0.630000E+02  0.136565836383102E-07  0.932244619677058E-09  0.374069684844907E-08
 0.640000E+02  0.267234081093730E-11  0.161006584968172E-12  0.251133422596913E-11
 0.650000E+02  0.000000000000000E+00  0.000000000000000E+00  0.000000000000000E+00
 0.660000E+02  0.000000000000000E+00  0.000000000000000E+00  0.000000000000000E+00
 0.670000E+02  0.000000000000000E+00  0.000000000000000E+00  0.000000000000000E+00
 0.680000E+02  0.000000000000000E+00  0.000000000000000E+00  0.000000000000000E+00
 0.690000E+02  0.000000000000000E+00  0.000000000000000E+00  0.000000000000000E+00
 0.700000E+02  0.000000000000000E+00  0.000000000000000E+00  0.000000000000000E+00
 0.710000E+02  0.000000000000000E+00  0.000000000000000E+00  0.000000000000000E+00
 0.720000E+02  0.000000000000000E+00  0.000000000000000E+00  0.000000000000000E+00
 0.730000E+02  0.000000000000000E+00  0.000000000000000E+00  0.000000000000000E+00
 0.740000E+02  0.000000000000000E+00  0.000000000000000E+00  0.000000000000000E+00
 0.750000E+02  0.000000000000000E+00  0.000000000000000E+00  0.000000000000000E+00
 0.760000E+02  0.000000000000000E+00  0.000000000000000E+00  0.000000000000000E+00
 0.770000E+02  0.000000000000000E+00  0.000000000000000E+00  0.000000000000000E+00
 0.780000E+02  0.000000000000000E+00  0.000000000000000E+00  0.000000000000000E+00
 0.790000E+02  0.000000000000000E+00  0.000000000000000E+00  0.000000000000000E+00
 0.800000E+02  0.000000000000000E+00  0.000000000000000E+00  0.000000000000000E+00
 0.810000E+02  0.000000000000000E+00  0.000000000000000E+00  0.000000000000000E+00
 0.820000E+02  0.000000000000000E+00  0.000000000000000E+00  0.000000000000000E+00
 0.830000E+02  0.000000000000000E+00  0.000000000000000E+00  0.000000000000000E+00
 0.840000E+02  0.000000000000000E+00  0.000000000000000E+00  0.000000000000000E+00
 0.850000E+02  0.000000000000000E+00  0.000000000000000E+00  0.000000000000000E+00
 0.860000E+02  0.000000000000000E+00  0.000000000000000E+00  0.000000000000000E+00
 0.870000E+02  0.000000000000000E+00  0.000000000000000E+00  0.000000000000000E+00
 0.880000E+02  0.000000000000000E+00  0.000000000000000E+00  0.000000000000000E+00
 0.890000E+02  0.000000000000000E+00  0.000000000000000E+00  0.000000000000000E+00
 0.900000E+02  0.000000000000000E+00  0.000000000000000E+00  0.000000000000000E+00
 0.910000E+02  0.000000000000000E+00  0.000000000000000E+00  0.000000000000000E+00
 0.920000E+02  0.000000000000000E+00  0.000000000000000E+00  0.000000000000000E+00
 0.930000E+02  0.000000000000000E+00  0.000000000000000E+00  0.000000000000000E+00
 0.940000E+02  0.000000000000000E+00  0.000000000000000E+00  0.000000000000000E+00
 0.950000E+02  0.000000000000000E+00  0.000000000000000E+00  0.000000000000000E+00
 0.960000E+02  0.000000000000000E+00  0.000000000000000E+00  0.000000000000000E+00
