 0.000000E+00  0.214938971159260E-01  0.199340423784487E-01  0.155985473747735E-02
 0.400000E+01  0.382260764187824E-01  0.377491916350366E-01  0.476884783745867E-03
 0.800000E+01  0.104977369330041E-01  0.103741003798876E-01  0.123636553116546E-03
 0.120000E+02  0.395533387582199E-02  0.391141892571836E-02  0.439149501036240E-04
 0.160000E+02  0.118881606965201E-02  0.117118368837393E-02  0.176323812780796E-04
 0.200000E+02  0.395660312582159E-03  0.388248536462595E-03  0.741177611956385E-05
 0.240000E+02  0.173621094274622E-03  0.170573122835731E-03  0.304797143889132E-05
 0.280000E+02  0.681736521782801E-04  0.668093043210425E-04  0.136434785723732E-05
 0.320000E+02  0.281563789631772E-04  0.274998664207050E-04  0.656512542472186E-06
 0.360000E+02  0.112548248274094E-04  0.109627437917991E-04  0.292081035610253E-06
 0.400000E+02  0.470691484635044E-05  0.456777088957212E-05  0.139143956778319E-06
 0.440000E+02  0.199877776406454E-05  0.193205816243095E-05  0.667196016335864E-07
 0.480000E+02  0.897213872521406E-06  0.864672299262367E-06  0.325415732590391E-07
 0.520000E+02  0.428706138841137E-06  0.411437071716711E-06  0.172690671244255E-07
 0.560000E+02  0.226402329433009E-06  0.216615787592754E-06  0.978654184025518E-08
 0.600000E+02  0.122150199471807E-06  0.118051421046608E-06  0.409877842519935E-08
 0.640000E+02  0.638411372377856E-11  0.638411372377856E-11  0.000000000000000E+00
 0.680000E+02  0.000000000000000E+00  0.000000000000000E+00  0.000000000000000E+00
 0.720000E+02  0.000000000000000E+00  0.000000000000000E+00  0.000000000000000E+00
 0.760000E+02  0.000000000000000E+00  0.000000000000000E+00  0.000000000000000E+00
 0.800000E+02  0.000000000000000E+00  0.000000000000000E+00  0.000000000000000E+00
 0.840000E+02  0.000000000000000E+00  0.000000000000000E+00  0.000000000000000E+00
 0.880000E+02  0.000000000000000E+00  0.000000000000000E+00  0.000000000000000E+00
 0.920000E+02  0.000000000000000E+00  0.000000000000000E+00  0.000000000000000E+00
 0.960000E+02  0.000000000000000E+00  0.000000000000000E+00  0.000000000000000E+00
