 0.100000E+01  0.583441916099189E-01
 0.200000E+01  0.445797939462124E-01
 0.300000E+01  0.592710795688154E-01
 0.400000E+01  0.473030353899052E-01
 0.500000E+01  0.107204292871384E-01
 0.600000E+01  0.571939800563244E-02
 0.700000E+01  0.157858138681321E-02
 0.800000E+01  0.912475854179908E-03
 0.900000E+01  0.710804592461510E-03
 0.100000E+02  0.270523300768189E-03
 0.110000E+02  0.238694888883679E-03
 0.120000E+02  0.156351094745211E-03
 0.130000E+02  0.113230567445876E-03
 0.140000E+02  0.788073452879583E-04
 0.150000E+02  0.557464658283830E-04
 0.160000E+02  0.487871336132543E-04
 0.170000E+02  0.311335443205130E-04
 0.180000E+02  0.290410782745406E-04
 0.190000E+02  0.212392036657255E-04
 0.200000E+02  0.160263211248676E-04
 0.210000E+02  0.135773247034273E-04
 0.220000E+02  0.121368822322376E-04
 0.230000E+02  0.911667369419022E-05
 0.240000E+02  0.662779066978646E-05
 0.250000E+02  0.563433463427205E-05
 0.260000E+02  0.377340792485930E-05
 0.270000E+02  0.363717924710876E-05
 0.280000E+02  0.279631342385130E-05
 0.290000E+02  0.253814116303279E-05
 0.300000E+02  0.189659094334796E-05
 0.310000E+02  0.169083782123321E-05
 0.320000E+02  0.144229543737054E-05
 0.330000E+02  0.115742762718085E-05
 0.340000E+02  0.976032127567168E-06
 0.350000E+02  0.812891051398808E-06
 0.360000E+02  0.690460062217048E-06
 0.370000E+02  0.534970026916782E-06
 0.380000E+02  0.520955897069240E-06
 0.390000E+02  0.412790642141084E-06
 0.400000E+02  0.334905606251113E-06
 0.410000E+02  0.283215877194621E-06
 0.420000E+02  0.227677735123270E-06
 0.430000E+02  0.200796637401567E-06
 0.440000E+02  0.158127446985537E-06
 0.450000E+02  0.134066734723391E-06
 0.460000E+02  0.109427165176126E-06
 0.470000E+02  0.920169557752041E-07
 0.480000E+02  0.819734518565731E-07
 0.490000E+02  0.661171947112301E-07
 0.500000E+02  0.525842550144120E-07
 0.510000E+02  0.438341474466616E-07
 0.520000E+02  0.376311783284590E-07
 0.530000E+02  0.295928798041186E-07
 0.540000E+02  0.252775664780134E-07
 0.550000E+02  0.211820515622649E-07
 0.560000E+02  0.179556934637835E-07
 0.570000E+02  0.154360056193082E-07
 0.580000E+02  0.124253151172810E-07
 0.590000E+02  0.980450747339049E-08
 0.600000E+02  0.788118900596187E-08
 0.610000E+02  0.706808803974469E-08
 0.620000E+02  0.912361066497497E-08
 0.630000E+02  0.122244373831343E-07
 0.640000E+02  0.697658069537753E-08
 0.650000E+02  0.000000000000000E+00
 0.660000E+02  0.000000000000000E+00
 0.670000E+02  0.000000000000000E+00
 0.680000E+02  0.000000000000000E+00
 0.690000E+02  0.000000000000000E+00
 0.700000E+02  0.000000000000000E+00
 0.710000E+02  0.000000000000000E+00
 0.720000E+02  0.000000000000000E+00
 0.730000E+02  0.000000000000000E+00
 0.740000E+02  0.000000000000000E+00
 0.750000E+02  0.000000000000000E+00
 0.760000E+02  0.000000000000000E+00
 0.770000E+02  0.000000000000000E+00
 0.780000E+02  0.000000000000000E+00
 0.790000E+02  0.000000000000000E+00
 0.800000E+02  0.000000000000000E+00
 0.810000E+02  0.000000000000000E+00
 0.820000E+02  0.000000000000000E+00
 0.830000E+02  0.000000000000000E+00
 0.840000E+02  0.000000000000000E+00
 0.850000E+02  0.000000000000000E+00
 0.860000E+02  0.000000000000000E+00
 0.870000E+02  0.000000000000000E+00
 0.880000E+02  0.000000000000000E+00
 0.890000E+02  0.000000000000000E+00
 0.900000E+02  0.000000000000000E+00
 0.910000E+02  0.000000000000000E+00
 0.920000E+02  0.000000000000000E+00
 0.930000E+02  0.000000000000000E+00
 0.940000E+02  0.000000000000000E+00
 0.950000E+02  0.000000000000000E+00
 0.960000E+02  0.000000000000000E+00
 0.970000E+02  0.000000000000000E+00
