 0.100000E+01  0.105432384077230E+00
 0.200000E+01  0.577362740728663E-01
 0.300000E+01  0.117676133780130E-01
 0.400000E+01  0.205735794603632E+00
 0.500000E+01  0.480476688544673E-01
 0.600000E+01  0.599074696326659E-02
 0.700000E+01  0.163797319066511E-02
 0.800000E+01  0.363704806985358E-01
 0.900000E+01  0.848909970607376E-02
 0.100000E+02  0.125673325206824E-02
 0.110000E+02  0.698566042114076E-03
 0.120000E+02  0.114490100764607E-01
 0.130000E+02  0.402095681548779E-02
 0.140000E+02  0.699419605941610E-03
 0.150000E+02  0.262040656504334E-03
 0.160000E+02  0.311778680683809E-02
 0.170000E+02  0.198917580638378E-02
 0.180000E+02  0.407016881518084E-03
 0.190000E+02  0.149422628111586E-03
 0.200000E+02  0.143350211744702E-02
 0.210000E+02  0.647748290498480E-03
 0.220000E+02  0.209675331869107E-03
 0.230000E+02  0.841596294900053E-04
 0.240000E+02  0.494380744301529E-03
 0.250000E+02  0.366119688046236E-03
 0.260000E+02  0.898459111081729E-04
 0.270000E+02  0.464429381244670E-04
 0.280000E+02  0.236680819521201E-03
 0.290000E+02  0.146776227121297E-03
 0.300000E+02  0.483868386816638E-04
 0.310000E+02  0.239848744574398E-04
 0.320000E+02  0.962624221433853E-04
 0.330000E+02  0.743960158075327E-04
 0.340000E+02  0.290720369220504E-04
 0.350000E+02  0.136204226228281E-04
 0.360000E+02  0.404316713712901E-04
 0.370000E+02  0.388418235994177E-04
 0.380000E+02  0.167964169225567E-04
 0.390000E+02  0.758883192398676E-05
 0.400000E+02  0.186933387321415E-04
 0.410000E+02  0.189906426174486E-04
 0.420000E+02  0.877572356841627E-05
 0.430000E+02  0.445078544590219E-05
 0.440000E+02  0.893021539864381E-05
 0.450000E+02  0.985755399833064E-05
 0.460000E+02  0.466390161467142E-05
 0.470000E+02  0.239024577094358E-05
 0.480000E+02  0.430317795312296E-05
 0.490000E+02  0.484501632410292E-05
 0.500000E+02  0.239895925161844E-05
 0.510000E+02  0.146463165367791E-05
 0.520000E+02  0.231739212966185E-05
 0.530000E+02  0.253761365356476E-05
 0.540000E+02  0.141417177068688E-05
 0.550000E+02  0.916094538051679E-06
 0.560000E+02  0.123699132072672E-05
 0.570000E+02  0.152667737726561E-05
 0.580000E+02  0.850004962374254E-06
 0.590000E+02  0.629466403818630E-06
 0.600000E+02  0.904387921219073E-06
 0.610000E+02  0.111791086490893E-05
 0.620000E+02  0.844210347271308E-06
 0.630000E+02  0.617736481500243E-06
 0.640000E+02  0.310859094929276E-06
 0.650000E+02  0.000000000000000E+00
 0.660000E+02  0.000000000000000E+00
 0.670000E+02  0.000000000000000E+00
 0.680000E+02  0.000000000000000E+00
 0.690000E+02  0.000000000000000E+00
 0.700000E+02  0.000000000000000E+00
 0.710000E+02  0.000000000000000E+00
 0.720000E+02  0.000000000000000E+00
 0.730000E+02  0.000000000000000E+00
 0.740000E+02  0.000000000000000E+00
 0.750000E+02  0.000000000000000E+00
 0.760000E+02  0.000000000000000E+00
 0.770000E+02  0.000000000000000E+00
 0.780000E+02  0.000000000000000E+00
 0.790000E+02  0.000000000000000E+00
 0.800000E+02  0.000000000000000E+00
 0.810000E+02  0.000000000000000E+00
 0.820000E+02  0.000000000000000E+00
 0.830000E+02  0.000000000000000E+00
 0.840000E+02  0.000000000000000E+00
 0.850000E+02  0.000000000000000E+00
 0.860000E+02  0.000000000000000E+00
 0.870000E+02  0.000000000000000E+00
 0.880000E+02  0.000000000000000E+00
 0.890000E+02  0.000000000000000E+00
 0.900000E+02  0.000000000000000E+00
 0.910000E+02  0.000000000000000E+00
 0.920000E+02  0.000000000000000E+00
 0.930000E+02  0.000000000000000E+00
 0.940000E+02  0.000000000000000E+00
 0.950000E+02  0.000000000000000E+00
 0.960000E+02  0.000000000000000E+00
 0.970000E+02  0.000000000000000E+00
