 0.100000E+01  0.493511652672938E-01
 0.200000E+01  0.299606414440095E-01
 0.300000E+01  0.212899271139689E-01
 0.400000E+01  0.114526539320548E+00
 0.500000E+01  0.308639733920859E-01
 0.600000E+01  0.423265339012165E-02
 0.700000E+01  0.119760379294192E-02
 0.800000E+01  0.362254195265113E-01
 0.900000E+01  0.118614914725022E-01
 0.100000E+02  0.110622973406461E-02
 0.110000E+02  0.499128723408238E-03
 0.120000E+02  0.181970384331611E-01
 0.130000E+02  0.477507573540627E-02
 0.140000E+02  0.634204121202888E-03
 0.150000E+02  0.205248455159643E-03
 0.160000E+02  0.603752742318601E-02
 0.170000E+02  0.189190253605010E-02
 0.180000E+02  0.293941588276769E-03
 0.190000E+02  0.106737677159201E-03
 0.200000E+02  0.246563187782736E-02
 0.210000E+02  0.661524930165491E-03
 0.220000E+02  0.195227912060996E-03
 0.230000E+02  0.748669566890218E-04
 0.240000E+02  0.912147042642940E-03
 0.250000E+02  0.438047486549653E-03
 0.260000E+02  0.914866617081954E-04
 0.270000E+02  0.408851313831083E-04
 0.280000E+02  0.364370971593260E-03
 0.290000E+02  0.204607831527857E-03
 0.300000E+02  0.491914670568256E-04
 0.310000E+02  0.242832255760220E-04
 0.320000E+02  0.162276224161177E-03
 0.330000E+02  0.929302865410708E-04
 0.340000E+02  0.284810100724033E-04
 0.350000E+02  0.126250475949413E-04
 0.360000E+02  0.677251585905705E-04
 0.370000E+02  0.466768278091650E-04
 0.380000E+02  0.140505476759930E-04
 0.390000E+02  0.675293955972258E-05
 0.400000E+02  0.332040528941571E-04
 0.410000E+02  0.232906431441322E-04
 0.420000E+02  0.825956781766493E-05
 0.430000E+02  0.405738026382336E-05
 0.440000E+02  0.142411574489051E-04
 0.450000E+02  0.135730876334144E-04
 0.460000E+02  0.455475538995063E-05
 0.470000E+02  0.249168195902159E-05
 0.480000E+02  0.642281971321004E-05
 0.490000E+02  0.787811458927397E-05
 0.500000E+02  0.280494846779808E-05
 0.510000E+02  0.153023019687175E-05
 0.520000E+02  0.350088686911211E-05
 0.530000E+02  0.390248459021172E-05
 0.540000E+02  0.180072285549893E-05
 0.550000E+02  0.105571978887161E-05
 0.560000E+02  0.204730906563068E-05
 0.570000E+02  0.252125411418777E-05
 0.580000E+02  0.117152559550025E-05
 0.590000E+02  0.833445730675799E-06
 0.600000E+02  0.132109573637597E-05
 0.610000E+02  0.173287163415617E-05
 0.620000E+02  0.100573778459887E-05
 0.630000E+02  0.717299012561195E-06
 0.640000E+02  0.350190564228961E-06
 0.650000E+02  0.000000000000000E+00
 0.660000E+02  0.000000000000000E+00
 0.670000E+02  0.000000000000000E+00
 0.680000E+02  0.000000000000000E+00
 0.690000E+02  0.000000000000000E+00
 0.700000E+02  0.000000000000000E+00
 0.710000E+02  0.000000000000000E+00
 0.720000E+02  0.000000000000000E+00
 0.730000E+02  0.000000000000000E+00
 0.740000E+02  0.000000000000000E+00
 0.750000E+02  0.000000000000000E+00
 0.760000E+02  0.000000000000000E+00
 0.770000E+02  0.000000000000000E+00
 0.780000E+02  0.000000000000000E+00
 0.790000E+02  0.000000000000000E+00
 0.800000E+02  0.000000000000000E+00
 0.810000E+02  0.000000000000000E+00
 0.820000E+02  0.000000000000000E+00
 0.830000E+02  0.000000000000000E+00
 0.840000E+02  0.000000000000000E+00
 0.850000E+02  0.000000000000000E+00
 0.860000E+02  0.000000000000000E+00
 0.870000E+02  0.000000000000000E+00
 0.880000E+02  0.000000000000000E+00
 0.890000E+02  0.000000000000000E+00
 0.900000E+02  0.000000000000000E+00
 0.910000E+02  0.000000000000000E+00
 0.920000E+02  0.000000000000000E+00
 0.930000E+02  0.000000000000000E+00
 0.940000E+02  0.000000000000000E+00
 0.950000E+02  0.000000000000000E+00
 0.960000E+02  0.000000000000000E+00
 0.970000E+02  0.000000000000000E+00
