 0.000000E+00  0.573858240455271E-01  0.000000000000000E+00  0.000000000000000E+00
 0.100000E+01  0.255005122967393E+00  0.137371910735965E+00  0.124829005653737E-02
 0.200000E+01  0.136572676508018E+00  0.612202325137332E-01  0.362713298090966E-02
 0.300000E+01  0.387987369336152E-01  0.165982111648191E-01  0.221792052798264E-02
 0.400000E+01  0.129365592783797E-01  0.189627669897163E-02  0.109494753223771E-02
 0.500000E+01  0.753380587619580E-02  0.643450252653111E-03  0.403603607935565E-03
 0.600000E+01  0.300382643942612E-02  0.287791677124005E-03  0.161510869173043E-03
 0.700000E+01  0.200447546836787E-02  0.215860338585117E-03  0.112460946922965E-03
 0.800000E+01  0.116173528375620E-02  0.778314635425659E-04  0.700434468257072E-04
 0.900000E+01  0.649213144783961E-03  0.401008943882175E-04  0.300691879075998E-04
 0.100000E+02  0.514433927080447E-03  0.314922187634181E-04  0.381432421772132E-04
 0.110000E+02  0.282811543919933E-03  0.126692713395826E-04  0.174582920804411E-04
 0.120000E+02  0.243749438213782E-03  0.103138912950218E-04  0.158663207281418E-04
 0.130000E+02  0.200704422901166E-03  0.105204008790660E-04  0.151122274196780E-04
 0.140000E+02  0.123885571966426E-03  0.416841989281380E-05  0.110091127574208E-04
 0.150000E+02  0.101259236886871E-03  0.345484633346160E-05  0.796714244755137E-05
 0.160000E+02  0.707941272800137E-04  0.200087519264258E-05  0.499721947289089E-05
 0.170000E+02  0.684524242520282E-04  0.212347410425383E-05  0.662988977184753E-05
 0.180000E+02  0.488982085945002E-04  0.952018237493357E-06  0.436319903719673E-05
 0.190000E+02  0.364219644590446E-04  0.853275697695888E-06  0.333786261289687E-05
 0.200000E+02  0.283309404463540E-04  0.612393218538121E-06  0.249658412998510E-05
 0.210000E+02  0.257738309530638E-04  0.691181630055326E-06  0.256261893535892E-05
 0.220000E+02  0.186906395318864E-04  0.360325235451014E-06  0.185522697524268E-05
 0.230000E+02  0.145068398024730E-04  0.221581318207015E-06  0.138657682353244E-05
 0.240000E+02  0.127383518320350E-04  0.184042386062403E-06  0.137141734420435E-05
 0.250000E+02  0.106193900092093E-04  0.170758965485802E-06  0.106442872330192E-05
 0.260000E+02  0.858992873474070E-05  0.159623557009422E-06  0.745491291392897E-06
 0.270000E+02  0.618583740730850E-05  0.125354927799732E-06  0.466651251847770E-06
 0.280000E+02  0.513689438362146E-05  0.886349245336066E-07  0.559393360542726E-06
 0.290000E+02  0.470356292165041E-05  0.803571706419794E-07  0.451536373193527E-06
 0.300000E+02  0.366164262584011E-05  0.574726223751855E-07  0.302803847007822E-06
 0.310000E+02  0.312818121129945E-05  0.330834047943332E-07  0.242345850328318E-06
 0.320000E+02  0.226745234432577E-05  0.331153403791522E-07  0.164408800028965E-06
 0.330000E+02  0.199891782060669E-05  0.227517500217913E-07  0.156027141233125E-06
 0.340000E+02  0.180364776340091E-05  0.269839412379239E-07  0.153253137684875E-06
 0.350000E+02  0.126666816956497E-05  0.184767055951359E-07  0.831944461038639E-07
 0.360000E+02  0.121776413219878E-05  0.164182147674311E-07  0.978556662846355E-07
 0.370000E+02  0.941904073746737E-06  0.128711544156667E-07  0.618284282280198E-07
 0.380000E+02  0.857880478732940E-06  0.984388364165577E-08  0.600866538577236E-07
 0.390000E+02  0.690573136584011E-06  0.778369387758986E-08  0.469296219186345E-07
 0.400000E+02  0.511704580638602E-06  0.498811580574616E-08  0.338758438572697E-07
 0.410000E+02  0.512671074067934E-06  0.550221790488793E-08  0.299864672021095E-07
 0.420000E+02  0.406044426014503E-06  0.438680917164892E-08  0.233563393657122E-07
 0.430000E+02  0.338978029010598E-06  0.398979737552404E-08  0.206763482158535E-07
 0.440000E+02  0.282476656320207E-06  0.353898000372144E-08  0.178407100738737E-07
 0.450000E+02  0.226027120990403E-06  0.271217474755094E-08  0.112710558671880E-07
 0.460000E+02  0.218077714429425E-06  0.235906727708230E-08  0.117732320296444E-07
 0.470000E+02  0.161064783343591E-06  0.191683127351424E-08  0.934129234961235E-08
 0.480000E+02  0.146881796667461E-06  0.205164280314316E-08  0.791377667753610E-08
 0.490000E+02  0.126815202991758E-06  0.141409029631899E-08  0.657588624231839E-08
 0.500000E+02  0.102510464570109E-06  0.134434149012472E-08  0.601357450822986E-08
 0.510000E+02  0.860691273325441E-07  0.110274613528756E-08  0.458985674614325E-08
 0.520000E+02  0.735218036044228E-07  0.897987708897827E-09  0.365372579467469E-08
 0.530000E+02  0.620358533112252E-07  0.794861893468088E-09  0.356958904040936E-08
 0.540000E+02  0.508125430705677E-07  0.687196243653879E-09  0.246326592196277E-08
 0.550000E+02  0.486964981724065E-07  0.653934865450646E-09  0.232040582995779E-08
 0.560000E+02  0.371104545906612E-07  0.516405980664613E-09  0.164150995307790E-08
 0.570000E+02  0.329295064995795E-07  0.452063308400990E-09  0.138279950923924E-08
 0.580000E+02  0.292919262584107E-07  0.370376724535185E-09  0.111914384742212E-08
 0.590000E+02  0.258455722121330E-07  0.356979147769792E-09  0.127969344672964E-08
 0.600000E+02  0.241705157521864E-07  0.327781033707783E-09  0.137932174230617E-08
 0.610000E+02  0.222954494509059E-07  0.360767428630979E-09  0.179247359896563E-08
 0.620000E+02  0.227336273982751E-07  0.421449174407699E-09  0.278621347900736E-08
 0.630000E+02  0.188277512807184E-07  0.825614548375072E-09  0.441735297844901E-08
 0.640000E+02  0.223073278056950E-10  0.235669161052429E-11  0.199506361951707E-10
 0.650000E+02  0.000000000000000E+00  0.000000000000000E+00  0.000000000000000E+00
 0.660000E+02  0.000000000000000E+00  0.000000000000000E+00  0.000000000000000E+00
 0.670000E+02  0.000000000000000E+00  0.000000000000000E+00  0.000000000000000E+00
 0.680000E+02  0.000000000000000E+00  0.000000000000000E+00  0.000000000000000E+00
 0.690000E+02  0.000000000000000E+00  0.000000000000000E+00  0.000000000000000E+00
 0.700000E+02  0.000000000000000E+00  0.000000000000000E+00  0.000000000000000E+00
 0.710000E+02  0.000000000000000E+00  0.000000000000000E+00  0.000000000000000E+00
 0.720000E+02  0.000000000000000E+00  0.000000000000000E+00  0.000000000000000E+00
 0.730000E+02  0.000000000000000E+00  0.000000000000000E+00  0.000000000000000E+00
 0.740000E+02  0.000000000000000E+00  0.000000000000000E+00  0.000000000000000E+00
 0.750000E+02  0.000000000000000E+00  0.000000000000000E+00  0.000000000000000E+00
 0.760000E+02  0.000000000000000E+00  0.000000000000000E+00  0.000000000000000E+00
 0.770000E+02  0.000000000000000E+00  0.000000000000000E+00  0.000000000000000E+00
 0.780000E+02  0.000000000000000E+00  0.000000000000000E+00  0.000000000000000E+00
 0.790000E+02  0.000000000000000E+00  0.000000000000000E+00  0.000000000000000E+00
 0.800000E+02  0.000000000000000E+00  0.000000000000000E+00  0.000000000000000E+00
 0.810000E+02  0.000000000000000E+00  0.000000000000000E+00  0.000000000000000E+00
 0.820000E+02  0.000000000000000E+00  0.000000000000000E+00  0.000000000000000E+00
 0.830000E+02  0.000000000000000E+00  0.000000000000000E+00  0.000000000000000E+00
 0.840000E+02  0.000000000000000E+00  0.000000000000000E+00  0.000000000000000E+00
 0.850000E+02  0.000000000000000E+00  0.000000000000000E+00  0.000000000000000E+00
 0.860000E+02  0.000000000000000E+00  0.000000000000000E+00  0.000000000000000E+00
 0.870000E+02  0.000000000000000E+00  0.000000000000000E+00  0.000000000000000E+00
 0.880000E+02  0.000000000000000E+00  0.000000000000000E+00  0.000000000000000E+00
 0.890000E+02  0.000000000000000E+00  0.000000000000000E+00  0.000000000000000E+00
 0.900000E+02  0.000000000000000E+00  0.000000000000000E+00  0.000000000000000E+00
 0.910000E+02  0.000000000000000E+00  0.000000000000000E+00  0.000000000000000E+00
 0.920000E+02  0.000000000000000E+00  0.000000000000000E+00  0.000000000000000E+00
 0.930000E+02  0.000000000000000E+00  0.000000000000000E+00  0.000000000000000E+00
 0.940000E+02  0.000000000000000E+00  0.000000000000000E+00  0.000000000000000E+00
 0.950000E+02  0.000000000000000E+00  0.000000000000000E+00  0.000000000000000E+00
 0.960000E+02  0.000000000000000E+00  0.000000000000000E+00  0.000000000000000E+00
