 0.000000E+00  0.131083211591662E-01  0.113673741344701E-01  0.174094702469607E-02
 0.400000E+01  0.581533753785607E-01  0.576597901528666E-01  0.493585225693927E-03
 0.800000E+01  0.136987481157426E-01  0.135487168579168E-01  0.150031257825898E-03
 0.120000E+02  0.464940616462241E-02  0.458482632655166E-02  0.645798380707382E-04
 0.160000E+02  0.202965964698378E-02  0.200710170922454E-02  0.225579377592179E-04
 0.200000E+02  0.716180308558617E-03  0.705329520281477E-03  0.108507882771389E-04
 0.240000E+02  0.258948422497076E-03  0.254627149845565E-03  0.432127265151180E-05
 0.280000E+02  0.107285472614860E-03  0.105374479695125E-03  0.191099291973438E-05
 0.320000E+02  0.455858677231074E-04  0.447449067444545E-04  0.840960978652932E-06
 0.360000E+02  0.206385398245203E-04  0.202341668582214E-04  0.404372966298839E-06
 0.400000E+02  0.885982917431742E-05  0.866696941451280E-05  0.192859759804626E-06
 0.440000E+02  0.395903808945284E-05  0.386815396067010E-05  0.908841287827370E-07
 0.480000E+02  0.194179039903396E-05  0.189711001784052E-05  0.446803811934426E-07
 0.520000E+02  0.935537616719330E-06  0.913566836236467E-06  0.219707804828630E-07
 0.560000E+02  0.489537007115115E-06  0.477791106167251E-06  0.117459009478636E-07
 0.600000E+02  0.304588079022334E-06  0.298204848454473E-06  0.638323056786142E-08
 0.640000E+02  0.147408196760068E-10  0.147408196760068E-10  0.000000000000000E+00
 0.680000E+02  0.000000000000000E+00  0.000000000000000E+00  0.000000000000000E+00
 0.720000E+02  0.000000000000000E+00  0.000000000000000E+00  0.000000000000000E+00
 0.760000E+02  0.000000000000000E+00  0.000000000000000E+00  0.000000000000000E+00
 0.800000E+02  0.000000000000000E+00  0.000000000000000E+00  0.000000000000000E+00
 0.840000E+02  0.000000000000000E+00  0.000000000000000E+00  0.000000000000000E+00
 0.880000E+02  0.000000000000000E+00  0.000000000000000E+00  0.000000000000000E+00
 0.920000E+02  0.000000000000000E+00  0.000000000000000E+00  0.000000000000000E+00
 0.960000E+02  0.000000000000000E+00  0.000000000000000E+00  0.000000000000000E+00
