 0.100000E+01  0.428533956929923E-01
 0.200000E+01  0.193546571793313E-01
 0.300000E+01  0.192947108478801E-01
 0.400000E+01  0.126155903546064E+00
 0.500000E+01  0.322649702598670E-01
 0.600000E+01  0.423084244135350E-02
 0.700000E+01  0.899039667795643E-03
 0.800000E+01  0.225520705757459E-01
 0.900000E+01  0.815357121430441E-02
 0.100000E+02  0.853580209294707E-03
 0.110000E+02  0.355514057376932E-03
 0.120000E+02  0.136285152100602E-01
 0.130000E+02  0.321945689963053E-02
 0.140000E+02  0.430241511438178E-03
 0.150000E+02  0.154424112521944E-03
 0.160000E+02  0.470434984855660E-02
 0.170000E+02  0.128363441444008E-02
 0.180000E+02  0.200763721655169E-03
 0.190000E+02  0.649173947664465E-04
 0.200000E+02  0.157882860234009E-02
 0.210000E+02  0.467170014282916E-03
 0.220000E+02  0.120420351644854E-03
 0.230000E+02  0.384250807043422E-04
 0.240000E+02  0.559794733123284E-03
 0.250000E+02  0.294046089054308E-03
 0.260000E+02  0.567692566227872E-04
 0.270000E+02  0.229112072176456E-04
 0.280000E+02  0.186262859711860E-03
 0.290000E+02  0.122312302291784E-03
 0.300000E+02  0.282244117647859E-04
 0.310000E+02  0.117725022154970E-04
 0.320000E+02  0.747994461067886E-04
 0.330000E+02  0.559587820202890E-04
 0.340000E+02  0.155343506047403E-04
 0.350000E+02  0.670146589223381E-05
 0.360000E+02  0.294222826359693E-04
 0.370000E+02  0.260978427156666E-04
 0.380000E+02  0.761489591767994E-05
 0.390000E+02  0.343556742200331E-05
 0.400000E+02  0.123591046794026E-04
 0.410000E+02  0.118728937229037E-04
 0.420000E+02  0.369103784625429E-05
 0.430000E+02  0.192708845029064E-05
 0.440000E+02  0.506229097676883E-05
 0.450000E+02  0.596650162959223E-05
 0.460000E+02  0.207028236555971E-05
 0.470000E+02  0.105104644304529E-05
 0.480000E+02  0.213526911198603E-05
 0.490000E+02  0.274834181559500E-05
 0.500000E+02  0.107100038483377E-05
 0.510000E+02  0.595936141073618E-06
 0.520000E+02  0.104701022050086E-05
 0.530000E+02  0.125837750282133E-05
 0.540000E+02  0.603121800140927E-06
 0.550000E+02  0.338785380739141E-06
 0.560000E+02  0.518543628254306E-06
 0.570000E+02  0.743612477997177E-06
 0.580000E+02  0.335362646664000E-06
 0.590000E+02  0.230442678382032E-06
 0.600000E+02  0.303132576740861E-06
 0.610000E+02  0.485161993664192E-06
 0.620000E+02  0.270965311802418E-06
 0.630000E+02  0.173591025273861E-06
 0.640000E+02  0.827296433973599E-07
 0.650000E+02  0.000000000000000E+00
 0.660000E+02  0.000000000000000E+00
 0.670000E+02  0.000000000000000E+00
 0.680000E+02  0.000000000000000E+00
 0.690000E+02  0.000000000000000E+00
 0.700000E+02  0.000000000000000E+00
 0.710000E+02  0.000000000000000E+00
 0.720000E+02  0.000000000000000E+00
 0.730000E+02  0.000000000000000E+00
 0.740000E+02  0.000000000000000E+00
 0.750000E+02  0.000000000000000E+00
 0.760000E+02  0.000000000000000E+00
 0.770000E+02  0.000000000000000E+00
 0.780000E+02  0.000000000000000E+00
 0.790000E+02  0.000000000000000E+00
 0.800000E+02  0.000000000000000E+00
 0.810000E+02  0.000000000000000E+00
 0.820000E+02  0.000000000000000E+00
 0.830000E+02  0.000000000000000E+00
 0.840000E+02  0.000000000000000E+00
 0.850000E+02  0.000000000000000E+00
 0.860000E+02  0.000000000000000E+00
 0.870000E+02  0.000000000000000E+00
 0.880000E+02  0.000000000000000E+00
 0.890000E+02  0.000000000000000E+00
 0.900000E+02  0.000000000000000E+00
 0.910000E+02  0.000000000000000E+00
 0.920000E+02  0.000000000000000E+00
 0.930000E+02  0.000000000000000E+00
 0.940000E+02  0.000000000000000E+00
 0.950000E+02  0.000000000000000E+00
 0.960000E+02  0.000000000000000E+00
 0.970000E+02  0.000000000000000E+00
