 0.000000E+00  0.218328383535971E-01  0.205507556251440E-01  0.128208272845312E-02
 0.400000E+01  0.397036162556433E-01  0.392309112341120E-01  0.472705021531410E-03
 0.800000E+01  0.782354384417945E-02  0.768165374678688E-02  0.141890097392597E-03
 0.120000E+02  0.429546786588036E-02  0.423401440185619E-02  0.614534640241405E-04
 0.160000E+02  0.153542653561749E-02  0.150741224110068E-02  0.280142945168099E-04
 0.200000E+02  0.538332010134096E-03  0.527036916517283E-03  0.112950936168192E-04
 0.240000E+02  0.226570790835021E-03  0.221762106910883E-03  0.480868392413806E-05
 0.280000E+02  0.835147725964588E-04  0.814926292004951E-04  0.202214339596369E-05
 0.320000E+02  0.364772364181681E-04  0.355811526771367E-04  0.896083741031415E-06
 0.360000E+02  0.157203626211635E-04  0.152931775001486E-04  0.427185121014941E-06
 0.400000E+02  0.692165203339883E-05  0.671446008104805E-05  0.207191952350784E-06
 0.440000E+02  0.325781566203998E-05  0.315370956668545E-05  0.104106095354531E-06
 0.480000E+02  0.147247848255590E-05  0.142280011227249E-05  0.496783702834119E-07
 0.520000E+02  0.711607502284876E-06  0.686559895712038E-06  0.250476065728373E-07
 0.560000E+02  0.402700555548091E-06  0.388022518794782E-06  0.146780367533090E-07
 0.600000E+02  0.226867778753791E-06  0.220788117952621E-06  0.607966080117029E-08
 0.640000E+02  0.370851925557414E-10  0.370851925557414E-10  0.000000000000000E+00
 0.680000E+02  0.000000000000000E+00  0.000000000000000E+00  0.000000000000000E+00
 0.720000E+02  0.000000000000000E+00  0.000000000000000E+00  0.000000000000000E+00
 0.760000E+02  0.000000000000000E+00  0.000000000000000E+00  0.000000000000000E+00
 0.800000E+02  0.000000000000000E+00  0.000000000000000E+00  0.000000000000000E+00
 0.840000E+02  0.000000000000000E+00  0.000000000000000E+00  0.000000000000000E+00
 0.880000E+02  0.000000000000000E+00  0.000000000000000E+00  0.000000000000000E+00
 0.920000E+02  0.000000000000000E+00  0.000000000000000E+00  0.000000000000000E+00
 0.960000E+02  0.000000000000000E+00  0.000000000000000E+00  0.000000000000000E+00
