 0.100000E+01  0.350063451893755E-01
 0.200000E+01  0.197818582161528E-01
 0.300000E+01  0.238708728791799E-01
 0.400000E+01  0.135703636848149E+00
 0.500000E+01  0.186891718253991E-01
 0.600000E+01  0.376882858196247E-02
 0.700000E+01  0.892431977642868E-03
 0.800000E+01  0.349883831472507E-01
 0.900000E+01  0.662959811432220E-02
 0.100000E+02  0.757325227242269E-03
 0.110000E+02  0.340122509445225E-03
 0.120000E+02  0.124845789727464E-01
 0.130000E+02  0.307865853706859E-02
 0.140000E+02  0.365308386086943E-03
 0.150000E+02  0.129363281108005E-03
 0.160000E+02  0.359898720952853E-02
 0.170000E+02  0.104008887550063E-02
 0.180000E+02  0.168706947886749E-03
 0.190000E+02  0.574169022446087E-04
 0.200000E+02  0.112572904453934E-02
 0.210000E+02  0.396536337774396E-03
 0.220000E+02  0.783657512780876E-04
 0.230000E+02  0.293061278004106E-04
 0.240000E+02  0.437216631108341E-03
 0.250000E+02  0.229835320078838E-03
 0.260000E+02  0.361017514053161E-04
 0.270000E+02  0.158985816620899E-04
 0.280000E+02  0.172334206505928E-03
 0.290000E+02  0.835832186236683E-04
 0.300000E+02  0.192716869888568E-04
 0.310000E+02  0.873285333241549E-05
 0.320000E+02  0.625206643726126E-04
 0.330000E+02  0.408742258547868E-04
 0.340000E+02  0.103586599672704E-04
 0.350000E+02  0.474223081287141E-05
 0.360000E+02  0.220540928092376E-04
 0.370000E+02  0.186231444534936E-04
 0.380000E+02  0.520988279083309E-05
 0.390000E+02  0.231333556348942E-05
 0.400000E+02  0.847968578012875E-05
 0.410000E+02  0.804818900005167E-05
 0.420000E+02  0.264577843534370E-05
 0.430000E+02  0.125631219515113E-05
 0.440000E+02  0.330548199766822E-05
 0.450000E+02  0.358590551930207E-05
 0.460000E+02  0.127435440051062E-05
 0.470000E+02  0.660213703390634E-06
 0.480000E+02  0.126105209216408E-05
 0.490000E+02  0.177891237024370E-05
 0.500000E+02  0.677386636464122E-06
 0.510000E+02  0.351705519736791E-06
 0.520000E+02  0.579869539122563E-06
 0.530000E+02  0.826379639693678E-06
 0.540000E+02  0.384838925021625E-06
 0.550000E+02  0.196380989419891E-06
 0.560000E+02  0.271279005115974E-06
 0.570000E+02  0.450794665282753E-06
 0.580000E+02  0.226752051287729E-06
 0.590000E+02  0.131501291361380E-06
 0.600000E+02  0.149286147808991E-06
 0.610000E+02  0.276745958596826E-06
 0.620000E+02  0.180456289872058E-06
 0.630000E+02  0.975354684733353E-07
 0.640000E+02  0.416418599863891E-07
 0.650000E+02  0.000000000000000E+00
 0.660000E+02  0.000000000000000E+00
 0.670000E+02  0.000000000000000E+00
 0.680000E+02  0.000000000000000E+00
 0.690000E+02  0.000000000000000E+00
 0.700000E+02  0.000000000000000E+00
 0.710000E+02  0.000000000000000E+00
 0.720000E+02  0.000000000000000E+00
 0.730000E+02  0.000000000000000E+00
 0.740000E+02  0.000000000000000E+00
 0.750000E+02  0.000000000000000E+00
 0.760000E+02  0.000000000000000E+00
 0.770000E+02  0.000000000000000E+00
 0.780000E+02  0.000000000000000E+00
 0.790000E+02  0.000000000000000E+00
 0.800000E+02  0.000000000000000E+00
 0.810000E+02  0.000000000000000E+00
 0.820000E+02  0.000000000000000E+00
 0.830000E+02  0.000000000000000E+00
 0.840000E+02  0.000000000000000E+00
 0.850000E+02  0.000000000000000E+00
 0.860000E+02  0.000000000000000E+00
 0.870000E+02  0.000000000000000E+00
 0.880000E+02  0.000000000000000E+00
 0.890000E+02  0.000000000000000E+00
 0.900000E+02  0.000000000000000E+00
 0.910000E+02  0.000000000000000E+00
 0.920000E+02  0.000000000000000E+00
 0.930000E+02  0.000000000000000E+00
 0.940000E+02  0.000000000000000E+00
 0.950000E+02  0.000000000000000E+00
 0.960000E+02  0.000000000000000E+00
 0.970000E+02  0.000000000000000E+00
