 0.000000E+00  0.172240234552508E-01  0.158881432616431E-01  0.133588019360772E-02
 0.400000E+01  0.442167736409208E-01  0.437970098750196E-01  0.419763765901291E-03
 0.800000E+01  0.145856609603405E-01  0.144044013458695E-01  0.181259614471070E-03
 0.120000E+02  0.488518656432341E-02  0.482322524866414E-02  0.619613156593087E-04
 0.160000E+02  0.181242365113507E-02  0.178612717695647E-02  0.262964741785893E-04
 0.200000E+02  0.763453002332078E-03  0.751265287813679E-03  0.121877145183998E-04
 0.240000E+02  0.300111728469387E-03  0.295291874378268E-03  0.481985409111765E-05
 0.280000E+02  0.111509662322528E-03  0.109387923547875E-03  0.212173877465266E-05
 0.320000E+02  0.549389188747790E-04  0.539798320902193E-04  0.959086784559792E-06
 0.360000E+02  0.222658117925429E-04  0.218055762580185E-04  0.460235534524530E-06
 0.400000E+02  0.955332744602875E-05  0.933818219079086E-05  0.215145255237889E-06
 0.440000E+02  0.443986510458047E-05  0.433303690232887E-05  0.106828202251600E-06
 0.480000E+02  0.194935829653736E-05  0.189578356384997E-05  0.535747326873905E-07
 0.520000E+02  0.998680120102232E-06  0.968740528918458E-06  0.299395911837747E-07
 0.560000E+02  0.535826933720201E-06  0.517585596150518E-06  0.182413375696828E-07
 0.600000E+02  0.302677269011338E-06  0.294544954202987E-06  0.813231480835090E-08
 0.640000E+02  0.987290041387645E-10  0.987290041387645E-10  0.000000000000000E+00
 0.680000E+02  0.000000000000000E+00  0.000000000000000E+00  0.000000000000000E+00
 0.720000E+02  0.000000000000000E+00  0.000000000000000E+00  0.000000000000000E+00
 0.760000E+02  0.000000000000000E+00  0.000000000000000E+00  0.000000000000000E+00
 0.800000E+02  0.000000000000000E+00  0.000000000000000E+00  0.000000000000000E+00
 0.840000E+02  0.000000000000000E+00  0.000000000000000E+00  0.000000000000000E+00
 0.880000E+02  0.000000000000000E+00  0.000000000000000E+00  0.000000000000000E+00
 0.920000E+02  0.000000000000000E+00  0.000000000000000E+00  0.000000000000000E+00
 0.960000E+02  0.000000000000000E+00  0.000000000000000E+00  0.000000000000000E+00
