 0.100000E+01  0.152750790055767E+00
 0.200000E+01  0.428432594131766E-01
 0.300000E+01  0.334853879362945E-01
 0.400000E+01  0.160576989715186E+00
 0.500000E+01  0.362317784404205E-01
 0.600000E+01  0.767548882450989E-02
 0.700000E+01  0.150383249101597E-02
 0.800000E+01  0.259893826211346E-01
 0.900000E+01  0.117225619073444E-01
 0.100000E+02  0.150681209266086E-02
 0.110000E+02  0.655861953503276E-03
 0.120000E+02  0.615985459030470E-02
 0.130000E+02  0.342092123069891E-02
 0.140000E+02  0.708437165246120E-03
 0.150000E+02  0.245275146650292E-03
 0.160000E+02  0.203410102723533E-02
 0.170000E+02  0.134097835072193E-02
 0.180000E+02  0.312500528710532E-03
 0.190000E+02  0.118776722911113E-03
 0.200000E+02  0.747595730854493E-03
 0.210000E+02  0.474520751706154E-03
 0.220000E+02  0.156451526048061E-03
 0.230000E+02  0.679095304403726E-04
 0.240000E+02  0.207347616156397E-03
 0.250000E+02  0.238801208489721E-03
 0.260000E+02  0.682372312136492E-04
 0.270000E+02  0.392995844691470E-04
 0.280000E+02  0.963662493782003E-04
 0.290000E+02  0.103729961275606E-03
 0.300000E+02  0.363431774713239E-04
 0.310000E+02  0.211589413019094E-04
 0.320000E+02  0.394888172167233E-04
 0.330000E+02  0.495938143702475E-04
 0.340000E+02  0.215341779462452E-04
 0.350000E+02  0.117604277978968E-04
 0.360000E+02  0.195307554605499E-04
 0.370000E+02  0.237267230495453E-04
 0.380000E+02  0.117909075321572E-04
 0.390000E+02  0.620106397102662E-05
 0.400000E+02  0.865782507320360E-05
 0.410000E+02  0.114477451407676E-04
 0.420000E+02  0.631668659652406E-05
 0.430000E+02  0.365488772241438E-05
 0.440000E+02  0.393201304399364E-05
 0.450000E+02  0.538540774731693E-05
 0.460000E+02  0.345738740703294E-05
 0.470000E+02  0.198973310382630E-05
 0.480000E+02  0.197172043707137E-05
 0.490000E+02  0.280146070778957E-05
 0.500000E+02  0.190827877303067E-05
 0.510000E+02  0.118517476288148E-05
 0.520000E+02  0.108866795377993E-05
 0.530000E+02  0.136041183574622E-05
 0.540000E+02  0.111803301744701E-05
 0.550000E+02  0.714535404458891E-06
 0.560000E+02  0.642471502790402E-06
 0.570000E+02  0.869840712361063E-06
 0.580000E+02  0.689773560071408E-06
 0.590000E+02  0.536142406769232E-06
 0.600000E+02  0.446989419902458E-06
 0.610000E+02  0.686696064759199E-06
 0.620000E+02  0.589910179836016E-06
 0.630000E+02  0.504672800508889E-06
 0.640000E+02  0.296192841073261E-06
 0.650000E+02  0.000000000000000E+00
 0.660000E+02  0.000000000000000E+00
 0.670000E+02  0.000000000000000E+00
 0.680000E+02  0.000000000000000E+00
 0.690000E+02  0.000000000000000E+00
 0.700000E+02  0.000000000000000E+00
 0.710000E+02  0.000000000000000E+00
 0.720000E+02  0.000000000000000E+00
 0.730000E+02  0.000000000000000E+00
 0.740000E+02  0.000000000000000E+00
 0.750000E+02  0.000000000000000E+00
 0.760000E+02  0.000000000000000E+00
 0.770000E+02  0.000000000000000E+00
 0.780000E+02  0.000000000000000E+00
 0.790000E+02  0.000000000000000E+00
 0.800000E+02  0.000000000000000E+00
 0.810000E+02  0.000000000000000E+00
 0.820000E+02  0.000000000000000E+00
 0.830000E+02  0.000000000000000E+00
 0.840000E+02  0.000000000000000E+00
 0.850000E+02  0.000000000000000E+00
 0.860000E+02  0.000000000000000E+00
 0.870000E+02  0.000000000000000E+00
 0.880000E+02  0.000000000000000E+00
 0.890000E+02  0.000000000000000E+00
 0.900000E+02  0.000000000000000E+00
 0.910000E+02  0.000000000000000E+00
 0.920000E+02  0.000000000000000E+00
 0.930000E+02  0.000000000000000E+00
 0.940000E+02  0.000000000000000E+00
 0.950000E+02  0.000000000000000E+00
 0.960000E+02  0.000000000000000E+00
 0.970000E+02  0.000000000000000E+00
