 0.000000E+00  0.225313095179699E-01  0.201172610048020E-01  0.241404851316793E-02
 0.400000E+01  0.453621527994938E-01  0.449561203369099E-01  0.406032462583802E-03
 0.800000E+01  0.143410308542433E-01  0.141739031872325E-01  0.167127667010712E-03
 0.120000E+02  0.496305335622516E-02  0.489708646230903E-02  0.659668939161422E-04
 0.160000E+02  0.197153838465008E-02  0.194635050371196E-02  0.251878809381089E-04
 0.200000E+02  0.680958370375504E-03  0.670287211094182E-03  0.106711592813279E-04
 0.240000E+02  0.292025013679453E-03  0.287683915808791E-03  0.434109787066343E-05
 0.280000E+02  0.129552624656635E-03  0.127630369498473E-03  0.192225515816274E-05
 0.320000E+02  0.510511561815476E-04  0.501873478826119E-04  0.863808298935702E-06
 0.360000E+02  0.225269169367851E-04  0.220994665039914E-04  0.427450432793638E-06
 0.400000E+02  0.946241048095168E-05  0.926382090805837E-05  0.198589572893315E-06
 0.440000E+02  0.419542626019182E-05  0.409544069334720E-05  0.999855668446170E-07
 0.480000E+02  0.190896315736447E-05  0.185596489940535E-05  0.529982579591287E-07
 0.520000E+02  0.919274774749070E-06  0.891339551058205E-06  0.279352236908652E-07
 0.560000E+02  0.470033702361534E-06  0.454719821573366E-06  0.153138807881682E-07
 0.600000E+02  0.266236992756771E-06  0.259595088440289E-06  0.664190431648267E-08
 0.640000E+02  0.776913047784156E-10  0.776913047784156E-10  0.000000000000000E+00
 0.680000E+02  0.000000000000000E+00  0.000000000000000E+00  0.000000000000000E+00
 0.720000E+02  0.000000000000000E+00  0.000000000000000E+00  0.000000000000000E+00
 0.760000E+02  0.000000000000000E+00  0.000000000000000E+00  0.000000000000000E+00
 0.800000E+02  0.000000000000000E+00  0.000000000000000E+00  0.000000000000000E+00
 0.840000E+02  0.000000000000000E+00  0.000000000000000E+00  0.000000000000000E+00
 0.880000E+02  0.000000000000000E+00  0.000000000000000E+00  0.000000000000000E+00
 0.920000E+02  0.000000000000000E+00  0.000000000000000E+00  0.000000000000000E+00
 0.960000E+02  0.000000000000000E+00  0.000000000000000E+00  0.000000000000000E+00
