 0.100000E+01  0.134422293760408E+00
 0.200000E+01  0.441188104701795E-01
 0.300000E+01  0.348179743323248E-01
 0.400000E+01  0.662862602375664E-01
 0.500000E+01  0.112260124584927E-01
 0.600000E+01  0.542134656577751E-02
 0.700000E+01  0.195885390974724E-02
 0.800000E+01  0.122401043137918E-02
 0.900000E+01  0.117851097075543E-02
 0.100000E+02  0.523447171844370E-03
 0.110000E+02  0.462504745042583E-03
 0.120000E+02  0.268059833641457E-03
 0.130000E+02  0.232273409788706E-03
 0.140000E+02  0.169655678397070E-03
 0.150000E+02  0.137238763597819E-03
 0.160000E+02  0.116918498193161E-03
 0.170000E+02  0.765906653924663E-04
 0.180000E+02  0.590931789285625E-04
 0.190000E+02  0.442128312357284E-04
 0.200000E+02  0.393102858693795E-04
 0.210000E+02  0.317044432234088E-04
 0.220000E+02  0.247919754174875E-04
 0.230000E+02  0.203358374953871E-04
 0.240000E+02  0.159125923725441E-04
 0.250000E+02  0.140824463623031E-04
 0.260000E+02  0.101611902625490E-04
 0.270000E+02  0.882499523931724E-05
 0.280000E+02  0.714955623466808E-05
 0.290000E+02  0.604664697428949E-05
 0.300000E+02  0.457923231703842E-05
 0.310000E+02  0.406266438768191E-05
 0.320000E+02  0.293819451585490E-05
 0.330000E+02  0.263258030482722E-05
 0.340000E+02  0.216978950048574E-05
 0.350000E+02  0.175783204970165E-05
 0.360000E+02  0.153119330469124E-05
 0.370000E+02  0.116211553940786E-05
 0.380000E+02  0.100578241825980E-05
 0.390000E+02  0.775285398095633E-06
 0.400000E+02  0.624321489867713E-06
 0.410000E+02  0.511175029918605E-06
 0.420000E+02  0.432464637544478E-06
 0.430000E+02  0.368685330706372E-06
 0.440000E+02  0.279123828806853E-06
 0.450000E+02  0.256299926999254E-06
 0.460000E+02  0.200122735121183E-06
 0.470000E+02  0.157423558548825E-06
 0.480000E+02  0.141506955754454E-06
 0.490000E+02  0.113061937743839E-06
 0.500000E+02  0.942674377709709E-07
 0.510000E+02  0.762516451015983E-07
 0.520000E+02  0.668747756231566E-07
 0.530000E+02  0.519496288556822E-07
 0.540000E+02  0.447508960520817E-07
 0.550000E+02  0.358656242441221E-07
 0.560000E+02  0.297547135686735E-07
 0.570000E+02  0.244585055471776E-07
 0.580000E+02  0.194450880622978E-07
 0.590000E+02  0.164408617820280E-07
 0.600000E+02  0.124460903680295E-07
 0.610000E+02  0.112016270518438E-07
 0.620000E+02  0.134605516435512E-07
 0.630000E+02  0.157985895691549E-07
 0.640000E+02  0.138182531194915E-07
 0.650000E+02  0.000000000000000E+00
 0.660000E+02  0.000000000000000E+00
 0.670000E+02  0.000000000000000E+00
 0.680000E+02  0.000000000000000E+00
 0.690000E+02  0.000000000000000E+00
 0.700000E+02  0.000000000000000E+00
 0.710000E+02  0.000000000000000E+00
 0.720000E+02  0.000000000000000E+00
 0.730000E+02  0.000000000000000E+00
 0.740000E+02  0.000000000000000E+00
 0.750000E+02  0.000000000000000E+00
 0.760000E+02  0.000000000000000E+00
 0.770000E+02  0.000000000000000E+00
 0.780000E+02  0.000000000000000E+00
 0.790000E+02  0.000000000000000E+00
 0.800000E+02  0.000000000000000E+00
 0.810000E+02  0.000000000000000E+00
 0.820000E+02  0.000000000000000E+00
 0.830000E+02  0.000000000000000E+00
 0.840000E+02  0.000000000000000E+00
 0.850000E+02  0.000000000000000E+00
 0.860000E+02  0.000000000000000E+00
 0.870000E+02  0.000000000000000E+00
 0.880000E+02  0.000000000000000E+00
 0.890000E+02  0.000000000000000E+00
 0.900000E+02  0.000000000000000E+00
 0.910000E+02  0.000000000000000E+00
 0.920000E+02  0.000000000000000E+00
 0.930000E+02  0.000000000000000E+00
 0.940000E+02  0.000000000000000E+00
 0.950000E+02  0.000000000000000E+00
 0.960000E+02  0.000000000000000E+00
 0.970000E+02  0.000000000000000E+00
