 0.000000E+00  0.748780603553027E-01  0.735824433431501E-01  0.129561701215260E-02
 0.400000E+01  0.158289026591228E-01  0.154910174605748E-01  0.337885198547867E-03
 0.800000E+01  0.250785872112893E-02  0.240845330463849E-02  0.994054164904471E-04
 0.120000E+02  0.650959531840774E-03  0.619962992270367E-03  0.309965395704063E-04
 0.160000E+02  0.207161501587905E-03  0.195450469178315E-03  0.117110324095904E-04
 0.200000E+02  0.706738840126710E-04  0.660102669712296E-04  0.466361704144145E-05
 0.240000E+02  0.240075991121160E-04  0.220639115763747E-04  0.194368753574138E-05
 0.280000E+02  0.866959056185215E-05  0.782218377818912E-05  0.847406783663033E-06
 0.320000E+02  0.335258851920865E-05  0.298855136770076E-05  0.364037151507893E-06
 0.360000E+02  0.137316894883477E-05  0.121509645059670E-05  0.158072498238075E-06
 0.400000E+02  0.578283410162871E-06  0.509281753628499E-06  0.690016565343727E-07
 0.440000E+02  0.249853173246814E-06  0.219833648313577E-06  0.300195249332371E-07
 0.480000E+02  0.109011881936981E-06  0.957140872845511E-07  0.132977946524294E-07
 0.520000E+02  0.494115875384954E-07  0.436388883064027E-07  0.577269923209276E-08
 0.560000E+02  0.235215683942728E-07  0.210595382460212E-07  0.246203014825155E-08
 0.600000E+02  0.523863852291443E-08  0.489695208582001E-08  0.341686437094425E-09
 0.640000E+02  0.195782680432327E-12  0.195782680432327E-12  0.000000000000000E+00
 0.680000E+02  0.000000000000000E+00  0.000000000000000E+00  0.000000000000000E+00
 0.720000E+02  0.000000000000000E+00  0.000000000000000E+00  0.000000000000000E+00
 0.760000E+02  0.000000000000000E+00  0.000000000000000E+00  0.000000000000000E+00
 0.800000E+02  0.000000000000000E+00  0.000000000000000E+00  0.000000000000000E+00
 0.840000E+02  0.000000000000000E+00  0.000000000000000E+00  0.000000000000000E+00
 0.880000E+02  0.000000000000000E+00  0.000000000000000E+00  0.000000000000000E+00
 0.920000E+02  0.000000000000000E+00  0.000000000000000E+00  0.000000000000000E+00
 0.960000E+02  0.000000000000000E+00  0.000000000000000E+00  0.000000000000000E+00
