 0.000000E+00  0.822522270164572E-01  0.000000000000000E+00  0.000000000000000E+00
 0.100000E+01  0.994921594604978E-01  0.475190053693950E-01  0.183216062941938E-02
 0.200000E+01  0.867424161822975E-01  0.394233910046751E-01  0.202481678024924E-02
 0.300000E+01  0.444330193956084E-01  0.136183346839971E-01  0.749648556208626E-03
 0.400000E+01  0.134021351830579E-01  0.348631011411271E-02  0.398543514620542E-03
 0.500000E+01  0.616582292698631E-02  0.672455329095101E-03  0.214882449512288E-03
 0.600000E+01  0.223035700744699E-02  0.119650485700618E-03  0.153259239965564E-03
 0.700000E+01  0.152565556909089E-02  0.118680476532518E-03  0.812105963134968E-04
 0.800000E+01  0.907425963551864E-03  0.772511465054748E-04  0.457249024563566E-04
 0.900000E+01  0.550359265410925E-03  0.340080960377076E-04  0.287861356600416E-04
 0.100000E+02  0.428278013887812E-03  0.248879952664538E-04  0.271463741685629E-04
 0.110000E+02  0.268898843649116E-03  0.176128370608097E-04  0.138088779619849E-04
 0.120000E+02  0.224362299020949E-03  0.102869008973272E-04  0.106622048154925E-04
 0.130000E+02  0.177219778071265E-03  0.710316291773708E-05  0.823405772254482E-05
 0.140000E+02  0.119543612170077E-03  0.453854616583316E-05  0.743583279572135E-05
 0.150000E+02  0.905100903802634E-04  0.369202510418221E-05  0.537734365757547E-05
 0.160000E+02  0.652483462399688E-04  0.150751531985405E-05  0.382586184555223E-05
 0.170000E+02  0.601506780079430E-04  0.132703007449386E-05  0.288550862137527E-05
 0.180000E+02  0.436613439027788E-04  0.102509478178137E-05  0.256695131495288E-05
 0.190000E+02  0.334288186324211E-04  0.935360458337309E-06  0.261193398706783E-05
 0.200000E+02  0.257431695931261E-04  0.709072949473281E-06  0.174701836534730E-05
 0.210000E+02  0.233344864605609E-04  0.712850917326119E-06  0.149932165477602E-05
 0.220000E+02  0.169721605231159E-04  0.455280208463971E-06  0.120401270194137E-05
 0.230000E+02  0.132339577110206E-04  0.332267088381383E-06  0.938314099504676E-06
 0.240000E+02  0.116340163820806E-04  0.302984085017236E-06  0.764998744968992E-06
 0.250000E+02  0.948020896187993E-05  0.235059824854611E-06  0.547047036145859E-06
 0.260000E+02  0.758667368187996E-05  0.154787502400569E-06  0.509063588404607E-06
 0.270000E+02  0.554809905905327E-05  0.112654965652922E-06  0.381784397741891E-06
 0.280000E+02  0.445684659588905E-05  0.822479921391839E-07  0.280261979957765E-06
 0.290000E+02  0.404058388405844E-05  0.726622757913319E-07  0.268512750756233E-06
 0.300000E+02  0.324105820924602E-05  0.531012964441815E-07  0.237295812798889E-06
 0.310000E+02  0.274650458196801E-05  0.456338326467994E-07  0.171504835005595E-06
 0.320000E+02  0.214905181655951E-05  0.461158432678863E-07  0.116616649210302E-06
 0.330000E+02  0.176294152632484E-05  0.313963204865743E-07  0.991297769291528E-07
 0.340000E+02  0.159003933198662E-05  0.264013475304351E-07  0.970811611174412E-07
 0.350000E+02  0.121543889270888E-05  0.181969804002651E-07  0.591182437712813E-07
 0.360000E+02  0.103613678170365E-05  0.169742115195147E-07  0.482001434507461E-07
 0.370000E+02  0.891861149360116E-06  0.127817988530583E-07  0.452986380482679E-07
 0.380000E+02  0.792142655517405E-06  0.113451113644097E-07  0.378538850021341E-07
 0.390000E+02  0.617769313591616E-06  0.108268588629900E-07  0.299713199585156E-07
 0.400000E+02  0.522400802832878E-06  0.942875129285748E-08  0.194695454985123E-07
 0.410000E+02  0.468172025165769E-06  0.817450598032833E-08  0.185233245633297E-07
 0.420000E+02  0.375026730912976E-06  0.704509438206733E-08  0.135216819700172E-07
 0.430000E+02  0.345189846222037E-06  0.652102368216517E-08  0.139561347626063E-07
 0.440000E+02  0.267914436539588E-06  0.497040910333598E-08  0.111007767498826E-07
 0.450000E+02  0.218828160627957E-06  0.399833571485418E-08  0.774762401185413E-08
 0.460000E+02  0.215026835448421E-06  0.372762795590041E-08  0.881426880145104E-08
 0.470000E+02  0.159137811240542E-06  0.292077136056972E-08  0.615119248866349E-08
 0.480000E+02  0.149560118070122E-06  0.267812565265429E-08  0.486589486172124E-08
 0.490000E+02  0.129225062260101E-06  0.212458536696356E-08  0.516660538904166E-08
 0.500000E+02  0.108071432595671E-06  0.199472715439841E-08  0.474335383890076E-08
 0.510000E+02  0.928950553471614E-07  0.167967231742250E-08  0.344467695079925E-08
 0.520000E+02  0.765334193173599E-07  0.133051977054476E-08  0.300893436413546E-08
 0.530000E+02  0.668279034293093E-07  0.146953703756828E-08  0.237333616722889E-08
 0.540000E+02  0.582957946150814E-07  0.126134009751069E-08  0.185611019882898E-08
 0.550000E+02  0.562574663537754E-07  0.113155450635988E-08  0.172672814391671E-08
 0.560000E+02  0.439971206358855E-07  0.102780180941920E-08  0.133513868965050E-08
 0.570000E+02  0.415510603939071E-07  0.113213662620424E-08  0.120348516706023E-08
 0.580000E+02  0.356991085257918E-07  0.110234720416969E-08  0.111378961919529E-08
 0.590000E+02  0.322001412985968E-07  0.114643066552390E-08  0.133761732885024E-08
 0.600000E+02  0.278780108962397E-07  0.105136914087340E-08  0.121900180786517E-08
 0.610000E+02  0.235184359434844E-07  0.884364265920799E-09  0.158318021130877E-08
 0.620000E+02  0.232430832707211E-07  0.146559916297395E-08  0.201717591769867E-08
 0.630000E+02  0.178709140981158E-07  0.268545110368683E-08  0.208100103532250E-08
 0.640000E+02  0.393226779263345E-10  0.861264054866084E-11  0.307100373776736E-10
 0.650000E+02  0.000000000000000E+00  0.000000000000000E+00  0.000000000000000E+00
 0.660000E+02  0.000000000000000E+00  0.000000000000000E+00  0.000000000000000E+00
 0.670000E+02  0.000000000000000E+00  0.000000000000000E+00  0.000000000000000E+00
 0.680000E+02  0.000000000000000E+00  0.000000000000000E+00  0.000000000000000E+00
 0.690000E+02  0.000000000000000E+00  0.000000000000000E+00  0.000000000000000E+00
 0.700000E+02  0.000000000000000E+00  0.000000000000000E+00  0.000000000000000E+00
 0.710000E+02  0.000000000000000E+00  0.000000000000000E+00  0.000000000000000E+00
 0.720000E+02  0.000000000000000E+00  0.000000000000000E+00  0.000000000000000E+00
 0.730000E+02  0.000000000000000E+00  0.000000000000000E+00  0.000000000000000E+00
 0.740000E+02  0.000000000000000E+00  0.000000000000000E+00  0.000000000000000E+00
 0.750000E+02  0.000000000000000E+00  0.000000000000000E+00  0.000000000000000E+00
 0.760000E+02  0.000000000000000E+00  0.000000000000000E+00  0.000000000000000E+00
 0.770000E+02  0.000000000000000E+00  0.000000000000000E+00  0.000000000000000E+00
 0.780000E+02  0.000000000000000E+00  0.000000000000000E+00  0.000000000000000E+00
 0.790000E+02  0.000000000000000E+00  0.000000000000000E+00  0.000000000000000E+00
 0.800000E+02  0.000000000000000E+00  0.000000000000000E+00  0.000000000000000E+00
 0.810000E+02  0.000000000000000E+00  0.000000000000000E+00  0.000000000000000E+00
 0.820000E+02  0.000000000000000E+00  0.000000000000000E+00  0.000000000000000E+00
 0.830000E+02  0.000000000000000E+00  0.000000000000000E+00  0.000000000000000E+00
 0.840000E+02  0.000000000000000E+00  0.000000000000000E+00  0.000000000000000E+00
 0.850000E+02  0.000000000000000E+00  0.000000000000000E+00  0.000000000000000E+00
 0.860000E+02  0.000000000000000E+00  0.000000000000000E+00  0.000000000000000E+00
 0.870000E+02  0.000000000000000E+00  0.000000000000000E+00  0.000000000000000E+00
 0.880000E+02  0.000000000000000E+00  0.000000000000000E+00  0.000000000000000E+00
 0.890000E+02  0.000000000000000E+00  0.000000000000000E+00  0.000000000000000E+00
 0.900000E+02  0.000000000000000E+00  0.000000000000000E+00  0.000000000000000E+00
 0.910000E+02  0.000000000000000E+00  0.000000000000000E+00  0.000000000000000E+00
 0.920000E+02  0.000000000000000E+00  0.000000000000000E+00  0.000000000000000E+00
 0.930000E+02  0.000000000000000E+00  0.000000000000000E+00  0.000000000000000E+00
 0.940000E+02  0.000000000000000E+00  0.000000000000000E+00  0.000000000000000E+00
 0.950000E+02  0.000000000000000E+00  0.000000000000000E+00  0.000000000000000E+00
 0.960000E+02  0.000000000000000E+00  0.000000000000000E+00  0.000000000000000E+00
