 0.000000E+00  0.498139849778872E-01  0.485162756174769E-01  0.129770936041027E-02
 0.400000E+01  0.298586413380913E-02  0.292260697008983E-02  0.632571637193000E-04
 0.800000E+01  0.523626872031342E-04  0.458145528851310E-04  0.654813431800316E-05
 0.120000E+02  0.248742887897552E-05  0.133151609616393E-05  0.115591278281160E-05
 0.160000E+02  0.364081584221554E-06  0.140732182568085E-06  0.223349401653467E-06
 0.200000E+02  0.692945923900937E-07  0.251745045611191E-07  0.441200878289745E-07
 0.240000E+02  0.133541479550630E-07  0.489506371967945E-08  0.845908423538359E-08
 0.280000E+02  0.246108865472438E-08  0.926342369326009E-09  0.153474628539838E-08
 0.320000E+02  0.420942909980349E-09  0.164702500928734E-09  0.256240409051615E-09
 0.360000E+02  0.626051496153024E-10  0.261941302796808E-10  0.364110193356216E-10
 0.400000E+02  0.716622337820935E-11  0.336812247459717E-11  0.379810090361217E-11
 0.440000E+02  0.600605099948537E-12  0.346024663877987E-12  0.254580436070551E-12
 0.480000E+02  0.441196895133305E-13  0.335337298131937E-13  0.105859597001368E-13
 0.520000E+02  0.303304803179263E-14  0.264014298426729E-14  0.392905047525343E-15
 0.560000E+02  0.645786146746264E-16  0.587304778880048E-16  0.584813678662168E-17
 0.600000E+02  0.325832750062604E-18  0.313339475698873E-18  0.124932743637308E-19
 0.640000E+02  0.263689427307350E-20  0.263689427307350E-20  0.000000000000000E+00
 0.680000E+02  0.000000000000000E+00  0.000000000000000E+00  0.000000000000000E+00
 0.720000E+02  0.000000000000000E+00  0.000000000000000E+00  0.000000000000000E+00
 0.760000E+02  0.000000000000000E+00  0.000000000000000E+00  0.000000000000000E+00
 0.800000E+02  0.000000000000000E+00  0.000000000000000E+00  0.000000000000000E+00
 0.840000E+02  0.000000000000000E+00  0.000000000000000E+00  0.000000000000000E+00
 0.880000E+02  0.000000000000000E+00  0.000000000000000E+00  0.000000000000000E+00
 0.920000E+02  0.000000000000000E+00  0.000000000000000E+00  0.000000000000000E+00
 0.960000E+02  0.000000000000000E+00  0.000000000000000E+00  0.000000000000000E+00
