 0.000000E+00  0.000000000000000E+00  0.000000000000000E+00  0.000000000000000E+00
 0.400000E+01  0.000000000000000E+00  0.000000000000000E+00  0.000000000000000E+00
 0.800000E+01  0.000000000000000E+00  0.000000000000000E+00  0.000000000000000E+00
 0.120000E+02  0.000000000000000E+00  0.000000000000000E+00  0.000000000000000E+00
 0.160000E+02  0.000000000000000E+00  0.000000000000000E+00  0.000000000000000E+00
 0.200000E+02  0.000000000000000E+00  0.000000000000000E+00  0.000000000000000E+00
 0.240000E+02  0.000000000000000E+00  0.000000000000000E+00  0.000000000000000E+00
 0.280000E+02  0.000000000000000E+00  0.000000000000000E+00  0.000000000000000E+00
 0.320000E+02  0.000000000000000E+00  0.000000000000000E+00  0.000000000000000E+00
 0.360000E+02  0.000000000000000E+00  0.000000000000000E+00  0.000000000000000E+00
 0.400000E+02  0.000000000000000E+00  0.000000000000000E+00  0.000000000000000E+00
 0.440000E+02  0.000000000000000E+00  0.000000000000000E+00  0.000000000000000E+00
 0.480000E+02  0.000000000000000E+00  0.000000000000000E+00  0.000000000000000E+00
 0.520000E+02  0.000000000000000E+00  0.000000000000000E+00  0.000000000000000E+00
 0.560000E+02  0.000000000000000E+00  0.000000000000000E+00  0.000000000000000E+00
 0.600000E+02  0.000000000000000E+00  0.000000000000000E+00  0.000000000000000E+00
 0.640000E+02  0.000000000000000E+00  0.000000000000000E+00  0.000000000000000E+00
 0.680000E+02  0.000000000000000E+00  0.000000000000000E+00  0.000000000000000E+00
 0.720000E+02  0.000000000000000E+00  0.000000000000000E+00  0.000000000000000E+00
 0.760000E+02  0.000000000000000E+00  0.000000000000000E+00  0.000000000000000E+00
 0.800000E+02  0.000000000000000E+00  0.000000000000000E+00  0.000000000000000E+00
 0.840000E+02  0.000000000000000E+00  0.000000000000000E+00  0.000000000000000E+00
 0.880000E+02  0.000000000000000E+00  0.000000000000000E+00  0.000000000000000E+00
 0.920000E+02  0.000000000000000E+00  0.000000000000000E+00  0.000000000000000E+00
 0.960000E+02  0.000000000000000E+00  0.000000000000000E+00  0.000000000000000E+00
