 0.000000E+00  0.645400606033421E-01  0.631686745823894E-01  0.137138602095302E-02
 0.400000E+01  0.419869630319644E-01  0.414113519983019E-01  0.575611033662142E-03
 0.800000E+01  0.666765297622396E-02  0.648947224225844E-02  0.178180733965500E-03
 0.120000E+02  0.163670496133100E-02  0.157808710375570E-02  0.586178575752974E-04
 0.160000E+02  0.622841767679683E-03  0.594508656218992E-03  0.283331114606873E-04
 0.200000E+02  0.226635833178559E-03  0.215196754357776E-03  0.114390788207829E-04
 0.240000E+02  0.892124984944902E-04  0.840308386792090E-04  0.518165981528102E-05
 0.280000E+02  0.402389701108068E-04  0.377958383926313E-04  0.244313171817548E-05
 0.320000E+02  0.199459642187872E-04  0.187906812329957E-04  0.115528298579151E-05
 0.360000E+02  0.945841880232424E-05  0.890970208391440E-05  0.548716718409839E-06
 0.400000E+02  0.447431154987790E-05  0.420294288477954E-05  0.271368665098369E-06
 0.440000E+02  0.223907558430816E-05  0.209817527902228E-05  0.140900305285881E-06
 0.480000E+02  0.116946646734625E-05  0.109843328589501E-05  0.710331814512399E-07
 0.520000E+02  0.601791824152365E-06  0.566080456903382E-06  0.357113672489830E-07
 0.560000E+02  0.365664584253877E-06  0.344535100395900E-06  0.211294838579766E-07
 0.600000E+02  0.245893095260763E-06  0.235982236462210E-06  0.991085879855249E-08
 0.640000E+02  0.217191958862273E-10  0.217191958862273E-10  0.000000000000000E+00
 0.680000E+02  0.000000000000000E+00  0.000000000000000E+00  0.000000000000000E+00
 0.720000E+02  0.000000000000000E+00  0.000000000000000E+00  0.000000000000000E+00
 0.760000E+02  0.000000000000000E+00  0.000000000000000E+00  0.000000000000000E+00
 0.800000E+02  0.000000000000000E+00  0.000000000000000E+00  0.000000000000000E+00
 0.840000E+02  0.000000000000000E+00  0.000000000000000E+00  0.000000000000000E+00
 0.880000E+02  0.000000000000000E+00  0.000000000000000E+00  0.000000000000000E+00
 0.920000E+02  0.000000000000000E+00  0.000000000000000E+00  0.000000000000000E+00
 0.960000E+02  0.000000000000000E+00  0.000000000000000E+00  0.000000000000000E+00
