 0.000000E+00  0.152303504965079E-01  0.135834089976282E-01  0.164694149887964E-02
 0.400000E+01  0.504342902932859E-01  0.500263690783042E-01  0.407921214981786E-03
 0.800000E+01  0.138985047415557E-01  0.137645080111317E-01  0.133996730423952E-03
 0.120000E+02  0.400518281545607E-02  0.395932492468975E-02  0.458578907662707E-04
 0.160000E+02  0.158924858375748E-02  0.156892497262979E-02  0.203236111276773E-04
 0.200000E+02  0.569990631794041E-03  0.562115362450254E-03  0.787526934378641E-05
 0.240000E+02  0.216653190656318E-03  0.213019764828642E-03  0.363342582767608E-05
 0.280000E+02  0.839638518394730E-04  0.823429360629886E-04  0.162091577648440E-05
 0.320000E+02  0.397440526333438E-04  0.389953682585918E-04  0.748684374752012E-06
 0.360000E+02  0.159751672664911E-04  0.156255169976689E-04  0.349650268822253E-06
 0.400000E+02  0.680547718848635E-05  0.664282492858037E-05  0.162652259905984E-06
 0.440000E+02  0.290460720046923E-05  0.282946765586253E-05  0.751395446067015E-07
 0.480000E+02  0.124184904871700E-05  0.120545257761941E-05  0.363964710975941E-07
 0.520000E+02  0.556496742935333E-06  0.538000884506770E-06  0.184958584285629E-07
 0.560000E+02  0.270644746037424E-06  0.261088469183032E-06  0.955627685439129E-08
 0.600000E+02  0.149452460664622E-06  0.145434383130112E-06  0.401807753450968E-08
 0.640000E+02  0.293992122313291E-10  0.293992122313291E-10  0.000000000000000E+00
 0.680000E+02  0.000000000000000E+00  0.000000000000000E+00  0.000000000000000E+00
 0.720000E+02  0.000000000000000E+00  0.000000000000000E+00  0.000000000000000E+00
 0.760000E+02  0.000000000000000E+00  0.000000000000000E+00  0.000000000000000E+00
 0.800000E+02  0.000000000000000E+00  0.000000000000000E+00  0.000000000000000E+00
 0.840000E+02  0.000000000000000E+00  0.000000000000000E+00  0.000000000000000E+00
 0.880000E+02  0.000000000000000E+00  0.000000000000000E+00  0.000000000000000E+00
 0.920000E+02  0.000000000000000E+00  0.000000000000000E+00  0.000000000000000E+00
 0.960000E+02  0.000000000000000E+00  0.000000000000000E+00  0.000000000000000E+00
