 0.000000E+00  0.775701630631287E-01  0.000000000000000E+00  0.000000000000000E+00
 0.100000E+01  0.265943930565967E+00  0.104395409114659E+00  0.117687991951243E-02
 0.200000E+01  0.105119145548692E+00  0.332828187092673E-01  0.165557652508141E-02
 0.300000E+01  0.473465001952684E-01  0.199084847081394E-01  0.111858005493559E-02
 0.400000E+01  0.122772978808302E-01  0.154967172784382E-02  0.667687134182415E-03
 0.500000E+01  0.684704400515167E-02  0.812069897847323E-03  0.310646977879969E-03
 0.600000E+01  0.246705266183863E-02  0.237078163308979E-03  0.144569030112507E-03
 0.700000E+01  0.183418656668893E-02  0.152433521236617E-03  0.121059535473478E-03
 0.800000E+01  0.107326862389983E-02  0.906793761483726E-04  0.821779769140107E-04
 0.900000E+01  0.622831487607636E-03  0.372687281551265E-04  0.435764333417410E-04
 0.100000E+02  0.461387010218504E-03  0.222772558542417E-04  0.321540743595250E-04
 0.110000E+02  0.270658636114338E-03  0.118786801159843E-04  0.195498420145768E-04
 0.120000E+02  0.239562916167314E-03  0.970672506239723E-05  0.130137590819146E-04
 0.130000E+02  0.172125439135729E-03  0.714158166958967E-05  0.145058245195617E-04
 0.140000E+02  0.116432965836018E-03  0.683601733386663E-05  0.552259249952947E-05
 0.150000E+02  0.915083997590519E-04  0.397250835049157E-05  0.506648965259426E-05
 0.160000E+02  0.584945336982420E-04  0.199237906284289E-05  0.365531086146675E-05
 0.170000E+02  0.519641291958486E-04  0.163656506857977E-05  0.225921634705584E-05
 0.180000E+02  0.373645334401165E-04  0.140133638259175E-05  0.234875107818500E-05
 0.190000E+02  0.286292118519201E-04  0.715186886823815E-06  0.160215913928841E-05
 0.200000E+02  0.219095289233781E-04  0.576893188927730E-06  0.114568623760247E-05
 0.210000E+02  0.179052081516979E-04  0.305321589157137E-06  0.784158779743027E-06
 0.220000E+02  0.129682238382922E-04  0.226768504288724E-06  0.690251592307123E-06
 0.230000E+02  0.948208527274045E-05  0.159225218773762E-06  0.454167334490441E-06
 0.240000E+02  0.851782690335482E-05  0.149422395885265E-06  0.430023826977766E-06
 0.250000E+02  0.709901697465735E-05  0.147727771000403E-06  0.354082922694038E-06
 0.260000E+02  0.554812947800296E-05  0.129518588421959E-06  0.260085003820905E-06
 0.270000E+02  0.397785277813745E-05  0.689731307042599E-07  0.227943093936492E-06
 0.280000E+02  0.321531678255169E-05  0.596661741663479E-07  0.166208680662389E-06
 0.290000E+02  0.306978997201711E-05  0.601151182019408E-07  0.160242383015485E-06
 0.300000E+02  0.234553373961801E-05  0.427710056693674E-07  0.157452056255038E-06
 0.310000E+02  0.210299996250278E-05  0.336771703356251E-07  0.113210446159133E-06
 0.320000E+02  0.162509433509869E-05  0.220506533590918E-07  0.807739918779263E-07
 0.330000E+02  0.138611486845957E-05  0.239206838005025E-07  0.744062701530171E-07
 0.340000E+02  0.121313953187278E-05  0.173438855306709E-07  0.624875606616577E-07
 0.350000E+02  0.891784205766534E-06  0.133289387415215E-07  0.459823320279537E-07
 0.360000E+02  0.843750532478118E-06  0.119176886665908E-07  0.435718657663020E-07
 0.370000E+02  0.664315967788326E-06  0.108761219806772E-07  0.363903167925698E-07
 0.380000E+02  0.640710398501725E-06  0.889233438196736E-08  0.278050205143252E-07
 0.390000E+02  0.481581085209007E-06  0.626529574537316E-08  0.212513359851784E-07
 0.400000E+02  0.389353144340316E-06  0.506256473726288E-08  0.183414281344722E-07
 0.410000E+02  0.377141758362791E-06  0.473746519650994E-08  0.154006316758283E-07
 0.420000E+02  0.300830345479519E-06  0.395660974995696E-08  0.127832557430055E-07
 0.430000E+02  0.269793388350418E-06  0.378220524051374E-08  0.118969081378309E-07
 0.440000E+02  0.217208032274472E-06  0.359004375711261E-08  0.900582137995111E-08
 0.450000E+02  0.175668334652197E-06  0.209413289144187E-08  0.753985392446443E-08
 0.460000E+02  0.168692748202727E-06  0.154872875560384E-08  0.687306948740597E-08
 0.470000E+02  0.130385516106366E-06  0.131439137390204E-08  0.625566541878056E-08
 0.480000E+02  0.119687161503299E-06  0.158540987730254E-08  0.652771534372652E-08
 0.490000E+02  0.100062784482029E-06  0.132381536553197E-08  0.495422108036121E-08
 0.500000E+02  0.862024897072532E-07  0.143357159548858E-08  0.413251745401622E-08
 0.510000E+02  0.738565157295295E-07  0.133258974921064E-08  0.258504382515731E-08
 0.520000E+02  0.610202823874630E-07  0.916696674610355E-09  0.230038020655244E-08
 0.530000E+02  0.542724044384002E-07  0.818647563849973E-09  0.216353372254485E-08
 0.540000E+02  0.444973499495014E-07  0.752432938628004E-09  0.215257140817222E-08
 0.550000E+02  0.459936244575686E-07  0.759114309871099E-09  0.223790432228081E-08
 0.560000E+02  0.325444738376544E-07  0.636900212759498E-09  0.138978709940187E-08
 0.570000E+02  0.309093398284883E-07  0.508557954937271E-09  0.106134649302574E-08
 0.580000E+02  0.235663483941980E-07  0.387949988239947E-09  0.950271499902959E-09
 0.590000E+02  0.214983470936813E-07  0.415796434614878E-09  0.840005153139551E-09
 0.600000E+02  0.204509941153369E-07  0.452721498730198E-09  0.126747383902547E-08
 0.610000E+02  0.151144431201876E-07  0.355816494243355E-09  0.110380027700698E-08
 0.620000E+02  0.124078134679025E-07  0.435451752474198E-09  0.118196111627526E-08
 0.630000E+02  0.109195282702653E-07  0.759714298966244E-09  0.234141955437752E-08
 0.640000E+02  0.164180515640298E-11  0.117625732016981E-11  0.465547836233168E-12
 0.650000E+02  0.000000000000000E+00  0.000000000000000E+00  0.000000000000000E+00
 0.660000E+02  0.000000000000000E+00  0.000000000000000E+00  0.000000000000000E+00
 0.670000E+02  0.000000000000000E+00  0.000000000000000E+00  0.000000000000000E+00
 0.680000E+02  0.000000000000000E+00  0.000000000000000E+00  0.000000000000000E+00
 0.690000E+02  0.000000000000000E+00  0.000000000000000E+00  0.000000000000000E+00
 0.700000E+02  0.000000000000000E+00  0.000000000000000E+00  0.000000000000000E+00
 0.710000E+02  0.000000000000000E+00  0.000000000000000E+00  0.000000000000000E+00
 0.720000E+02  0.000000000000000E+00  0.000000000000000E+00  0.000000000000000E+00
 0.730000E+02  0.000000000000000E+00  0.000000000000000E+00  0.000000000000000E+00
 0.740000E+02  0.000000000000000E+00  0.000000000000000E+00  0.000000000000000E+00
 0.750000E+02  0.000000000000000E+00  0.000000000000000E+00  0.000000000000000E+00
 0.760000E+02  0.000000000000000E+00  0.000000000000000E+00  0.000000000000000E+00
 0.770000E+02  0.000000000000000E+00  0.000000000000000E+00  0.000000000000000E+00
 0.780000E+02  0.000000000000000E+00  0.000000000000000E+00  0.000000000000000E+00
 0.790000E+02  0.000000000000000E+00  0.000000000000000E+00  0.000000000000000E+00
 0.800000E+02  0.000000000000000E+00  0.000000000000000E+00  0.000000000000000E+00
 0.810000E+02  0.000000000000000E+00  0.000000000000000E+00  0.000000000000000E+00
 0.820000E+02  0.000000000000000E+00  0.000000000000000E+00  0.000000000000000E+00
 0.830000E+02  0.000000000000000E+00  0.000000000000000E+00  0.000000000000000E+00
 0.840000E+02  0.000000000000000E+00  0.000000000000000E+00  0.000000000000000E+00
 0.850000E+02  0.000000000000000E+00  0.000000000000000E+00  0.000000000000000E+00
 0.860000E+02  0.000000000000000E+00  0.000000000000000E+00  0.000000000000000E+00
 0.870000E+02  0.000000000000000E+00  0.000000000000000E+00  0.000000000000000E+00
 0.880000E+02  0.000000000000000E+00  0.000000000000000E+00  0.000000000000000E+00
 0.890000E+02  0.000000000000000E+00  0.000000000000000E+00  0.000000000000000E+00
 0.900000E+02  0.000000000000000E+00  0.000000000000000E+00  0.000000000000000E+00
 0.910000E+02  0.000000000000000E+00  0.000000000000000E+00  0.000000000000000E+00
 0.920000E+02  0.000000000000000E+00  0.000000000000000E+00  0.000000000000000E+00
 0.930000E+02  0.000000000000000E+00  0.000000000000000E+00  0.000000000000000E+00
 0.940000E+02  0.000000000000000E+00  0.000000000000000E+00  0.000000000000000E+00
 0.950000E+02  0.000000000000000E+00  0.000000000000000E+00  0.000000000000000E+00
 0.960000E+02  0.000000000000000E+00  0.000000000000000E+00  0.000000000000000E+00
