 0.100000E+01  0.354272779525945E-01
 0.200000E+01  0.242805511954952E-01
 0.300000E+01  0.230836819615145E-01
 0.400000E+01  0.124241278692022E+00
 0.500000E+01  0.324503186612350E-01
 0.600000E+01  0.448052316722544E-02
 0.700000E+01  0.113374251798516E-02
 0.800000E+01  0.427381424027718E-01
 0.900000E+01  0.113751529547824E-01
 0.100000E+02  0.120337027510994E-02
 0.110000E+02  0.543773094081195E-03
 0.120000E+02  0.185799847353174E-01
 0.130000E+02  0.514391653377270E-02
 0.140000E+02  0.620515950280366E-03
 0.150000E+02  0.235650519061563E-03
 0.160000E+02  0.629586552537906E-02
 0.170000E+02  0.228745944693528E-02
 0.180000E+02  0.348485276804242E-03
 0.190000E+02  0.120598753470551E-03
 0.200000E+02  0.279613474838325E-02
 0.210000E+02  0.897930878582798E-03
 0.220000E+02  0.224812765740487E-03
 0.230000E+02  0.742037181894856E-04
 0.240000E+02  0.928119190648082E-03
 0.250000E+02  0.529585233684141E-03
 0.260000E+02  0.101190855974790E-03
 0.270000E+02  0.426715517338109E-04
 0.280000E+02  0.379287642285419E-03
 0.290000E+02  0.245886901947850E-03
 0.300000E+02  0.636798850620512E-04
 0.310000E+02  0.249298274251539E-04
 0.320000E+02  0.169718591304925E-03
 0.330000E+02  0.109990098832737E-03
 0.340000E+02  0.343740975631228E-04
 0.350000E+02  0.151588511395644E-04
 0.360000E+02  0.715096500066650E-04
 0.370000E+02  0.532475916488881E-04
 0.380000E+02  0.190496317724367E-04
 0.390000E+02  0.829731715927619E-05
 0.400000E+02  0.332330931050093E-04
 0.410000E+02  0.260554096888385E-04
 0.420000E+02  0.100989871688432E-04
 0.430000E+02  0.539117545774497E-05
 0.440000E+02  0.132399377560261E-04
 0.450000E+02  0.127644955263949E-04
 0.460000E+02  0.562501135269670E-05
 0.470000E+02  0.319054362074799E-05
 0.480000E+02  0.632529268727858E-05
 0.490000E+02  0.727364059912472E-05
 0.500000E+02  0.334564820524332E-05
 0.510000E+02  0.185870192522391E-05
 0.520000E+02  0.362765034634399E-05
 0.530000E+02  0.393565630661048E-05
 0.540000E+02  0.205409413290026E-05
 0.550000E+02  0.125433468631905E-05
 0.560000E+02  0.209253819449939E-05
 0.570000E+02  0.276234278388410E-05
 0.580000E+02  0.136802869940968E-05
 0.590000E+02  0.953795560984226E-06
 0.600000E+02  0.141900955956631E-05
 0.610000E+02  0.219766959222543E-05
 0.620000E+02  0.132565583363118E-05
 0.630000E+02  0.987715023903369E-06
 0.640000E+02  0.515866310135926E-06
 0.650000E+02  0.000000000000000E+00
 0.660000E+02  0.000000000000000E+00
 0.670000E+02  0.000000000000000E+00
 0.680000E+02  0.000000000000000E+00
 0.690000E+02  0.000000000000000E+00
 0.700000E+02  0.000000000000000E+00
 0.710000E+02  0.000000000000000E+00
 0.720000E+02  0.000000000000000E+00
 0.730000E+02  0.000000000000000E+00
 0.740000E+02  0.000000000000000E+00
 0.750000E+02  0.000000000000000E+00
 0.760000E+02  0.000000000000000E+00
 0.770000E+02  0.000000000000000E+00
 0.780000E+02  0.000000000000000E+00
 0.790000E+02  0.000000000000000E+00
 0.800000E+02  0.000000000000000E+00
 0.810000E+02  0.000000000000000E+00
 0.820000E+02  0.000000000000000E+00
 0.830000E+02  0.000000000000000E+00
 0.840000E+02  0.000000000000000E+00
 0.850000E+02  0.000000000000000E+00
 0.860000E+02  0.000000000000000E+00
 0.870000E+02  0.000000000000000E+00
 0.880000E+02  0.000000000000000E+00
 0.890000E+02  0.000000000000000E+00
 0.900000E+02  0.000000000000000E+00
 0.910000E+02  0.000000000000000E+00
 0.920000E+02  0.000000000000000E+00
 0.930000E+02  0.000000000000000E+00
 0.940000E+02  0.000000000000000E+00
 0.950000E+02  0.000000000000000E+00
 0.960000E+02  0.000000000000000E+00
 0.970000E+02  0.000000000000000E+00
