 0.100000E+01  0.158918562180169E-01
 0.200000E+01  0.141087022237529E-01
 0.300000E+01  0.132401002659002E-01
 0.400000E+01  0.194889821468226E+00
 0.500000E+01  0.226176594373474E-01
 0.600000E+01  0.337257660462820E-02
 0.700000E+01  0.502134402424510E-03
 0.800000E+01  0.427735334771012E-01
 0.900000E+01  0.526256048216141E-02
 0.100000E+02  0.549815653312524E-03
 0.110000E+02  0.216623659998624E-03
 0.120000E+02  0.145749402016483E-01
 0.130000E+02  0.249409904593874E-02
 0.140000E+02  0.275038439395666E-03
 0.150000E+02  0.710434599974328E-04
 0.160000E+02  0.554334284639657E-02
 0.170000E+02  0.937228727684897E-03
 0.180000E+02  0.109767337742209E-03
 0.190000E+02  0.348405037064532E-04
 0.200000E+02  0.184018153071111E-02
 0.210000E+02  0.387983244446509E-03
 0.220000E+02  0.578293806215403E-04
 0.230000E+02  0.175515161757885E-04
 0.240000E+02  0.697624345205052E-03
 0.250000E+02  0.213265848473955E-03
 0.260000E+02  0.277296170002963E-04
 0.270000E+02  0.969311933340604E-05
 0.280000E+02  0.279558842836354E-03
 0.290000E+02  0.102023297331171E-03
 0.300000E+02  0.155109155009319E-04
 0.310000E+02  0.517636880795388E-05
 0.320000E+02  0.105512957503686E-03
 0.330000E+02  0.455239157784314E-04
 0.340000E+02  0.898398762278494E-05
 0.350000E+02  0.314916036565353E-05
 0.360000E+02  0.367636622430506E-04
 0.370000E+02  0.207907981579662E-04
 0.380000E+02  0.465032699342549E-05
 0.390000E+02  0.160248901849107E-05
 0.400000E+02  0.146804940910013E-04
 0.410000E+02  0.907606518812522E-05
 0.420000E+02  0.240397036311966E-05
 0.430000E+02  0.943471974959125E-06
 0.440000E+02  0.589320042394858E-05
 0.450000E+02  0.420239118486741E-05
 0.460000E+02  0.128147270133620E-05
 0.470000E+02  0.515256312339660E-06
 0.480000E+02  0.224974806383999E-05
 0.490000E+02  0.211376925025735E-05
 0.500000E+02  0.759069779753216E-06
 0.510000E+02  0.311383497663926E-06
 0.520000E+02  0.100672193990885E-05
 0.530000E+02  0.965456425037775E-06
 0.540000E+02  0.388805157790397E-06
 0.550000E+02  0.193286385234927E-06
 0.560000E+02  0.444755812171271E-06
 0.570000E+02  0.485787211835020E-06
 0.580000E+02  0.225803423872585E-06
 0.590000E+02  0.130461278272551E-06
 0.600000E+02  0.241310167404577E-06
 0.610000E+02  0.347680945397792E-06
 0.620000E+02  0.188974430374484E-06
 0.630000E+02  0.112962088694372E-06
 0.640000E+02  0.484957691176610E-07
 0.650000E+02  0.000000000000000E+00
 0.660000E+02  0.000000000000000E+00
 0.670000E+02  0.000000000000000E+00
 0.680000E+02  0.000000000000000E+00
 0.690000E+02  0.000000000000000E+00
 0.700000E+02  0.000000000000000E+00
 0.710000E+02  0.000000000000000E+00
 0.720000E+02  0.000000000000000E+00
 0.730000E+02  0.000000000000000E+00
 0.740000E+02  0.000000000000000E+00
 0.750000E+02  0.000000000000000E+00
 0.760000E+02  0.000000000000000E+00
 0.770000E+02  0.000000000000000E+00
 0.780000E+02  0.000000000000000E+00
 0.790000E+02  0.000000000000000E+00
 0.800000E+02  0.000000000000000E+00
 0.810000E+02  0.000000000000000E+00
 0.820000E+02  0.000000000000000E+00
 0.830000E+02  0.000000000000000E+00
 0.840000E+02  0.000000000000000E+00
 0.850000E+02  0.000000000000000E+00
 0.860000E+02  0.000000000000000E+00
 0.870000E+02  0.000000000000000E+00
 0.880000E+02  0.000000000000000E+00
 0.890000E+02  0.000000000000000E+00
 0.900000E+02  0.000000000000000E+00
 0.910000E+02  0.000000000000000E+00
 0.920000E+02  0.000000000000000E+00
 0.930000E+02  0.000000000000000E+00
 0.940000E+02  0.000000000000000E+00
 0.950000E+02  0.000000000000000E+00
 0.960000E+02  0.000000000000000E+00
 0.970000E+02  0.000000000000000E+00
