 0.000000E+00  0.718782841330575E-01  0.000000000000000E+00  0.000000000000000E+00
 0.100000E+01  0.137751009142742E+00  0.140923256112728E-01  0.536283265682869E-02
 0.200000E+01  0.598866856901831E-01  0.240978262736462E-01  0.247257906539744E-02
 0.300000E+01  0.506932087103623E-01  0.186284568699193E-01  0.216893992910627E-02
 0.400000E+01  0.948004299137780E-02  0.143247413234349E-02  0.661707177641802E-03
 0.500000E+01  0.433436205083656E-02  0.230315044035478E-03  0.333267186590547E-03
 0.600000E+01  0.141633631276904E-02  0.988665074288519E-04  0.102211096390192E-03
 0.700000E+01  0.897695236909933E-03  0.536917237212720E-04  0.557469026318813E-04
 0.800000E+01  0.532699118313275E-03  0.217259630552746E-04  0.311621946842422E-04
 0.900000E+01  0.297969138942656E-03  0.164086641889355E-04  0.236007123746163E-04
 0.100000E+02  0.203776945092120E-03  0.739630801849245E-05  0.133007720504175E-04
 0.110000E+02  0.119676321318411E-03  0.510209710880005E-05  0.102761084423975E-04
 0.120000E+02  0.987191701750897E-04  0.346881833296342E-05  0.854363520730317E-05
 0.130000E+02  0.712459168483081E-04  0.256442102758436E-05  0.532188969848413E-05
 0.140000E+02  0.422065525976560E-04  0.128685975289700E-05  0.376868007001541E-05
 0.150000E+02  0.306184705541312E-04  0.809051343773903E-06  0.211693625806753E-05
 0.160000E+02  0.202691425660206E-04  0.461854502732673E-06  0.140847967666780E-05
 0.170000E+02  0.179690738214561E-04  0.448088770723526E-06  0.136120731542705E-05
 0.180000E+02  0.124682393442201E-04  0.272874364892067E-06  0.816725024097020E-06
 0.190000E+02  0.966542349430030E-05  0.211967986359432E-06  0.756678231933483E-06
 0.200000E+02  0.745933078191693E-05  0.172805162027001E-06  0.675398997340704E-06
 0.210000E+02  0.626430817398400E-05  0.118901274295119E-06  0.521439423219021E-06
 0.220000E+02  0.447792310612769E-05  0.827585393912283E-07  0.324804515968932E-06
 0.230000E+02  0.351162540364458E-05  0.573031043319197E-07  0.257438474822458E-06
 0.240000E+02  0.303333445455998E-05  0.397074312124233E-07  0.225096729802518E-06
 0.250000E+02  0.232775743163787E-05  0.348590436813432E-07  0.176696562163153E-06
 0.260000E+02  0.201624916248314E-05  0.317655401111750E-07  0.153258789728494E-06
 0.270000E+02  0.142946158440867E-05  0.179689434401820E-07  0.109604222083698E-06
 0.280000E+02  0.113222767082804E-05  0.134564075833998E-07  0.840159719110983E-07
 0.290000E+02  0.106852482844967E-05  0.122181598409673E-07  0.786794395732933E-07
 0.300000E+02  0.787133118316532E-06  0.921897108360485E-08  0.587496710310279E-07
 0.310000E+02  0.687422332722648E-06  0.644398691227116E-08  0.536989436683718E-07
 0.320000E+02  0.494424745011307E-06  0.548241753174807E-08  0.324465269242302E-07
 0.330000E+02  0.429765130100739E-06  0.447597640115122E-08  0.295102814517733E-07
 0.340000E+02  0.370902344063587E-06  0.375802321613968E-08  0.234900704417298E-07
 0.350000E+02  0.267049809804797E-06  0.247645610780751E-08  0.160059797279784E-07
 0.360000E+02  0.255410766449818E-06  0.298775844144358E-08  0.156327122444533E-07
 0.370000E+02  0.185659833362069E-06  0.171426343946620E-08  0.101739190874598E-07
 0.380000E+02  0.176253744368338E-06  0.202704572121541E-08  0.106310998880012E-07
 0.390000E+02  0.129305444610379E-06  0.143006445208552E-08  0.766469479701479E-08
 0.400000E+02  0.984829412742207E-07  0.103709764885081E-08  0.524152177212953E-08
 0.410000E+02  0.983168904460134E-07  0.974160272583611E-09  0.531518455454633E-08
 0.420000E+02  0.726175878058179E-07  0.774884084625376E-09  0.371667782129574E-08
 0.430000E+02  0.672351203713669E-07  0.672997973806712E-09  0.379188545517853E-08
 0.440000E+02  0.507997331559695E-07  0.453417802000588E-09  0.248172589960242E-08
 0.450000E+02  0.426933969663946E-07  0.415823246408173E-09  0.223683660256988E-08
 0.460000E+02  0.397642015422065E-07  0.341516536396619E-09  0.184603811897770E-08
 0.470000E+02  0.297727817712225E-07  0.262725199974542E-09  0.147062996246996E-08
 0.480000E+02  0.286037958848640E-07  0.244612408264436E-09  0.141558259352412E-08
 0.490000E+02  0.213736969260438E-07  0.170093537392166E-09  0.909521324082835E-09
 0.500000E+02  0.187179674317877E-07  0.148589822611665E-09  0.892405778215483E-09
 0.510000E+02  0.150888614310805E-07  0.106493755990226E-09  0.660757045156703E-09
 0.520000E+02  0.113710396804444E-07  0.818651327721236E-10  0.534166349636450E-09
 0.530000E+02  0.109535758182772E-07  0.944472415361905E-10  0.625659708478741E-09
 0.540000E+02  0.787314667845639E-08  0.630511926841649E-10  0.397123012559245E-09
 0.550000E+02  0.729585321663514E-08  0.724503996065005E-10  0.427302996583514E-09
 0.560000E+02  0.515948024923977E-08  0.481780462575135E-10  0.278298715099168E-09
 0.570000E+02  0.429486727944951E-08  0.377507312848724E-10  0.224842802804301E-09
 0.580000E+02  0.355909209753060E-08  0.381726099672241E-10  0.198526647169239E-09
 0.590000E+02  0.280579241497711E-08  0.347494888972191E-10  0.144600234961338E-09
 0.600000E+02  0.255518858063376E-08  0.370106181776139E-10  0.169487731549454E-09
 0.610000E+02  0.189674051062226E-08  0.257688037953913E-10  0.160976202711412E-09
 0.620000E+02  0.180219142712287E-08  0.382951546241984E-10  0.195670462832068E-09
 0.630000E+02  0.192821105105629E-08  0.118754780439598E-09  0.498411737289338E-09
 0.640000E+02  0.101007889694775E-11  0.936807614582190E-13  0.916398135489532E-12
 0.650000E+02  0.000000000000000E+00  0.000000000000000E+00  0.000000000000000E+00
 0.660000E+02  0.000000000000000E+00  0.000000000000000E+00  0.000000000000000E+00
 0.670000E+02  0.000000000000000E+00  0.000000000000000E+00  0.000000000000000E+00
 0.680000E+02  0.000000000000000E+00  0.000000000000000E+00  0.000000000000000E+00
 0.690000E+02  0.000000000000000E+00  0.000000000000000E+00  0.000000000000000E+00
 0.700000E+02  0.000000000000000E+00  0.000000000000000E+00  0.000000000000000E+00
 0.710000E+02  0.000000000000000E+00  0.000000000000000E+00  0.000000000000000E+00
 0.720000E+02  0.000000000000000E+00  0.000000000000000E+00  0.000000000000000E+00
 0.730000E+02  0.000000000000000E+00  0.000000000000000E+00  0.000000000000000E+00
 0.740000E+02  0.000000000000000E+00  0.000000000000000E+00  0.000000000000000E+00
 0.750000E+02  0.000000000000000E+00  0.000000000000000E+00  0.000000000000000E+00
 0.760000E+02  0.000000000000000E+00  0.000000000000000E+00  0.000000000000000E+00
 0.770000E+02  0.000000000000000E+00  0.000000000000000E+00  0.000000000000000E+00
 0.780000E+02  0.000000000000000E+00  0.000000000000000E+00  0.000000000000000E+00
 0.790000E+02  0.000000000000000E+00  0.000000000000000E+00  0.000000000000000E+00
 0.800000E+02  0.000000000000000E+00  0.000000000000000E+00  0.000000000000000E+00
 0.810000E+02  0.000000000000000E+00  0.000000000000000E+00  0.000000000000000E+00
 0.820000E+02  0.000000000000000E+00  0.000000000000000E+00  0.000000000000000E+00
 0.830000E+02  0.000000000000000E+00  0.000000000000000E+00  0.000000000000000E+00
 0.840000E+02  0.000000000000000E+00  0.000000000000000E+00  0.000000000000000E+00
 0.850000E+02  0.000000000000000E+00  0.000000000000000E+00  0.000000000000000E+00
 0.860000E+02  0.000000000000000E+00  0.000000000000000E+00  0.000000000000000E+00
 0.870000E+02  0.000000000000000E+00  0.000000000000000E+00  0.000000000000000E+00
 0.880000E+02  0.000000000000000E+00  0.000000000000000E+00  0.000000000000000E+00
 0.890000E+02  0.000000000000000E+00  0.000000000000000E+00  0.000000000000000E+00
 0.900000E+02  0.000000000000000E+00  0.000000000000000E+00  0.000000000000000E+00
 0.910000E+02  0.000000000000000E+00  0.000000000000000E+00  0.000000000000000E+00
 0.920000E+02  0.000000000000000E+00  0.000000000000000E+00  0.000000000000000E+00
 0.930000E+02  0.000000000000000E+00  0.000000000000000E+00  0.000000000000000E+00
 0.940000E+02  0.000000000000000E+00  0.000000000000000E+00  0.000000000000000E+00
 0.950000E+02  0.000000000000000E+00  0.000000000000000E+00  0.000000000000000E+00
 0.960000E+02  0.000000000000000E+00  0.000000000000000E+00  0.000000000000000E+00
