 0.000000E+00  0.449603317107626E-01  0.000000000000000E+00  0.000000000000000E+00
 0.100000E+01  0.250135254490365E+00  0.151059219613671E+00  0.169157433629152E-02
 0.200000E+01  0.113040875630553E+00  0.522338747250615E-01  0.218380478418112E-02
 0.300000E+01  0.497867765820630E-01  0.266511465888470E-01  0.173677220141144E-02
 0.400000E+01  0.186404323829482E-01  0.633828957643345E-02  0.762306262004131E-03
 0.500000E+01  0.758117548553390E-02  0.108879594267819E-02  0.311995698228262E-03
 0.600000E+01  0.254220523458755E-02  0.289991237195864E-03  0.158208100419444E-03
 0.700000E+01  0.167720919303966E-02  0.996575377882891E-04  0.109089592051248E-03
 0.800000E+01  0.115310014541630E-02  0.841814891145987E-04  0.958726728752524E-04
 0.900000E+01  0.587440289003824E-03  0.345984681975331E-04  0.363480928200488E-04
 0.100000E+02  0.491132676342994E-03  0.261902764293609E-04  0.491957197655823E-04
 0.110000E+02  0.280530393468836E-03  0.166283671774181E-04  0.238991900527452E-04
 0.120000E+02  0.228258596487294E-03  0.125143928295657E-04  0.191380650538253E-04
 0.130000E+02  0.173609317522324E-03  0.811475528172956E-05  0.154976876901025E-04
 0.140000E+02  0.107952598610645E-03  0.377607116730516E-05  0.924379344358073E-05
 0.150000E+02  0.878455871055514E-04  0.298022439354506E-05  0.660265006591221E-05
 0.160000E+02  0.621509748822703E-04  0.153822171053072E-05  0.524166532578363E-05
 0.170000E+02  0.549379419591292E-04  0.155883073210683E-05  0.371477376252816E-05
 0.180000E+02  0.392414806361390E-04  0.871700065074865E-06  0.338417541567715E-05
 0.190000E+02  0.297733725386599E-04  0.580392076447722E-06  0.260598681911528E-05
 0.200000E+02  0.226100776589307E-04  0.419062325132669E-06  0.172552910815416E-05
 0.210000E+02  0.196275248301781E-04  0.348343492807823E-06  0.158949869639990E-05
 0.220000E+02  0.145497445024600E-04  0.253955193155880E-06  0.971008461803091E-06
 0.230000E+02  0.116580985273202E-04  0.150400142298612E-06  0.832931681192355E-06
 0.240000E+02  0.102929116844458E-04  0.128951750770056E-06  0.715337613619443E-06
 0.250000E+02  0.879197470389993E-05  0.129720475805072E-06  0.652509225309509E-06
 0.260000E+02  0.705878012399081E-05  0.920528381271961E-07  0.519420527572007E-06
 0.270000E+02  0.533630104179116E-05  0.727103810658700E-07  0.368918288022602E-06
 0.280000E+02  0.437382106824934E-05  0.646511005199940E-07  0.383994741280300E-06
 0.290000E+02  0.398744743209960E-05  0.599488236430884E-07  0.328578521676163E-06
 0.300000E+02  0.302293190882305E-05  0.405808095477883E-07  0.257119344961032E-06
 0.310000E+02  0.260390444648113E-05  0.320076378926130E-07  0.188675364260968E-06
 0.320000E+02  0.199155147025397E-05  0.281660767840596E-07  0.146576739355846E-06
 0.330000E+02  0.169564058468143E-05  0.223235193343494E-07  0.897290829693365E-07
 0.340000E+02  0.151904747056409E-05  0.191445717485353E-07  0.112430144824302E-06
 0.350000E+02  0.112004161926236E-05  0.123762846876256E-07  0.768004555212060E-07
 0.360000E+02  0.102607314166366E-05  0.993372140586381E-08  0.697126992460842E-07
 0.370000E+02  0.800635061061125E-06  0.776683510657816E-08  0.585255146064861E-07
 0.380000E+02  0.758234973483462E-06  0.633398173043438E-08  0.524508088455271E-07
 0.390000E+02  0.568728409463898E-06  0.446589764140128E-08  0.406825765211088E-07
 0.400000E+02  0.440769667162069E-06  0.316372193271227E-08  0.287789177238389E-07
 0.410000E+02  0.426010685904715E-06  0.297418460433955E-08  0.217064030599672E-07
 0.420000E+02  0.330735382459270E-06  0.262444799187478E-08  0.166319157287632E-07
 0.430000E+02  0.294482593195701E-06  0.237425687274375E-08  0.183096460163350E-07
 0.440000E+02  0.231315870957623E-06  0.169259387596340E-08  0.148140975619361E-07
 0.450000E+02  0.190413076295012E-06  0.165361049346232E-08  0.107760393495840E-07
 0.460000E+02  0.175121540762857E-06  0.145450635264082E-08  0.103747214622420E-07
 0.470000E+02  0.138758904327388E-06  0.100028649410402E-08  0.827329252053529E-08
 0.480000E+02  0.125623096721565E-06  0.103297905874720E-08  0.704608894777100E-08
 0.490000E+02  0.106829587005470E-06  0.726972291816252E-09  0.560807849367989E-08
 0.500000E+02  0.886216350965677E-07  0.645161829423415E-09  0.528487152559034E-08
 0.510000E+02  0.752711956707399E-07  0.464853444643719E-09  0.408559723864290E-08
 0.520000E+02  0.604017171372634E-07  0.433180299810388E-09  0.311904336635759E-08
 0.530000E+02  0.518048534053159E-07  0.327465435053294E-09  0.282123406336817E-08
 0.540000E+02  0.458894382551200E-07  0.283226333681591E-09  0.263284871097693E-08
 0.550000E+02  0.444068571790216E-07  0.280983290211982E-09  0.248843546511940E-08
 0.560000E+02  0.333846209889340E-07  0.229906939649302E-09  0.184569234899014E-08
 0.570000E+02  0.298961452785616E-07  0.212393898090054E-09  0.132097150442955E-08
 0.580000E+02  0.254103814865428E-07  0.205999165919638E-09  0.136435173136855E-08
 0.590000E+02  0.220127745359817E-07  0.201457630981636E-09  0.125947109414362E-08
 0.600000E+02  0.197858852748451E-07  0.190043855952033E-09  0.106724484121473E-08
 0.610000E+02  0.169418879783874E-07  0.193929727226717E-09  0.109171823425618E-08
 0.620000E+02  0.171967001426389E-07  0.202536388178580E-09  0.138672854138431E-08
 0.630000E+02  0.151314024753545E-07  0.419156660882696E-09  0.412129476096459E-08
 0.640000E+02  0.599850615041347E-11  0.121700814641299E-12  0.587680533577217E-11
 0.650000E+02  0.000000000000000E+00  0.000000000000000E+00  0.000000000000000E+00
 0.660000E+02  0.000000000000000E+00  0.000000000000000E+00  0.000000000000000E+00
 0.670000E+02  0.000000000000000E+00  0.000000000000000E+00  0.000000000000000E+00
 0.680000E+02  0.000000000000000E+00  0.000000000000000E+00  0.000000000000000E+00
 0.690000E+02  0.000000000000000E+00  0.000000000000000E+00  0.000000000000000E+00
 0.700000E+02  0.000000000000000E+00  0.000000000000000E+00  0.000000000000000E+00
 0.710000E+02  0.000000000000000E+00  0.000000000000000E+00  0.000000000000000E+00
 0.720000E+02  0.000000000000000E+00  0.000000000000000E+00  0.000000000000000E+00
 0.730000E+02  0.000000000000000E+00  0.000000000000000E+00  0.000000000000000E+00
 0.740000E+02  0.000000000000000E+00  0.000000000000000E+00  0.000000000000000E+00
 0.750000E+02  0.000000000000000E+00  0.000000000000000E+00  0.000000000000000E+00
 0.760000E+02  0.000000000000000E+00  0.000000000000000E+00  0.000000000000000E+00
 0.770000E+02  0.000000000000000E+00  0.000000000000000E+00  0.000000000000000E+00
 0.780000E+02  0.000000000000000E+00  0.000000000000000E+00  0.000000000000000E+00
 0.790000E+02  0.000000000000000E+00  0.000000000000000E+00  0.000000000000000E+00
 0.800000E+02  0.000000000000000E+00  0.000000000000000E+00  0.000000000000000E+00
 0.810000E+02  0.000000000000000E+00  0.000000000000000E+00  0.000000000000000E+00
 0.820000E+02  0.000000000000000E+00  0.000000000000000E+00  0.000000000000000E+00
 0.830000E+02  0.000000000000000E+00  0.000000000000000E+00  0.000000000000000E+00
 0.840000E+02  0.000000000000000E+00  0.000000000000000E+00  0.000000000000000E+00
 0.850000E+02  0.000000000000000E+00  0.000000000000000E+00  0.000000000000000E+00
 0.860000E+02  0.000000000000000E+00  0.000000000000000E+00  0.000000000000000E+00
 0.870000E+02  0.000000000000000E+00  0.000000000000000E+00  0.000000000000000E+00
 0.880000E+02  0.000000000000000E+00  0.000000000000000E+00  0.000000000000000E+00
 0.890000E+02  0.000000000000000E+00  0.000000000000000E+00  0.000000000000000E+00
 0.900000E+02  0.000000000000000E+00  0.000000000000000E+00  0.000000000000000E+00
 0.910000E+02  0.000000000000000E+00  0.000000000000000E+00  0.000000000000000E+00
 0.920000E+02  0.000000000000000E+00  0.000000000000000E+00  0.000000000000000E+00
 0.930000E+02  0.000000000000000E+00  0.000000000000000E+00  0.000000000000000E+00
 0.940000E+02  0.000000000000000E+00  0.000000000000000E+00  0.000000000000000E+00
 0.950000E+02  0.000000000000000E+00  0.000000000000000E+00  0.000000000000000E+00
 0.960000E+02  0.000000000000000E+00  0.000000000000000E+00  0.000000000000000E+00
