 0.000000E+00  0.729681562891436E-01  0.000000000000000E+00  0.000000000000000E+00
 0.100000E+01  0.108499360212474E+00  0.290606442140415E-01  0.292293411621358E-02
 0.200000E+01  0.685914957438150E-01  0.188369531970238E-01  0.389764740975806E-02
 0.300000E+01  0.318887038852010E-01  0.116483875026461E-01  0.146303960445948E-02
 0.400000E+01  0.963352004231132E-02  0.300403725003662E-02  0.587332859709022E-03
 0.500000E+01  0.438346585070098E-02  0.376058755080066E-03  0.378743341798327E-03
 0.600000E+01  0.160300888493748E-02  0.114277750242309E-03  0.114036294121433E-03
 0.700000E+01  0.108271653049860E-02  0.715305805982780E-04  0.776830888060687E-04
 0.800000E+01  0.624086197628695E-03  0.320828250436889E-04  0.498881964950959E-04
 0.900000E+01  0.344907986948229E-03  0.162035592410348E-04  0.340420852253942E-04
 0.100000E+02  0.248280440724262E-03  0.117070651262097E-04  0.164590723685798E-04
 0.110000E+02  0.134915160632996E-03  0.579664497868393E-05  0.909460592346534E-05
 0.120000E+02  0.103537027997693E-03  0.423518020842284E-05  0.815339791471192E-05
 0.130000E+02  0.801059731447921E-04  0.296561053714228E-05  0.670852339401673E-05
 0.140000E+02  0.474482405150686E-04  0.115341715492545E-05  0.424911605800826E-05
 0.150000E+02  0.348834875981690E-04  0.131017170569570E-05  0.283961161276491E-05
 0.160000E+02  0.250496078047194E-04  0.573555946238070E-06  0.220571075559839E-05
 0.170000E+02  0.214131486233888E-04  0.438009820621921E-06  0.175147527206598E-05
 0.180000E+02  0.148345992866293E-04  0.290289681167955E-06  0.118791568838594E-05
 0.190000E+02  0.104270382630247E-04  0.203327036069068E-06  0.663669221703800E-06
 0.200000E+02  0.794742468747954E-05  0.176595917163874E-06  0.693234991418212E-06
 0.210000E+02  0.646784406298889E-05  0.129539781592442E-06  0.421868416027038E-06
 0.220000E+02  0.434311849617512E-05  0.769063096209971E-07  0.352689343334489E-06
 0.230000E+02  0.345017345552568E-05  0.652643379565193E-07  0.282567288990843E-06
 0.240000E+02  0.284541336797688E-05  0.531286243089790E-07  0.183595431932880E-06
 0.250000E+02  0.218748751339412E-05  0.378126801581300E-07  0.164781150583000E-06
 0.260000E+02  0.175683089406002E-05  0.256989926765254E-07  0.103681017076061E-06
 0.270000E+02  0.117303851179720E-05  0.191888790048583E-07  0.669740824630824E-07
 0.280000E+02  0.883662781252756E-06  0.149698514495880E-07  0.515038942922215E-07
 0.290000E+02  0.815975468441430E-06  0.125487614072725E-07  0.624602280784124E-07
 0.300000E+02  0.610463576222509E-06  0.105874076484504E-07  0.373197429812643E-07
 0.310000E+02  0.493549352786190E-06  0.679952528385552E-08  0.313188159421253E-07
 0.320000E+02  0.357624872276756E-06  0.587321890150845E-08  0.253439527144145E-07
 0.330000E+02  0.298833811763114E-06  0.482662336463588E-08  0.192469137654493E-07
 0.340000E+02  0.245482943725474E-06  0.412820794513718E-08  0.156665834044872E-07
 0.350000E+02  0.175193866849691E-06  0.271322053555954E-08  0.116779536305824E-07
 0.360000E+02  0.159353839560312E-06  0.199107402783071E-08  0.105898033410069E-07
 0.370000E+02  0.121526550537415E-06  0.165482543369299E-08  0.767832861365853E-08
 0.380000E+02  0.105295015623879E-06  0.124096079568456E-08  0.675107501282510E-08
 0.390000E+02  0.786792709340516E-07  0.106435738643344E-08  0.453881538268144E-08
 0.400000E+02  0.582144402938893E-07  0.799319476003530E-09  0.382484689873033E-08
 0.410000E+02  0.550195797913251E-07  0.798115887689151E-09  0.356887749047350E-08
 0.420000E+02  0.408875061516789E-07  0.599754261818096E-09  0.202110463972126E-08
 0.430000E+02  0.358901854935699E-07  0.411963628724091E-09  0.211165086561353E-08
 0.440000E+02  0.267089134315297E-07  0.366627069791481E-09  0.135541407835134E-08
 0.450000E+02  0.212830160865746E-07  0.218041825000057E-09  0.124260507525925E-08
 0.460000E+02  0.181268449525666E-07  0.214157360183838E-09  0.919658931185050E-09
 0.470000E+02  0.145199683824073E-07  0.140369453054738E-09  0.799353309472529E-09
 0.480000E+02  0.118392873264323E-07  0.130250528236698E-09  0.735705232131155E-09
 0.490000E+02  0.943169933404577E-08  0.102565843119120E-09  0.496423312501456E-09
 0.500000E+02  0.796550129541484E-08  0.989137941897200E-10  0.414582662194886E-09
 0.510000E+02  0.623025786819500E-08  0.746208993553936E-10  0.338829374230170E-09
 0.520000E+02  0.486388968148297E-08  0.627175228987942E-10  0.291340651527739E-09
 0.530000E+02  0.421553594893867E-08  0.716279722094308E-10  0.248324494993323E-09
 0.540000E+02  0.322699946225887E-08  0.504741566891071E-10  0.179086746260722E-09
 0.550000E+02  0.298665345391968E-08  0.547300058720653E-10  0.173507500015140E-09
 0.560000E+02  0.218313234299212E-08  0.430234181400907E-10  0.154075486298526E-09
 0.570000E+02  0.178558489313384E-08  0.348464145224765E-10  0.978330451945894E-10
 0.580000E+02  0.139054946461670E-08  0.325481897735091E-10  0.101727448674833E-09
 0.590000E+02  0.118799364922993E-08  0.299422947375637E-10  0.970521554442117E-10
 0.600000E+02  0.110044362031639E-08  0.298922169989219E-10  0.976628988148871E-10
 0.610000E+02  0.867129236130197E-09  0.310087255202324E-10  0.771660198537918E-10
 0.620000E+02  0.979073114479322E-09  0.563671292620636E-10  0.134321506273068E-09
 0.630000E+02  0.802201541217463E-09  0.604511747625079E-10  0.202845879063695E-09
 0.640000E+02  0.701795394326553E-12  0.259752412789149E-12  0.442042981537404E-12
 0.650000E+02  0.000000000000000E+00  0.000000000000000E+00  0.000000000000000E+00
 0.660000E+02  0.000000000000000E+00  0.000000000000000E+00  0.000000000000000E+00
 0.670000E+02  0.000000000000000E+00  0.000000000000000E+00  0.000000000000000E+00
 0.680000E+02  0.000000000000000E+00  0.000000000000000E+00  0.000000000000000E+00
 0.690000E+02  0.000000000000000E+00  0.000000000000000E+00  0.000000000000000E+00
 0.700000E+02  0.000000000000000E+00  0.000000000000000E+00  0.000000000000000E+00
 0.710000E+02  0.000000000000000E+00  0.000000000000000E+00  0.000000000000000E+00
 0.720000E+02  0.000000000000000E+00  0.000000000000000E+00  0.000000000000000E+00
 0.730000E+02  0.000000000000000E+00  0.000000000000000E+00  0.000000000000000E+00
 0.740000E+02  0.000000000000000E+00  0.000000000000000E+00  0.000000000000000E+00
 0.750000E+02  0.000000000000000E+00  0.000000000000000E+00  0.000000000000000E+00
 0.760000E+02  0.000000000000000E+00  0.000000000000000E+00  0.000000000000000E+00
 0.770000E+02  0.000000000000000E+00  0.000000000000000E+00  0.000000000000000E+00
 0.780000E+02  0.000000000000000E+00  0.000000000000000E+00  0.000000000000000E+00
 0.790000E+02  0.000000000000000E+00  0.000000000000000E+00  0.000000000000000E+00
 0.800000E+02  0.000000000000000E+00  0.000000000000000E+00  0.000000000000000E+00
 0.810000E+02  0.000000000000000E+00  0.000000000000000E+00  0.000000000000000E+00
 0.820000E+02  0.000000000000000E+00  0.000000000000000E+00  0.000000000000000E+00
 0.830000E+02  0.000000000000000E+00  0.000000000000000E+00  0.000000000000000E+00
 0.840000E+02  0.000000000000000E+00  0.000000000000000E+00  0.000000000000000E+00
 0.850000E+02  0.000000000000000E+00  0.000000000000000E+00  0.000000000000000E+00
 0.860000E+02  0.000000000000000E+00  0.000000000000000E+00  0.000000000000000E+00
 0.870000E+02  0.000000000000000E+00  0.000000000000000E+00  0.000000000000000E+00
 0.880000E+02  0.000000000000000E+00  0.000000000000000E+00  0.000000000000000E+00
 0.890000E+02  0.000000000000000E+00  0.000000000000000E+00  0.000000000000000E+00
 0.900000E+02  0.000000000000000E+00  0.000000000000000E+00  0.000000000000000E+00
 0.910000E+02  0.000000000000000E+00  0.000000000000000E+00  0.000000000000000E+00
 0.920000E+02  0.000000000000000E+00  0.000000000000000E+00  0.000000000000000E+00
 0.930000E+02  0.000000000000000E+00  0.000000000000000E+00  0.000000000000000E+00
 0.940000E+02  0.000000000000000E+00  0.000000000000000E+00  0.000000000000000E+00
 0.950000E+02  0.000000000000000E+00  0.000000000000000E+00  0.000000000000000E+00
 0.960000E+02  0.000000000000000E+00  0.000000000000000E+00  0.000000000000000E+00
