 0.000000E+00  0.352325701767654E-01  0.000000000000000E+00  0.000000000000000E+00
 0.100000E+01  0.245521028255808E+00  0.163531596772373E+00  0.153688264254015E-02
 0.200000E+01  0.106214258962858E+00  0.562236995319836E-01  0.962198671913939E-03
 0.300000E+01  0.456155070402033E-01  0.263784351536742E-01  0.745860507777252E-03
 0.400000E+01  0.150373033342200E-01  0.487221986816166E-02  0.935914980573216E-03
 0.500000E+01  0.749152151909915E-02  0.101429759401817E-02  0.543536899385799E-03
 0.600000E+01  0.277877756337792E-02  0.324997297639129E-03  0.232270641049581E-03
 0.700000E+01  0.194976759672628E-02  0.120262579713426E-03  0.219085869559876E-03
 0.800000E+01  0.107056035770964E-02  0.895162817471373E-04  0.835029798764708E-04
 0.900000E+01  0.672594028469193E-03  0.452131615586993E-04  0.651704663550134E-04
 0.100000E+02  0.487844253168192E-03  0.268058333219301E-04  0.373443755616876E-04
 0.110000E+02  0.312062064696361E-03  0.158966212389089E-04  0.283907854043974E-04
 0.120000E+02  0.246467578952348E-03  0.110515824781610E-04  0.269440036699820E-04
 0.130000E+02  0.182608061406384E-03  0.701227879051913E-05  0.156904756782872E-04
 0.140000E+02  0.127120920661147E-03  0.425713121371407E-05  0.100645481202477E-04
 0.150000E+02  0.979264386694860E-04  0.287179093461098E-05  0.106350685193934E-04
 0.160000E+02  0.723463888486219E-04  0.164250968459623E-05  0.688299586126817E-05
 0.170000E+02  0.624061841990094E-04  0.118994951497919E-05  0.594793831942830E-05
 0.180000E+02  0.483262314414998E-04  0.889446184343390E-06  0.433863809518042E-05
 0.190000E+02  0.364138605320889E-04  0.744221729936066E-06  0.315737623179935E-05
 0.200000E+02  0.277703118674971E-04  0.372353049199470E-06  0.275797817033546E-05
 0.210000E+02  0.221721662405890E-04  0.432436726965219E-06  0.188143035073640E-05
 0.220000E+02  0.163220818747574E-04  0.257368744621678E-06  0.139025016938910E-05
 0.230000E+02  0.134957658085476E-04  0.226366634242803E-06  0.102545809778972E-05
 0.240000E+02  0.108127633698023E-04  0.159807312320737E-06  0.864141093522008E-06
 0.250000E+02  0.916651400322653E-05  0.143686205825860E-06  0.789087744671076E-06
 0.260000E+02  0.741378575309839E-05  0.105113793698233E-06  0.650366293438549E-06
 0.270000E+02  0.535020392789449E-05  0.866092340723150E-07  0.516807270797837E-06
 0.280000E+02  0.424217460295232E-05  0.605651785632070E-07  0.361730112371540E-06
 0.290000E+02  0.377713837518695E-05  0.426435399862850E-07  0.283670687061671E-06
 0.300000E+02  0.299723638468691E-05  0.401879187250751E-07  0.209537745861008E-06
 0.310000E+02  0.250744215818094E-05  0.305006307875152E-07  0.177396289335191E-06
 0.320000E+02  0.194875883525685E-05  0.263356785023313E-07  0.143425026344606E-06
 0.330000E+02  0.164745229545235E-05  0.184218094946261E-07  0.130160294597461E-06
 0.340000E+02  0.139408112577006E-05  0.180265675822394E-07  0.947813956351162E-07
 0.350000E+02  0.107048511841290E-05  0.141572850224665E-07  0.598800414743257E-07
 0.360000E+02  0.952507748366496E-06  0.124113413946204E-07  0.658274203343089E-07
 0.370000E+02  0.786841078576153E-06  0.112460956510092E-07  0.540315908845136E-07
 0.380000E+02  0.678303076838115E-06  0.786891123981276E-08  0.497451340779331E-07
 0.390000E+02  0.544812141852491E-06  0.582081827277758E-08  0.377413490969519E-07
 0.400000E+02  0.427457343123314E-06  0.436920363273583E-08  0.299627100435428E-07
 0.410000E+02  0.404117445778660E-06  0.370536568157389E-08  0.304065083092577E-07
 0.420000E+02  0.318646695613975E-06  0.298519949962239E-08  0.211516118329026E-07
 0.430000E+02  0.270071536665055E-06  0.286977425292346E-08  0.181906821958857E-07
 0.440000E+02  0.216253460815674E-06  0.235539525444219E-08  0.129358038524445E-07
 0.450000E+02  0.180614390444872E-06  0.148546059325467E-08  0.107851707345497E-07
 0.460000E+02  0.158761436718699E-06  0.142915144143130E-08  0.944693440778841E-08
 0.470000E+02  0.127638065435256E-06  0.119732722877071E-08  0.783924934617445E-08
 0.480000E+02  0.112629949943759E-06  0.106429535592372E-08  0.593923417375403E-08
 0.490000E+02  0.980203287755311E-07  0.746657540401938E-09  0.536992529709770E-08
 0.500000E+02  0.790968462182834E-07  0.598548418581520E-09  0.488743092160327E-08
 0.510000E+02  0.652071925713074E-07  0.580069810347588E-09  0.369388987410732E-08
 0.520000E+02  0.581315108962265E-07  0.481199163216390E-09  0.283297754366204E-08
 0.530000E+02  0.453161719959642E-07  0.472108312408807E-09  0.235418018534731E-08
 0.540000E+02  0.397590161779924E-07  0.327042763141395E-09  0.227757277569533E-08
 0.550000E+02  0.374630166466152E-07  0.296820061551053E-09  0.218364660457392E-08
 0.560000E+02  0.285180664111661E-07  0.224782778308843E-09  0.172260399987269E-08
 0.570000E+02  0.256914782280052E-07  0.245141460056385E-09  0.131167814289838E-08
 0.580000E+02  0.206444447957086E-07  0.219951801165232E-09  0.107861608607572E-08
 0.590000E+02  0.180943070059706E-07  0.223636340639374E-09  0.121182913246548E-08
 0.600000E+02  0.155628381819232E-07  0.155534347505400E-09  0.103031102884573E-08
 0.610000E+02  0.137044221012359E-07  0.145227149655960E-09  0.884890045569839E-09
 0.620000E+02  0.130334774702840E-07  0.273836325817768E-09  0.118641571486324E-08
 0.630000E+02  0.935581007020617E-08  0.323851131702015E-09  0.201350173296969E-08
 0.640000E+02  0.962070595715223E-10  0.205396852954662E-10  0.756673742760561E-10
 0.650000E+02  0.000000000000000E+00  0.000000000000000E+00  0.000000000000000E+00
 0.660000E+02  0.000000000000000E+00  0.000000000000000E+00  0.000000000000000E+00
 0.670000E+02  0.000000000000000E+00  0.000000000000000E+00  0.000000000000000E+00
 0.680000E+02  0.000000000000000E+00  0.000000000000000E+00  0.000000000000000E+00
 0.690000E+02  0.000000000000000E+00  0.000000000000000E+00  0.000000000000000E+00
 0.700000E+02  0.000000000000000E+00  0.000000000000000E+00  0.000000000000000E+00
 0.710000E+02  0.000000000000000E+00  0.000000000000000E+00  0.000000000000000E+00
 0.720000E+02  0.000000000000000E+00  0.000000000000000E+00  0.000000000000000E+00
 0.730000E+02  0.000000000000000E+00  0.000000000000000E+00  0.000000000000000E+00
 0.740000E+02  0.000000000000000E+00  0.000000000000000E+00  0.000000000000000E+00
 0.750000E+02  0.000000000000000E+00  0.000000000000000E+00  0.000000000000000E+00
 0.760000E+02  0.000000000000000E+00  0.000000000000000E+00  0.000000000000000E+00
 0.770000E+02  0.000000000000000E+00  0.000000000000000E+00  0.000000000000000E+00
 0.780000E+02  0.000000000000000E+00  0.000000000000000E+00  0.000000000000000E+00
 0.790000E+02  0.000000000000000E+00  0.000000000000000E+00  0.000000000000000E+00
 0.800000E+02  0.000000000000000E+00  0.000000000000000E+00  0.000000000000000E+00
 0.810000E+02  0.000000000000000E+00  0.000000000000000E+00  0.000000000000000E+00
 0.820000E+02  0.000000000000000E+00  0.000000000000000E+00  0.000000000000000E+00
 0.830000E+02  0.000000000000000E+00  0.000000000000000E+00  0.000000000000000E+00
 0.840000E+02  0.000000000000000E+00  0.000000000000000E+00  0.000000000000000E+00
 0.850000E+02  0.000000000000000E+00  0.000000000000000E+00  0.000000000000000E+00
 0.860000E+02  0.000000000000000E+00  0.000000000000000E+00  0.000000000000000E+00
 0.870000E+02  0.000000000000000E+00  0.000000000000000E+00  0.000000000000000E+00
 0.880000E+02  0.000000000000000E+00  0.000000000000000E+00  0.000000000000000E+00
 0.890000E+02  0.000000000000000E+00  0.000000000000000E+00  0.000000000000000E+00
 0.900000E+02  0.000000000000000E+00  0.000000000000000E+00  0.000000000000000E+00
 0.910000E+02  0.000000000000000E+00  0.000000000000000E+00  0.000000000000000E+00
 0.920000E+02  0.000000000000000E+00  0.000000000000000E+00  0.000000000000000E+00
 0.930000E+02  0.000000000000000E+00  0.000000000000000E+00  0.000000000000000E+00
 0.940000E+02  0.000000000000000E+00  0.000000000000000E+00  0.000000000000000E+00
 0.950000E+02  0.000000000000000E+00  0.000000000000000E+00  0.000000000000000E+00
 0.960000E+02  0.000000000000000E+00  0.000000000000000E+00  0.000000000000000E+00
