 0.000000E+00  0.854638015799322E-01  0.000000000000000E+00  0.000000000000000E+00
 0.100000E+01  0.110576361145188E+00  0.200620093382895E-01  0.227948883548379E-02
 0.200000E+01  0.880490757821035E-01  0.294651874719420E-01  0.908526439161506E-03
 0.300000E+01  0.345797005844050E-01  0.127424591046292E-01  0.105955773142341E-02
 0.400000E+01  0.815497358763357E-02  0.716139258202020E-03  0.465124393713268E-03
 0.500000E+01  0.445674194399559E-02  0.360829716669286E-03  0.226193001481079E-03
 0.600000E+01  0.174395254110849E-02  0.693783732899078E-04  0.181255004417125E-03
 0.700000E+01  0.105098999189526E-02  0.525532241235638E-04  0.875873762531398E-04
 0.800000E+01  0.669114354808821E-03  0.362756929739305E-04  0.598613018372163E-04
 0.900000E+01  0.361613996379516E-03  0.184729211767376E-04  0.187465294061440E-04
 0.100000E+02  0.262113972641950E-03  0.127593791545699E-04  0.173955231366207E-04
 0.110000E+02  0.145609792793771E-03  0.473692508196066E-05  0.842502403486378E-05
 0.120000E+02  0.121923659779589E-03  0.323525240301936E-05  0.812079817798933E-05
 0.130000E+02  0.947696613430529E-04  0.248303782707238E-05  0.688409755974541E-05
 0.140000E+02  0.575730872640415E-04  0.171966878176333E-05  0.423693182005636E-05
 0.150000E+02  0.467524744922006E-04  0.111967700222593E-05  0.281198185003717E-05
 0.160000E+02  0.310798106692585E-04  0.818275831589860E-06  0.215586716995064E-05
 0.170000E+02  0.271214448123410E-04  0.771484557147983E-06  0.139057195114312E-05
 0.180000E+02  0.194607551453445E-04  0.449669860267538E-06  0.140076854823756E-05
 0.190000E+02  0.136786527126078E-04  0.337902261907108E-06  0.972685775868509E-06
 0.200000E+02  0.105936609176767E-04  0.204340372129963E-06  0.809763300524402E-06
 0.210000E+02  0.919495537912098E-05  0.152982772229707E-06  0.609387577246712E-06
 0.220000E+02  0.621266165067018E-05  0.120180498065434E-06  0.365872485912078E-06
 0.230000E+02  0.467198133061923E-05  0.702432265877601E-07  0.284251012824810E-06
 0.240000E+02  0.377679192513700E-05  0.706282051168503E-07  0.251581944256396E-06
 0.250000E+02  0.327077949008669E-05  0.579138084433328E-07  0.223344125532474E-06
 0.260000E+02  0.253591894134614E-05  0.386651876510026E-07  0.186836546340122E-06
 0.270000E+02  0.179210917937763E-05  0.307322265025601E-07  0.113630533522466E-06
 0.280000E+02  0.144227636213467E-05  0.187508607968367E-07  0.113264571784556E-06
 0.290000E+02  0.127103440912655E-05  0.161349640921292E-07  0.860615241935619E-07
 0.300000E+02  0.100486381012879E-05  0.995310995394964E-08  0.660321218244492E-07
 0.310000E+02  0.818124006557527E-06  0.943667991558166E-08  0.512353660227227E-07
 0.320000E+02  0.621776592409770E-06  0.770328731640631E-08  0.430483706272594E-07
 0.330000E+02  0.516099180687640E-06  0.582370313988677E-08  0.349129459592751E-07
 0.340000E+02  0.461611414368999E-06  0.543086785319367E-08  0.311509670147074E-07
 0.350000E+02  0.331038774542749E-06  0.358316713135182E-08  0.211525248899132E-07
 0.360000E+02  0.282950027325123E-06  0.268087114725472E-08  0.167994579636775E-07
 0.370000E+02  0.225523951274189E-06  0.222455533564780E-08  0.137916266335092E-07
 0.380000E+02  0.200579304510455E-06  0.184370386362162E-08  0.129356188065775E-07
 0.390000E+02  0.157752657119355E-06  0.132896491200114E-08  0.989903533579403E-08
 0.400000E+02  0.120622543301741E-06  0.103120597509933E-08  0.667892302713487E-08
 0.410000E+02  0.108229849339815E-06  0.913968777803377E-09  0.618942329754944E-08
 0.420000E+02  0.865935299567554E-07  0.640331717025587E-09  0.540218358778153E-08
 0.430000E+02  0.731848185021472E-07  0.523861877945716E-09  0.429494013194991E-08
 0.440000E+02  0.578138866470300E-07  0.442935589492184E-09  0.305309394651952E-08
 0.450000E+02  0.455535073620165E-07  0.343014638834144E-09  0.240852056244826E-08
 0.460000E+02  0.409481062226406E-07  0.302014688532247E-09  0.239518087943879E-08
 0.470000E+02  0.318756313048568E-07  0.261483775106254E-09  0.168463108999488E-08
 0.480000E+02  0.277656423801978E-07  0.234400377423980E-09  0.129263255741613E-08
 0.490000E+02  0.227780327025640E-07  0.182727364020176E-09  0.117849203811436E-08
 0.500000E+02  0.187088691384913E-07  0.173417206684551E-09  0.860008881707669E-09
 0.510000E+02  0.150651147756891E-07  0.129038455334942E-09  0.690814327850246E-09
 0.520000E+02  0.122798309509868E-07  0.114743962131191E-09  0.558692201488935E-09
 0.530000E+02  0.104881647494007E-07  0.105481639958046E-09  0.593375881118236E-09
 0.540000E+02  0.825394608761392E-08  0.959957264236990E-10  0.470428557673067E-09
 0.550000E+02  0.775149715566852E-08  0.839901741204927E-10  0.525563863112085E-09
 0.560000E+02  0.565204271018481E-08  0.606592469106569E-10  0.357204096987185E-09
 0.570000E+02  0.490582268035343E-08  0.690518807233372E-10  0.311187702524308E-09
 0.580000E+02  0.432402076288486E-08  0.585675234133739E-10  0.349994560804319E-09
 0.590000E+02  0.341354951060507E-08  0.460217139243361E-10  0.279300905554138E-09
 0.600000E+02  0.310963530452715E-08  0.461305800969867E-10  0.232549135981642E-09
 0.610000E+02  0.293616349960987E-08  0.597550473041695E-10  0.277660920001185E-09
 0.620000E+02  0.300404424562323E-08  0.847162551050156E-10  0.416872377918290E-09
 0.630000E+02  0.180470001438574E-08  0.879432582180193E-10  0.448199307060057E-09
 0.640000E+02  0.972338109559370E-11  0.247245042127797E-13  0.969865659138092E-11
 0.650000E+02  0.000000000000000E+00  0.000000000000000E+00  0.000000000000000E+00
 0.660000E+02  0.000000000000000E+00  0.000000000000000E+00  0.000000000000000E+00
 0.670000E+02  0.000000000000000E+00  0.000000000000000E+00  0.000000000000000E+00
 0.680000E+02  0.000000000000000E+00  0.000000000000000E+00  0.000000000000000E+00
 0.690000E+02  0.000000000000000E+00  0.000000000000000E+00  0.000000000000000E+00
 0.700000E+02  0.000000000000000E+00  0.000000000000000E+00  0.000000000000000E+00
 0.710000E+02  0.000000000000000E+00  0.000000000000000E+00  0.000000000000000E+00
 0.720000E+02  0.000000000000000E+00  0.000000000000000E+00  0.000000000000000E+00
 0.730000E+02  0.000000000000000E+00  0.000000000000000E+00  0.000000000000000E+00
 0.740000E+02  0.000000000000000E+00  0.000000000000000E+00  0.000000000000000E+00
 0.750000E+02  0.000000000000000E+00  0.000000000000000E+00  0.000000000000000E+00
 0.760000E+02  0.000000000000000E+00  0.000000000000000E+00  0.000000000000000E+00
 0.770000E+02  0.000000000000000E+00  0.000000000000000E+00  0.000000000000000E+00
 0.780000E+02  0.000000000000000E+00  0.000000000000000E+00  0.000000000000000E+00
 0.790000E+02  0.000000000000000E+00  0.000000000000000E+00  0.000000000000000E+00
 0.800000E+02  0.000000000000000E+00  0.000000000000000E+00  0.000000000000000E+00
 0.810000E+02  0.000000000000000E+00  0.000000000000000E+00  0.000000000000000E+00
 0.820000E+02  0.000000000000000E+00  0.000000000000000E+00  0.000000000000000E+00
 0.830000E+02  0.000000000000000E+00  0.000000000000000E+00  0.000000000000000E+00
 0.840000E+02  0.000000000000000E+00  0.000000000000000E+00  0.000000000000000E+00
 0.850000E+02  0.000000000000000E+00  0.000000000000000E+00  0.000000000000000E+00
 0.860000E+02  0.000000000000000E+00  0.000000000000000E+00  0.000000000000000E+00
 0.870000E+02  0.000000000000000E+00  0.000000000000000E+00  0.000000000000000E+00
 0.880000E+02  0.000000000000000E+00  0.000000000000000E+00  0.000000000000000E+00
 0.890000E+02  0.000000000000000E+00  0.000000000000000E+00  0.000000000000000E+00
 0.900000E+02  0.000000000000000E+00  0.000000000000000E+00  0.000000000000000E+00
 0.910000E+02  0.000000000000000E+00  0.000000000000000E+00  0.000000000000000E+00
 0.920000E+02  0.000000000000000E+00  0.000000000000000E+00  0.000000000000000E+00
 0.930000E+02  0.000000000000000E+00  0.000000000000000E+00  0.000000000000000E+00
 0.940000E+02  0.000000000000000E+00  0.000000000000000E+00  0.000000000000000E+00
 0.950000E+02  0.000000000000000E+00  0.000000000000000E+00  0.000000000000000E+00
 0.960000E+02  0.000000000000000E+00  0.000000000000000E+00  0.000000000000000E+00
