 0.000000E+00  0.176247248018443E-01  0.156313779480315E-01  0.199334685381275E-02
 0.400000E+01  0.605052585077269E-01  0.600199874130327E-01  0.485271094694464E-03
 0.800000E+01  0.140876080314564E-01  0.139243531689222E-01  0.163254862534149E-03
 0.120000E+02  0.457154534262884E-02  0.450080358088937E-02  0.707417617394552E-04
 0.160000E+02  0.209757504967570E-02  0.206812236576150E-02  0.294526839141955E-04
 0.200000E+02  0.808515886607707E-03  0.795099308609319E-03  0.134165779983866E-04
 0.240000E+02  0.319630714581746E-03  0.313817753329010E-03  0.581296125273674E-05
 0.280000E+02  0.128902410160411E-03  0.126466847916814E-03  0.243556224359758E-05
 0.320000E+02  0.569716303242910E-04  0.557565730747980E-04  0.121505724949306E-05
 0.360000E+02  0.257489991454533E-04  0.251670745065835E-04  0.581924638869699E-06
 0.400000E+02  0.117415293748993E-04  0.114444769878357E-04  0.297052387063648E-06
 0.440000E+02  0.537032477949651E-05  0.522048900864935E-05  0.149835770847154E-06
 0.480000E+02  0.266162086016078E-05  0.258239415417597E-05  0.792267059848133E-07
 0.520000E+02  0.142288701828598E-05  0.137720506203549E-05  0.456819562504881E-07
 0.560000E+02  0.809587947124583E-06  0.783880250402973E-06  0.257076967216103E-07
 0.600000E+02  0.494660856424423E-06  0.483029930623967E-06  0.116309258004556E-07
 0.640000E+02  0.964148205717663E-10  0.964148205717663E-10  0.000000000000000E+00
 0.680000E+02  0.000000000000000E+00  0.000000000000000E+00  0.000000000000000E+00
 0.720000E+02  0.000000000000000E+00  0.000000000000000E+00  0.000000000000000E+00
 0.760000E+02  0.000000000000000E+00  0.000000000000000E+00  0.000000000000000E+00
 0.800000E+02  0.000000000000000E+00  0.000000000000000E+00  0.000000000000000E+00
 0.840000E+02  0.000000000000000E+00  0.000000000000000E+00  0.000000000000000E+00
 0.880000E+02  0.000000000000000E+00  0.000000000000000E+00  0.000000000000000E+00
 0.920000E+02  0.000000000000000E+00  0.000000000000000E+00  0.000000000000000E+00
 0.960000E+02  0.000000000000000E+00  0.000000000000000E+00  0.000000000000000E+00
