 0.000000E+00  0.945115864137110E-01  0.000000000000000E+00  0.000000000000000E+00
 0.100000E+01  0.118572254517314E+00  0.762534155510366E-01  0.230747144087218E-02
 0.200000E+01  0.811120535582755E-01  0.344449515687302E-01  0.223700069909682E-02
 0.300000E+01  0.432834910116258E-01  0.191155686597995E-01  0.119635004557495E-02
 0.400000E+01  0.120367673120569E-01  0.312353220260775E-02  0.575607965856761E-03
 0.500000E+01  0.519960237058689E-02  0.710232279061529E-03  0.233228405818409E-03
 0.600000E+01  0.188855352025805E-02  0.173168318269745E-03  0.835084100359040E-04
 0.700000E+01  0.126333442901141E-02  0.756767331537844E-04  0.788487802783067E-04
 0.800000E+01  0.792387359895126E-03  0.661849469167919E-04  0.501844039035859E-04
 0.900000E+01  0.457803314298935E-03  0.288478862913166E-04  0.346787935612269E-04
 0.100000E+02  0.349662283841538E-03  0.176972558527666E-04  0.246747275873815E-04
 0.110000E+02  0.202756281790381E-03  0.657211928445367E-05  0.128529165881464E-04
 0.120000E+02  0.171250014292254E-03  0.696749996116630E-05  0.101861314050211E-04
 0.130000E+02  0.127695723193771E-03  0.485530979488225E-05  0.922496313782162E-05
 0.140000E+02  0.801329862371851E-04  0.215295341110533E-05  0.512536926838836E-05
 0.150000E+02  0.617976175233309E-04  0.188340768000894E-05  0.494295561012659E-05
 0.160000E+02  0.430587125966166E-04  0.126587331081285E-05  0.338018528045492E-05
 0.170000E+02  0.370579711904487E-04  0.825647764171600E-06  0.307154227385809E-05
 0.180000E+02  0.265242148670943E-04  0.741583378184585E-06  0.208560485508158E-05
 0.190000E+02  0.200082527037132E-04  0.554562399009140E-06  0.175533643718973E-05
 0.200000E+02  0.152739674621210E-04  0.323558622686293E-06  0.114275187844751E-05
 0.210000E+02  0.129633598777216E-04  0.253142900805310E-06  0.899677576549074E-06
 0.220000E+02  0.959166455899537E-05  0.198753384699326E-06  0.689177212166714E-06
 0.230000E+02  0.742434784121037E-05  0.180348428344135E-06  0.406736746588754E-06
 0.240000E+02  0.619469371474043E-05  0.123325271628519E-06  0.446599069496567E-06
 0.250000E+02  0.508406508065030E-05  0.924872102662025E-07  0.351480257822223E-06
 0.260000E+02  0.400278285039370E-05  0.753126602513017E-07  0.269141248433746E-06
 0.270000E+02  0.292748738590071E-05  0.510177357482440E-07  0.202251238205081E-06
 0.280000E+02  0.228089762063291E-05  0.419121715491185E-07  0.140988752280607E-06
 0.290000E+02  0.202376799784950E-05  0.387973737078079E-07  0.135715122422282E-06
 0.300000E+02  0.157941198269394E-05  0.257007030273534E-07  0.919518549150067E-07
 0.310000E+02  0.132003808839256E-05  0.229729301111717E-07  0.774573188130467E-07
 0.320000E+02  0.101925083988002E-05  0.164274151421461E-07  0.575974033658472E-07
 0.330000E+02  0.845954139387229E-06  0.150765119604796E-07  0.579921959475570E-07
 0.340000E+02  0.731971643324719E-06  0.114761843724478E-07  0.489397919897772E-07
 0.350000E+02  0.553543738848203E-06  0.817327317837509E-08  0.307840323087328E-07
 0.360000E+02  0.492865963168245E-06  0.706279762831882E-08  0.247161249676466E-07
 0.370000E+02  0.396629961906127E-06  0.547558364060873E-08  0.220858790336148E-07
 0.380000E+02  0.346524118746291E-06  0.430760191879871E-08  0.187836094435673E-07
 0.390000E+02  0.275116767235430E-06  0.354755104276866E-08  0.138107442751965E-07
 0.400000E+02  0.213863220302476E-06  0.270854296337362E-08  0.111408356093527E-07
 0.410000E+02  0.194479505812850E-06  0.257180503146292E-08  0.105610647688041E-07
 0.420000E+02  0.157690862310659E-06  0.180402642496969E-08  0.847862693381928E-08
 0.430000E+02  0.133325022099007E-06  0.167418806826269E-08  0.677567610623143E-08
 0.440000E+02  0.107290679346836E-06  0.122892836844831E-08  0.546056075816169E-08
 0.450000E+02  0.869826366507155E-07  0.992911751634891E-09  0.449232206612576E-08
 0.460000E+02  0.781819786471928E-07  0.902515911610930E-09  0.360141162052997E-08
 0.470000E+02  0.619811991600262E-07  0.700179602287185E-09  0.301795112505617E-08
 0.480000E+02  0.559761871611866E-07  0.655166195286035E-09  0.263924823819652E-08
 0.490000E+02  0.454974736196289E-07  0.471748688789873E-09  0.224329942252396E-08
 0.500000E+02  0.386436360275533E-07  0.470478578568280E-09  0.194580405232087E-08
 0.510000E+02  0.326028844138756E-07  0.417676423263833E-09  0.140212545843591E-08
 0.520000E+02  0.270435078523735E-07  0.326739281202583E-09  0.122153614925003E-08
 0.530000E+02  0.229477773307434E-07  0.320382630081818E-09  0.116276392987426E-08
 0.540000E+02  0.189724981336432E-07  0.249937313106366E-09  0.101715544906738E-08
 0.550000E+02  0.179565376141162E-07  0.264230924573171E-09  0.940841419136983E-09
 0.560000E+02  0.133865308599677E-07  0.220574368134550E-09  0.736252964298361E-09
 0.570000E+02  0.117636764414060E-07  0.202637199046336E-09  0.606053329377952E-09
 0.580000E+02  0.100166677358625E-07  0.197727423814552E-09  0.660094465134092E-09
 0.590000E+02  0.831286864733278E-08  0.176584464960143E-09  0.477641437195137E-09
 0.600000E+02  0.786818796991493E-08  0.160165372737006E-09  0.653029916401265E-09
 0.610000E+02  0.615719900979460E-08  0.116690712875198E-09  0.479916207701559E-09
 0.620000E+02  0.617295143015108E-08  0.193084371295960E-09  0.744708173030644E-09
 0.630000E+02  0.636558326433980E-08  0.323149451825830E-09  0.160486566100448E-08
 0.640000E+02  0.221006687343289E-10  0.480416780575948E-11  0.172965009285694E-10
 0.650000E+02  0.000000000000000E+00  0.000000000000000E+00  0.000000000000000E+00
 0.660000E+02  0.000000000000000E+00  0.000000000000000E+00  0.000000000000000E+00
 0.670000E+02  0.000000000000000E+00  0.000000000000000E+00  0.000000000000000E+00
 0.680000E+02  0.000000000000000E+00  0.000000000000000E+00  0.000000000000000E+00
 0.690000E+02  0.000000000000000E+00  0.000000000000000E+00  0.000000000000000E+00
 0.700000E+02  0.000000000000000E+00  0.000000000000000E+00  0.000000000000000E+00
 0.710000E+02  0.000000000000000E+00  0.000000000000000E+00  0.000000000000000E+00
 0.720000E+02  0.000000000000000E+00  0.000000000000000E+00  0.000000000000000E+00
 0.730000E+02  0.000000000000000E+00  0.000000000000000E+00  0.000000000000000E+00
 0.740000E+02  0.000000000000000E+00  0.000000000000000E+00  0.000000000000000E+00
 0.750000E+02  0.000000000000000E+00  0.000000000000000E+00  0.000000000000000E+00
 0.760000E+02  0.000000000000000E+00  0.000000000000000E+00  0.000000000000000E+00
 0.770000E+02  0.000000000000000E+00  0.000000000000000E+00  0.000000000000000E+00
 0.780000E+02  0.000000000000000E+00  0.000000000000000E+00  0.000000000000000E+00
 0.790000E+02  0.000000000000000E+00  0.000000000000000E+00  0.000000000000000E+00
 0.800000E+02  0.000000000000000E+00  0.000000000000000E+00  0.000000000000000E+00
 0.810000E+02  0.000000000000000E+00  0.000000000000000E+00  0.000000000000000E+00
 0.820000E+02  0.000000000000000E+00  0.000000000000000E+00  0.000000000000000E+00
 0.830000E+02  0.000000000000000E+00  0.000000000000000E+00  0.000000000000000E+00
 0.840000E+02  0.000000000000000E+00  0.000000000000000E+00  0.000000000000000E+00
 0.850000E+02  0.000000000000000E+00  0.000000000000000E+00  0.000000000000000E+00
 0.860000E+02  0.000000000000000E+00  0.000000000000000E+00  0.000000000000000E+00
 0.870000E+02  0.000000000000000E+00  0.000000000000000E+00  0.000000000000000E+00
 0.880000E+02  0.000000000000000E+00  0.000000000000000E+00  0.000000000000000E+00
 0.890000E+02  0.000000000000000E+00  0.000000000000000E+00  0.000000000000000E+00
 0.900000E+02  0.000000000000000E+00  0.000000000000000E+00  0.000000000000000E+00
 0.910000E+02  0.000000000000000E+00  0.000000000000000E+00  0.000000000000000E+00
 0.920000E+02  0.000000000000000E+00  0.000000000000000E+00  0.000000000000000E+00
 0.930000E+02  0.000000000000000E+00  0.000000000000000E+00  0.000000000000000E+00
 0.940000E+02  0.000000000000000E+00  0.000000000000000E+00  0.000000000000000E+00
 0.950000E+02  0.000000000000000E+00  0.000000000000000E+00  0.000000000000000E+00
 0.960000E+02  0.000000000000000E+00  0.000000000000000E+00  0.000000000000000E+00
