 0.100000E+01  0.429148172572843E-01
 0.200000E+01  0.120815910435806E-01
 0.300000E+01  0.924726236002839E-02
 0.400000E+01  0.222369360067544E+00
 0.500000E+01  0.205221556237369E-01
 0.600000E+01  0.343620197279863E-02
 0.700000E+01  0.689841270276354E-03
 0.800000E+01  0.507077111349557E-01
 0.900000E+01  0.526673973870499E-02
 0.100000E+02  0.664146234107095E-03
 0.110000E+02  0.348193692170901E-03
 0.120000E+02  0.155472723712076E-01
 0.130000E+02  0.232226254762561E-02
 0.140000E+02  0.497349591842507E-03
 0.150000E+02  0.183524324435499E-03
 0.160000E+02  0.694795614024256E-02
 0.170000E+02  0.126504090619368E-02
 0.180000E+02  0.242380902220020E-03
 0.190000E+02  0.999753977199528E-04
 0.200000E+02  0.263582844097375E-02
 0.210000E+02  0.517448884135803E-03
 0.220000E+02  0.125348246319302E-03
 0.230000E+02  0.488511504280927E-04
 0.240000E+02  0.894220425245211E-03
 0.250000E+02  0.339385656828965E-03
 0.260000E+02  0.619360181903709E-04
 0.270000E+02  0.281467645073412E-04
 0.280000E+02  0.350148310705188E-03
 0.290000E+02  0.141961765352489E-03
 0.300000E+02  0.331242268799481E-04
 0.310000E+02  0.150973398930686E-04
 0.320000E+02  0.144159916686553E-03
 0.330000E+02  0.677752461042286E-04
 0.340000E+02  0.199147620668694E-04
 0.350000E+02  0.848820816543484E-05
 0.360000E+02  0.558010584652122E-04
 0.370000E+02  0.383784541865936E-04
 0.380000E+02  0.109111600195489E-04
 0.390000E+02  0.496284013512667E-05
 0.400000E+02  0.243865325963398E-04
 0.410000E+02  0.177134201986247E-04
 0.420000E+02  0.599306815848003E-05
 0.430000E+02  0.295153718053292E-05
 0.440000E+02  0.970843796941363E-05
 0.450000E+02  0.898665371744712E-05
 0.460000E+02  0.339295606267223E-05
 0.470000E+02  0.169514659913708E-05
 0.480000E+02  0.450448343752518E-05
 0.490000E+02  0.476378209720063E-05
 0.500000E+02  0.180650207899887E-05
 0.510000E+02  0.100837146446551E-05
 0.520000E+02  0.226704400904645E-05
 0.530000E+02  0.254001641835194E-05
 0.540000E+02  0.110430196471849E-05
 0.550000E+02  0.668941083876241E-06
 0.560000E+02  0.116803116287740E-05
 0.570000E+02  0.153752655036433E-05
 0.580000E+02  0.641709189268846E-06
 0.590000E+02  0.494314024747653E-06
 0.600000E+02  0.715671534616240E-06
 0.610000E+02  0.112091025853693E-05
 0.620000E+02  0.553493771917788E-06
 0.630000E+02  0.382291651737372E-06
 0.640000E+02  0.152720674687564E-06
 0.650000E+02  0.000000000000000E+00
 0.660000E+02  0.000000000000000E+00
 0.670000E+02  0.000000000000000E+00
 0.680000E+02  0.000000000000000E+00
 0.690000E+02  0.000000000000000E+00
 0.700000E+02  0.000000000000000E+00
 0.710000E+02  0.000000000000000E+00
 0.720000E+02  0.000000000000000E+00
 0.730000E+02  0.000000000000000E+00
 0.740000E+02  0.000000000000000E+00
 0.750000E+02  0.000000000000000E+00
 0.760000E+02  0.000000000000000E+00
 0.770000E+02  0.000000000000000E+00
 0.780000E+02  0.000000000000000E+00
 0.790000E+02  0.000000000000000E+00
 0.800000E+02  0.000000000000000E+00
 0.810000E+02  0.000000000000000E+00
 0.820000E+02  0.000000000000000E+00
 0.830000E+02  0.000000000000000E+00
 0.840000E+02  0.000000000000000E+00
 0.850000E+02  0.000000000000000E+00
 0.860000E+02  0.000000000000000E+00
 0.870000E+02  0.000000000000000E+00
 0.880000E+02  0.000000000000000E+00
 0.890000E+02  0.000000000000000E+00
 0.900000E+02  0.000000000000000E+00
 0.910000E+02  0.000000000000000E+00
 0.920000E+02  0.000000000000000E+00
 0.930000E+02  0.000000000000000E+00
 0.940000E+02  0.000000000000000E+00
 0.950000E+02  0.000000000000000E+00
 0.960000E+02  0.000000000000000E+00
 0.970000E+02  0.000000000000000E+00
