 0.100000E+01  0.630406011666860E-01
 0.200000E+01  0.251251581472170E-01
 0.300000E+01  0.657487829257305E-02
 0.400000E+01  0.230523395610626E+00
 0.500000E+01  0.324820657858681E-01
 0.600000E+01  0.443678817956177E-02
 0.700000E+01  0.129715301054031E-02
 0.800000E+01  0.459493613888588E-01
 0.900000E+01  0.844903988140549E-02
 0.100000E+02  0.135825581550411E-02
 0.110000E+02  0.773209480278092E-03
 0.120000E+02  0.161896460996100E-01
 0.130000E+02  0.386333043669637E-02
 0.140000E+02  0.767343065493242E-03
 0.150000E+02  0.282853281241329E-03
 0.160000E+02  0.597700492854131E-02
 0.170000E+02  0.184252549096937E-02
 0.180000E+02  0.342465993194878E-03
 0.190000E+02  0.155301182513184E-03
 0.200000E+02  0.245563463331541E-02
 0.210000E+02  0.762342704926583E-03
 0.220000E+02  0.182397777796611E-03
 0.230000E+02  0.817842524819218E-04
 0.240000E+02  0.805590047918836E-03
 0.250000E+02  0.434521828697590E-03
 0.260000E+02  0.892215479782906E-04
 0.270000E+02  0.419074711889458E-04
 0.280000E+02  0.344746313671158E-03
 0.290000E+02  0.177864955167677E-03
 0.300000E+02  0.488908766169868E-04
 0.310000E+02  0.218041147352686E-04
 0.320000E+02  0.155117649176309E-03
 0.330000E+02  0.835912479316496E-04
 0.340000E+02  0.272271756798653E-04
 0.350000E+02  0.134587385347962E-04
 0.360000E+02  0.666347338019568E-04
 0.370000E+02  0.464757534426134E-04
 0.380000E+02  0.141862196909475E-04
 0.390000E+02  0.700428183937119E-05
 0.400000E+02  0.274978331254177E-04
 0.410000E+02  0.220962470085353E-04
 0.420000E+02  0.796764285852275E-05
 0.430000E+02  0.425760986609177E-05
 0.440000E+02  0.138458804555306E-04
 0.450000E+02  0.117726576364525E-04
 0.460000E+02  0.460883723564477E-05
 0.470000E+02  0.243976716136275E-05
 0.480000E+02  0.671087807822102E-05
 0.490000E+02  0.593176112656536E-05
 0.500000E+02  0.245286462186469E-05
 0.510000E+02  0.146121127769326E-05
 0.520000E+02  0.354331666322964E-05
 0.530000E+02  0.303428162976503E-05
 0.540000E+02  0.156287780128153E-05
 0.550000E+02  0.103847616913879E-05
 0.560000E+02  0.225440677997953E-05
 0.570000E+02  0.196947351034784E-05
 0.580000E+02  0.100784758883995E-05
 0.590000E+02  0.740439091114279E-06
 0.600000E+02  0.180198054124132E-05
 0.610000E+02  0.172374907854265E-05
 0.620000E+02  0.101854312695251E-05
 0.630000E+02  0.780069480652142E-06
 0.640000E+02  0.427434304337812E-06
 0.650000E+02  0.000000000000000E+00
 0.660000E+02  0.000000000000000E+00
 0.670000E+02  0.000000000000000E+00
 0.680000E+02  0.000000000000000E+00
 0.690000E+02  0.000000000000000E+00
 0.700000E+02  0.000000000000000E+00
 0.710000E+02  0.000000000000000E+00
 0.720000E+02  0.000000000000000E+00
 0.730000E+02  0.000000000000000E+00
 0.740000E+02  0.000000000000000E+00
 0.750000E+02  0.000000000000000E+00
 0.760000E+02  0.000000000000000E+00
 0.770000E+02  0.000000000000000E+00
 0.780000E+02  0.000000000000000E+00
 0.790000E+02  0.000000000000000E+00
 0.800000E+02  0.000000000000000E+00
 0.810000E+02  0.000000000000000E+00
 0.820000E+02  0.000000000000000E+00
 0.830000E+02  0.000000000000000E+00
 0.840000E+02  0.000000000000000E+00
 0.850000E+02  0.000000000000000E+00
 0.860000E+02  0.000000000000000E+00
 0.870000E+02  0.000000000000000E+00
 0.880000E+02  0.000000000000000E+00
 0.890000E+02  0.000000000000000E+00
 0.900000E+02  0.000000000000000E+00
 0.910000E+02  0.000000000000000E+00
 0.920000E+02  0.000000000000000E+00
 0.930000E+02  0.000000000000000E+00
 0.940000E+02  0.000000000000000E+00
 0.950000E+02  0.000000000000000E+00
 0.960000E+02  0.000000000000000E+00
 0.970000E+02  0.000000000000000E+00
