 0.000000E+00  0.895648121951692E-01  0.000000000000000E+00  0.000000000000000E+00
 0.100000E+01  0.107747943030830E+00  0.679958118125796E-01  0.162439479026943E-02
 0.200000E+01  0.857432256465857E-01  0.344624074787134E-01  0.193554788438632E-02
 0.300000E+01  0.432453589521701E-01  0.195077831158414E-01  0.116042108311376E-02
 0.400000E+01  0.140039988857399E-01  0.437406303990429E-02  0.654853353580620E-03
 0.500000E+01  0.581761979331705E-02  0.446278692038504E-03  0.389329104365288E-03
 0.600000E+01  0.208773469550697E-02  0.106957522016060E-03  0.147979662870057E-03
 0.700000E+01  0.145933581075200E-02  0.814823262231812E-04  0.135863070113373E-03
 0.800000E+01  0.882275143083583E-03  0.443670903038651E-04  0.797021647542806E-04
 0.900000E+01  0.487562520548620E-03  0.256365276607440E-04  0.395359153344543E-04
 0.100000E+02  0.380302537478406E-03  0.227828204506508E-04  0.325756208536809E-04
 0.110000E+02  0.230492835929148E-03  0.886079367878878E-05  0.153109396947571E-04
 0.120000E+02  0.190828409426965E-03  0.104280822756930E-04  0.120329556156373E-04
 0.130000E+02  0.138004422280817E-03  0.530225685202446E-05  0.104777719897864E-04
 0.140000E+02  0.941121166435953E-04  0.374390406565617E-05  0.484941911782499E-05
 0.150000E+02  0.713509797073495E-04  0.220695107960855E-05  0.527798203520113E-05
 0.160000E+02  0.534516749910102E-04  0.179193351756979E-05  0.362909366374842E-05
 0.170000E+02  0.451180440667761E-04  0.150813784005610E-05  0.238599081747726E-05
 0.180000E+02  0.335665608388101E-04  0.880802874936637E-06  0.187913666742368E-05
 0.190000E+02  0.246740653949394E-04  0.484189535928867E-06  0.149775265753573E-05
 0.200000E+02  0.188526755554206E-04  0.394503189338202E-06  0.132563782193063E-05
 0.210000E+02  0.163618040645531E-04  0.369128573348646E-06  0.109293654271259E-05
 0.220000E+02  0.114728248383779E-04  0.272541851815966E-06  0.721781592966098E-06
 0.230000E+02  0.905919248297168E-05  0.187819757024432E-06  0.540430828047112E-06
 0.240000E+02  0.796447680624488E-05  0.162517181830080E-06  0.484194987278308E-06
 0.250000E+02  0.655840552492689E-05  0.117128848941064E-06  0.430062997994890E-06
 0.260000E+02  0.528853828514522E-05  0.128041948560710E-06  0.339417958124949E-06
 0.270000E+02  0.393693347302261E-05  0.730298417919717E-07  0.219612676885875E-06
 0.280000E+02  0.316105638987067E-05  0.551158647822854E-07  0.182510035384850E-06
 0.290000E+02  0.282833970600197E-05  0.457199129510338E-07  0.150467084090999E-06
 0.300000E+02  0.222830954772324E-05  0.399358615295114E-07  0.124136173685718E-06
 0.310000E+02  0.190092150128156E-05  0.327702372624958E-07  0.117154625504931E-06
 0.320000E+02  0.145040579346716E-05  0.198709028077435E-07  0.751402713373940E-07
 0.330000E+02  0.120268971126845E-05  0.182669372111172E-07  0.592831200831034E-07
 0.340000E+02  0.107031261777833E-05  0.156112993789980E-07  0.544032924673025E-07
 0.350000E+02  0.779842319905876E-06  0.122395803272017E-07  0.329078907899613E-07
 0.360000E+02  0.724535916904185E-06  0.936964041596544E-08  0.363092677113999E-07
 0.370000E+02  0.563478942109854E-06  0.977632974729259E-08  0.299950640083192E-07
 0.380000E+02  0.509390223512476E-06  0.745690664934445E-08  0.262785314749867E-07
 0.390000E+02  0.389841993557906E-06  0.563236165263589E-08  0.161431164857114E-07
 0.400000E+02  0.303786605970761E-06  0.432319506658407E-08  0.137772917496162E-07
 0.410000E+02  0.300355823021033E-06  0.407845685034599E-08  0.144282914188269E-07
 0.420000E+02  0.225488400589296E-06  0.241353369319401E-08  0.106833639872428E-07
 0.430000E+02  0.199357661464937E-06  0.245159093056175E-08  0.100836367043821E-07
 0.440000E+02  0.158136941567210E-06  0.179439865189343E-08  0.729054963280332E-08
 0.450000E+02  0.133106888493867E-06  0.147739705981320E-08  0.538598905869926E-08
 0.460000E+02  0.115630830433826E-06  0.129768427772258E-08  0.554270090951823E-08
 0.470000E+02  0.903967554821813E-07  0.127959167940054E-08  0.436222119475191E-08
 0.480000E+02  0.825887555697699E-07  0.974372665984279E-09  0.380626650879780E-08
 0.490000E+02  0.652262310124590E-07  0.739442719166104E-09  0.291732167837095E-08
 0.500000E+02  0.571846856641548E-07  0.714579646160247E-09  0.286710651158345E-08
 0.510000E+02  0.454670092950964E-07  0.571088982612204E-09  0.222604801594222E-08
 0.520000E+02  0.379759177103545E-07  0.484789233162782E-09  0.154183256151236E-08
 0.530000E+02  0.340717920514087E-07  0.505878300555002E-09  0.169979301362782E-08
 0.540000E+02  0.268028580191506E-07  0.356795619528479E-09  0.122506556518259E-08
 0.550000E+02  0.266946490253360E-07  0.331269160377696E-09  0.127374720760306E-08
 0.560000E+02  0.194451554342298E-07  0.266708145069703E-09  0.101827139296947E-08
 0.570000E+02  0.174761976203198E-07  0.260089693571524E-09  0.937557400487487E-09
 0.580000E+02  0.157546740792373E-07  0.196365679834319E-09  0.828504581341702E-09
 0.590000E+02  0.120261548061076E-07  0.183718635122489E-09  0.768976466606910E-09
 0.600000E+02  0.125362624333791E-07  0.227706679751503E-09  0.855919339114870E-09
 0.610000E+02  0.107421325107677E-07  0.190215856292489E-09  0.728739542065523E-09
 0.620000E+02  0.116178380872203E-07  0.332365489153275E-09  0.127199433979673E-08
 0.630000E+02  0.931492624219115E-08  0.466279387638493E-09  0.246907127533813E-08
 0.640000E+02  0.230378459907012E-10  0.215610282449166E-11  0.208817431662095E-10
 0.650000E+02  0.000000000000000E+00  0.000000000000000E+00  0.000000000000000E+00
 0.660000E+02  0.000000000000000E+00  0.000000000000000E+00  0.000000000000000E+00
 0.670000E+02  0.000000000000000E+00  0.000000000000000E+00  0.000000000000000E+00
 0.680000E+02  0.000000000000000E+00  0.000000000000000E+00  0.000000000000000E+00
 0.690000E+02  0.000000000000000E+00  0.000000000000000E+00  0.000000000000000E+00
 0.700000E+02  0.000000000000000E+00  0.000000000000000E+00  0.000000000000000E+00
 0.710000E+02  0.000000000000000E+00  0.000000000000000E+00  0.000000000000000E+00
 0.720000E+02  0.000000000000000E+00  0.000000000000000E+00  0.000000000000000E+00
 0.730000E+02  0.000000000000000E+00  0.000000000000000E+00  0.000000000000000E+00
 0.740000E+02  0.000000000000000E+00  0.000000000000000E+00  0.000000000000000E+00
 0.750000E+02  0.000000000000000E+00  0.000000000000000E+00  0.000000000000000E+00
 0.760000E+02  0.000000000000000E+00  0.000000000000000E+00  0.000000000000000E+00
 0.770000E+02  0.000000000000000E+00  0.000000000000000E+00  0.000000000000000E+00
 0.780000E+02  0.000000000000000E+00  0.000000000000000E+00  0.000000000000000E+00
 0.790000E+02  0.000000000000000E+00  0.000000000000000E+00  0.000000000000000E+00
 0.800000E+02  0.000000000000000E+00  0.000000000000000E+00  0.000000000000000E+00
 0.810000E+02  0.000000000000000E+00  0.000000000000000E+00  0.000000000000000E+00
 0.820000E+02  0.000000000000000E+00  0.000000000000000E+00  0.000000000000000E+00
 0.830000E+02  0.000000000000000E+00  0.000000000000000E+00  0.000000000000000E+00
 0.840000E+02  0.000000000000000E+00  0.000000000000000E+00  0.000000000000000E+00
 0.850000E+02  0.000000000000000E+00  0.000000000000000E+00  0.000000000000000E+00
 0.860000E+02  0.000000000000000E+00  0.000000000000000E+00  0.000000000000000E+00
 0.870000E+02  0.000000000000000E+00  0.000000000000000E+00  0.000000000000000E+00
 0.880000E+02  0.000000000000000E+00  0.000000000000000E+00  0.000000000000000E+00
 0.890000E+02  0.000000000000000E+00  0.000000000000000E+00  0.000000000000000E+00
 0.900000E+02  0.000000000000000E+00  0.000000000000000E+00  0.000000000000000E+00
 0.910000E+02  0.000000000000000E+00  0.000000000000000E+00  0.000000000000000E+00
 0.920000E+02  0.000000000000000E+00  0.000000000000000E+00  0.000000000000000E+00
 0.930000E+02  0.000000000000000E+00  0.000000000000000E+00  0.000000000000000E+00
 0.940000E+02  0.000000000000000E+00  0.000000000000000E+00  0.000000000000000E+00
 0.950000E+02  0.000000000000000E+00  0.000000000000000E+00  0.000000000000000E+00
 0.960000E+02  0.000000000000000E+00  0.000000000000000E+00  0.000000000000000E+00
