 0.100000E+01  0.177966336925768E+00
 0.200000E+01  0.423655420193897E-01
 0.300000E+01  0.488680732301024E-01
 0.400000E+01  0.281367842213489E-01
 0.500000E+01  0.199313799068776E-01
 0.600000E+01  0.768531299025727E-02
 0.700000E+01  0.310712660921744E-02
 0.800000E+01  0.225871027462677E-02
 0.900000E+01  0.188991643802713E-02
 0.100000E+02  0.789212480166034E-03
 0.110000E+02  0.683743716785575E-03
 0.120000E+02  0.358381875410281E-03
 0.130000E+02  0.310538224530702E-03
 0.140000E+02  0.277617404175679E-03
 0.150000E+02  0.167913163220614E-03
 0.160000E+02  0.141839571091867E-03
 0.170000E+02  0.951788494589482E-04
 0.180000E+02  0.770570887465590E-04
 0.190000E+02  0.575916104799335E-04
 0.200000E+02  0.444719267908039E-04
 0.210000E+02  0.348365949190005E-04
 0.220000E+02  0.314229220056350E-04
 0.230000E+02  0.226502592781068E-04
 0.240000E+02  0.177871480373183E-04
 0.250000E+02  0.165528541817952E-04
 0.260000E+02  0.119094549222725E-04
 0.270000E+02  0.102952309452077E-04
 0.280000E+02  0.825513718076850E-05
 0.290000E+02  0.698273265481677E-05
 0.300000E+02  0.514647022754256E-05
 0.310000E+02  0.450472231980685E-05
 0.320000E+02  0.371735616883049E-05
 0.330000E+02  0.297741720529230E-05
 0.340000E+02  0.248573501833541E-05
 0.350000E+02  0.195282665435706E-05
 0.360000E+02  0.169514184315392E-05
 0.370000E+02  0.129584482488304E-05
 0.380000E+02  0.115828362556623E-05
 0.390000E+02  0.926484149938865E-06
 0.400000E+02  0.784495506986582E-06
 0.410000E+02  0.680884339799664E-06
 0.420000E+02  0.519980849640724E-06
 0.430000E+02  0.492007788857295E-06
 0.440000E+02  0.370225838306631E-06
 0.450000E+02  0.346273536818400E-06
 0.460000E+02  0.272348544911005E-06
 0.470000E+02  0.227653521342421E-06
 0.480000E+02  0.199831896132001E-06
 0.490000E+02  0.160582705622391E-06
 0.500000E+02  0.133903090190817E-06
 0.510000E+02  0.107591772216374E-06
 0.520000E+02  0.928901780756508E-07
 0.530000E+02  0.770685352144944E-07
 0.540000E+02  0.628600538790107E-07
 0.550000E+02  0.510119918095815E-07
 0.560000E+02  0.439258731598265E-07
 0.570000E+02  0.383959263755031E-07
 0.580000E+02  0.285457535928891E-07
 0.590000E+02  0.263087720566910E-07
 0.600000E+02  0.210419677534341E-07
 0.610000E+02  0.189391275265411E-07
 0.620000E+02  0.200669245294583E-07
 0.630000E+02  0.275775732225940E-07
 0.640000E+02  0.188432251811030E-07
 0.650000E+02  0.000000000000000E+00
 0.660000E+02  0.000000000000000E+00
 0.670000E+02  0.000000000000000E+00
 0.680000E+02  0.000000000000000E+00
 0.690000E+02  0.000000000000000E+00
 0.700000E+02  0.000000000000000E+00
 0.710000E+02  0.000000000000000E+00
 0.720000E+02  0.000000000000000E+00
 0.730000E+02  0.000000000000000E+00
 0.740000E+02  0.000000000000000E+00
 0.750000E+02  0.000000000000000E+00
 0.760000E+02  0.000000000000000E+00
 0.770000E+02  0.000000000000000E+00
 0.780000E+02  0.000000000000000E+00
 0.790000E+02  0.000000000000000E+00
 0.800000E+02  0.000000000000000E+00
 0.810000E+02  0.000000000000000E+00
 0.820000E+02  0.000000000000000E+00
 0.830000E+02  0.000000000000000E+00
 0.840000E+02  0.000000000000000E+00
 0.850000E+02  0.000000000000000E+00
 0.860000E+02  0.000000000000000E+00
 0.870000E+02  0.000000000000000E+00
 0.880000E+02  0.000000000000000E+00
 0.890000E+02  0.000000000000000E+00
 0.900000E+02  0.000000000000000E+00
 0.910000E+02  0.000000000000000E+00
 0.920000E+02  0.000000000000000E+00
 0.930000E+02  0.000000000000000E+00
 0.940000E+02  0.000000000000000E+00
 0.950000E+02  0.000000000000000E+00
 0.960000E+02  0.000000000000000E+00
 0.970000E+02  0.000000000000000E+00
