 0.100000E+01  0.211248079558518E+00
 0.200000E+01  0.681043610325508E-01
 0.300000E+01  0.309838596910306E-01
 0.400000E+01  0.873525394183368E-01
 0.500000E+01  0.213366550477680E-01
 0.600000E+01  0.845301605458943E-02
 0.700000E+01  0.218604857720017E-02
 0.800000E+01  0.841681639829247E-02
 0.900000E+01  0.487296036328878E-02
 0.100000E+02  0.173165808858344E-02
 0.110000E+02  0.805214539522769E-03
 0.120000E+02  0.170961715608850E-02
 0.130000E+02  0.182364844163008E-02
 0.140000E+02  0.614098638628044E-03
 0.150000E+02  0.276894484519385E-03
 0.160000E+02  0.447728954178441E-03
 0.170000E+02  0.552948258420650E-03
 0.180000E+02  0.233430069444059E-03
 0.190000E+02  0.114127491043110E-03
 0.200000E+02  0.166422881758589E-03
 0.210000E+02  0.171284345845753E-03
 0.220000E+02  0.105237812943950E-03
 0.230000E+02  0.587852810243811E-04
 0.240000E+02  0.589898227531270E-04
 0.250000E+02  0.826472026390499E-04
 0.260000E+02  0.437748303657329E-04
 0.270000E+02  0.277944041928590E-04
 0.280000E+02  0.281419988757413E-04
 0.290000E+02  0.368742671115314E-04
 0.300000E+02  0.207057487418122E-04
 0.310000E+02  0.145199664619569E-04
 0.320000E+02  0.132011475480184E-04
 0.330000E+02  0.170294316164984E-04
 0.340000E+02  0.111526006921739E-04
 0.350000E+02  0.663018151249011E-05
 0.360000E+02  0.679162871924575E-05
 0.370000E+02  0.801592390089900E-05
 0.380000E+02  0.563968830528450E-05
 0.390000E+02  0.309300581768925E-05
 0.400000E+02  0.325944589986456E-05
 0.410000E+02  0.392214190929426E-05
 0.420000E+02  0.255423477272491E-05
 0.430000E+02  0.174945531036824E-05
 0.440000E+02  0.148916327721110E-05
 0.450000E+02  0.183215678409581E-05
 0.460000E+02  0.130315699299670E-05
 0.470000E+02  0.858301222376540E-06
 0.480000E+02  0.803006655602209E-06
 0.490000E+02  0.854350423380328E-06
 0.500000E+02  0.620355699129071E-06
 0.510000E+02  0.453879182967446E-06
 0.520000E+02  0.412696868378790E-06
 0.530000E+02  0.392285660472128E-06
 0.540000E+02  0.332612467075046E-06
 0.550000E+02  0.244159275054614E-06
 0.560000E+02  0.212988745019885E-06
 0.570000E+02  0.203958490564187E-06
 0.580000E+02  0.178447714422944E-06
 0.590000E+02  0.158067985979381E-06
 0.600000E+02  0.136354081879538E-06
 0.610000E+02  0.144882411686759E-06
 0.620000E+02  0.132295213177374E-06
 0.630000E+02  0.150167105091872E-06
 0.640000E+02  0.108748733745158E-06
 0.650000E+02  0.000000000000000E+00
 0.660000E+02  0.000000000000000E+00
 0.670000E+02  0.000000000000000E+00
 0.680000E+02  0.000000000000000E+00
 0.690000E+02  0.000000000000000E+00
 0.700000E+02  0.000000000000000E+00
 0.710000E+02  0.000000000000000E+00
 0.720000E+02  0.000000000000000E+00
 0.730000E+02  0.000000000000000E+00
 0.740000E+02  0.000000000000000E+00
 0.750000E+02  0.000000000000000E+00
 0.760000E+02  0.000000000000000E+00
 0.770000E+02  0.000000000000000E+00
 0.780000E+02  0.000000000000000E+00
 0.790000E+02  0.000000000000000E+00
 0.800000E+02  0.000000000000000E+00
 0.810000E+02  0.000000000000000E+00
 0.820000E+02  0.000000000000000E+00
 0.830000E+02  0.000000000000000E+00
 0.840000E+02  0.000000000000000E+00
 0.850000E+02  0.000000000000000E+00
 0.860000E+02  0.000000000000000E+00
 0.870000E+02  0.000000000000000E+00
 0.880000E+02  0.000000000000000E+00
 0.890000E+02  0.000000000000000E+00
 0.900000E+02  0.000000000000000E+00
 0.910000E+02  0.000000000000000E+00
 0.920000E+02  0.000000000000000E+00
 0.930000E+02  0.000000000000000E+00
 0.940000E+02  0.000000000000000E+00
 0.950000E+02  0.000000000000000E+00
 0.960000E+02  0.000000000000000E+00
 0.970000E+02  0.000000000000000E+00
