 0.100000E+01  0.194274687905826E-01
 0.200000E+01  0.183889097125479E-01
 0.300000E+01  0.330040570824671E-01
 0.400000E+01  0.157651477509670E+00
 0.500000E+01  0.429255000889897E-01
 0.600000E+01  0.508001957196933E-02
 0.700000E+01  0.117355984494740E-02
 0.800000E+01  0.385821969480717E-01
 0.900000E+01  0.125312679852035E-01
 0.100000E+02  0.108396879030044E-02
 0.110000E+02  0.441975359978479E-03
 0.120000E+02  0.168530018922108E-01
 0.130000E+02  0.365051989848573E-02
 0.140000E+02  0.508706989086380E-03
 0.150000E+02  0.163751186295504E-03
 0.160000E+02  0.649629302251856E-02
 0.170000E+02  0.151674404115614E-02
 0.180000E+02  0.263015640015096E-03
 0.190000E+02  0.867905655567711E-04
 0.200000E+02  0.230932280066576E-02
 0.210000E+02  0.583269713131159E-03
 0.220000E+02  0.127394488679921E-03
 0.230000E+02  0.462936108339377E-04
 0.240000E+02  0.790598977984277E-03
 0.250000E+02  0.355913502854813E-03
 0.260000E+02  0.600186649280260E-04
 0.270000E+02  0.270304298528514E-04
 0.280000E+02  0.312759731794665E-03
 0.290000E+02  0.146552471128063E-03
 0.300000E+02  0.320401810016949E-04
 0.310000E+02  0.152075277052017E-04
 0.320000E+02  0.134150277388084E-03
 0.330000E+02  0.713337160823407E-04
 0.340000E+02  0.194579953046352E-04
 0.350000E+02  0.962756277945032E-05
 0.360000E+02  0.558685612005825E-04
 0.370000E+02  0.329993851907531E-04
 0.380000E+02  0.110627160769602E-04
 0.390000E+02  0.508351489709743E-05
 0.400000E+02  0.225046787572178E-04
 0.410000E+02  0.168388742269124E-04
 0.420000E+02  0.575012980508803E-05
 0.430000E+02  0.303682454194429E-05
 0.440000E+02  0.940505151610102E-05
 0.450000E+02  0.810988421815890E-05
 0.460000E+02  0.324347519940010E-05
 0.470000E+02  0.168454531555046E-05
 0.480000E+02  0.424252440995812E-05
 0.490000E+02  0.410701687278921E-05
 0.500000E+02  0.175131915861056E-05
 0.510000E+02  0.100629853387496E-05
 0.520000E+02  0.214018393794042E-05
 0.530000E+02  0.197536496473169E-05
 0.540000E+02  0.100512536789771E-05
 0.550000E+02  0.668044626304868E-06
 0.560000E+02  0.104036220370947E-05
 0.570000E+02  0.116021455036851E-05
 0.580000E+02  0.637165537045894E-06
 0.590000E+02  0.460812963289032E-06
 0.600000E+02  0.621492810514298E-06
 0.610000E+02  0.947887754284133E-06
 0.620000E+02  0.613440893347869E-06
 0.630000E+02  0.447707565906488E-06
 0.640000E+02  0.223811023181215E-06
 0.650000E+02  0.000000000000000E+00
 0.660000E+02  0.000000000000000E+00
 0.670000E+02  0.000000000000000E+00
 0.680000E+02  0.000000000000000E+00
 0.690000E+02  0.000000000000000E+00
 0.700000E+02  0.000000000000000E+00
 0.710000E+02  0.000000000000000E+00
 0.720000E+02  0.000000000000000E+00
 0.730000E+02  0.000000000000000E+00
 0.740000E+02  0.000000000000000E+00
 0.750000E+02  0.000000000000000E+00
 0.760000E+02  0.000000000000000E+00
 0.770000E+02  0.000000000000000E+00
 0.780000E+02  0.000000000000000E+00
 0.790000E+02  0.000000000000000E+00
 0.800000E+02  0.000000000000000E+00
 0.810000E+02  0.000000000000000E+00
 0.820000E+02  0.000000000000000E+00
 0.830000E+02  0.000000000000000E+00
 0.840000E+02  0.000000000000000E+00
 0.850000E+02  0.000000000000000E+00
 0.860000E+02  0.000000000000000E+00
 0.870000E+02  0.000000000000000E+00
 0.880000E+02  0.000000000000000E+00
 0.890000E+02  0.000000000000000E+00
 0.900000E+02  0.000000000000000E+00
 0.910000E+02  0.000000000000000E+00
 0.920000E+02  0.000000000000000E+00
 0.930000E+02  0.000000000000000E+00
 0.940000E+02  0.000000000000000E+00
 0.950000E+02  0.000000000000000E+00
 0.960000E+02  0.000000000000000E+00
 0.970000E+02  0.000000000000000E+00
