 0.000000E+00  0.718923749184513E-01  0.000000000000000E+00  0.000000000000000E+00
 0.100000E+01  0.107670441889905E+00  0.337528930394910E-01  0.125345100968843E-02
 0.200000E+01  0.728974171960574E-01  0.273594228201546E-01  0.244483032764720E-02
 0.300000E+01  0.338591625744071E-01  0.161457084741414E-01  0.120365721591043E-02
 0.400000E+01  0.999740419360811E-02  0.199749760713530E-02  0.734014322659959E-03
 0.500000E+01  0.383129676075304E-02  0.306080204836690E-03  0.194708978739300E-03
 0.600000E+01  0.129246667845211E-02  0.638855138390682E-04  0.113150142141194E-03
 0.700000E+01  0.101849225821625E-02  0.426121289933690E-04  0.118158176565686E-03
 0.800000E+01  0.585625482612284E-03  0.307325380433099E-04  0.563148155858784E-04
 0.900000E+01  0.358832588421466E-03  0.147650700483837E-04  0.374480583076320E-04
 0.100000E+02  0.243706134383615E-03  0.992457983650663E-05  0.311312309975165E-04
 0.110000E+02  0.138292697732801E-03  0.422511071679343E-05  0.129387747833665E-04
 0.120000E+02  0.106714699106537E-03  0.332087738286191E-05  0.111611577714443E-04
 0.130000E+02  0.830023060168464E-04  0.141334944453453E-05  0.846600796766683E-05
 0.140000E+02  0.520018465109439E-04  0.111198452307226E-05  0.437569102543223E-05
 0.150000E+02  0.382671564713032E-04  0.801166735994729E-06  0.373141331511118E-05
 0.160000E+02  0.289657463924383E-04  0.376986323772938E-06  0.280510985481430E-05
 0.170000E+02  0.240812879426037E-04  0.439272467170002E-06  0.266935989180588E-05
 0.180000E+02  0.169467577110927E-04  0.235781835454790E-06  0.174873325153868E-05
 0.190000E+02  0.125512575904016E-04  0.188013883238233E-06  0.116698569274654E-05
 0.200000E+02  0.903023859584788E-05  0.149426411163284E-06  0.663556119218089E-06
 0.210000E+02  0.742101075815151E-05  0.119281329927917E-06  0.605710231842832E-06
 0.220000E+02  0.507176789690387E-05  0.714198759926304E-07  0.537942561412708E-06
 0.230000E+02  0.395936752089786E-05  0.473168622148329E-07  0.390729278624755E-06
 0.240000E+02  0.315389523019729E-05  0.351935069157951E-07  0.262508634538139E-06
 0.250000E+02  0.259640225568476E-05  0.268457165613191E-07  0.235990320337359E-06
 0.260000E+02  0.203051696500109E-05  0.216064781617502E-07  0.194572194842091E-06
 0.270000E+02  0.138994238298389E-05  0.132951473007389E-07  0.137292641535017E-06
 0.280000E+02  0.108829983031618E-05  0.120302053405880E-07  0.897439588399727E-07
 0.290000E+02  0.964867235723594E-06  0.821697153568569E-08  0.873587458960143E-07
 0.300000E+02  0.703163509768266E-06  0.647981435197999E-08  0.543172455824345E-07
 0.310000E+02  0.595275175698396E-06  0.425244685517694E-08  0.424489001801679E-07
 0.320000E+02  0.447092126875114E-06  0.349947468602347E-08  0.363738667612506E-07
 0.330000E+02  0.360434654559424E-06  0.268341495513824E-08  0.292330415377503E-07
 0.340000E+02  0.300357854977379E-06  0.263908504776503E-08  0.232317630066638E-07
 0.350000E+02  0.216808663727132E-06  0.201538420445178E-08  0.174587268309857E-07
 0.360000E+02  0.194568654286192E-06  0.183802270312691E-08  0.163566451628731E-07
 0.370000E+02  0.148032525292505E-06  0.137991357316430E-08  0.125144414108835E-07
 0.380000E+02  0.134874451147768E-06  0.116523525807175E-08  0.107529898498701E-07
 0.390000E+02  0.101932154456010E-06  0.815651787066591E-09  0.848718456194293E-08
 0.400000E+02  0.764865575801133E-07  0.617492295605998E-09  0.567858045660711E-08
 0.410000E+02  0.763388889521417E-07  0.674839370785863E-09  0.589369758521901E-08
 0.420000E+02  0.552193830251051E-07  0.501658227815563E-09  0.379427205532591E-08
 0.430000E+02  0.497312998490115E-07  0.401642842308890E-09  0.391530947153692E-08
 0.440000E+02  0.370851609410924E-07  0.289663776658280E-09  0.266359875920482E-08
 0.450000E+02  0.311030468386802E-07  0.213411986969631E-09  0.244165632599046E-08
 0.460000E+02  0.276029632234818E-07  0.168425934114802E-09  0.206289193811664E-08
 0.470000E+02  0.204326239342659E-07  0.121488514615742E-09  0.140722640828032E-08
 0.480000E+02  0.192006355492370E-07  0.102702990794306E-09  0.141711491638349E-08
 0.490000E+02  0.148782022874075E-07  0.721430625221139E-10  0.106885886628027E-08
 0.500000E+02  0.129876280144891E-07  0.559633037431913E-10  0.976027866967908E-09
 0.510000E+02  0.993301064577617E-08  0.549366778495665E-10  0.625338204695520E-09
 0.520000E+02  0.806790519515321E-08  0.409840384687838E-10  0.465791147351051E-09
 0.530000E+02  0.721493228433794E-08  0.382517488378477E-10  0.478637813730517E-09
 0.540000E+02  0.537865941479153E-08  0.329145546930682E-10  0.285875464012831E-09
 0.550000E+02  0.527010368561945E-08  0.290072087851102E-10  0.334020540734373E-09
 0.560000E+02  0.353545503179401E-08  0.263204169004572E-10  0.209904620212290E-09
 0.570000E+02  0.317650266301401E-08  0.224228782140770E-10  0.156330992036727E-09
 0.580000E+02  0.280054100809487E-08  0.224037111768080E-10  0.194564886442362E-09
 0.590000E+02  0.212603448277139E-08  0.193230389179301E-10  0.123656299106026E-09
 0.600000E+02  0.198866645381415E-08  0.180547665319856E-10  0.123756588061693E-09
 0.610000E+02  0.188357176668513E-08  0.195086911426196E-10  0.145502396890734E-09
 0.620000E+02  0.186492340944223E-08  0.226813867629006E-10  0.150487864987271E-09
 0.630000E+02  0.114954324747527E-08  0.267176103454687E-10  0.243946179212453E-09
 0.640000E+02  0.162719782038825E-11  0.545944244131034E-13  0.157260339597514E-11
 0.650000E+02  0.000000000000000E+00  0.000000000000000E+00  0.000000000000000E+00
 0.660000E+02  0.000000000000000E+00  0.000000000000000E+00  0.000000000000000E+00
 0.670000E+02  0.000000000000000E+00  0.000000000000000E+00  0.000000000000000E+00
 0.680000E+02  0.000000000000000E+00  0.000000000000000E+00  0.000000000000000E+00
 0.690000E+02  0.000000000000000E+00  0.000000000000000E+00  0.000000000000000E+00
 0.700000E+02  0.000000000000000E+00  0.000000000000000E+00  0.000000000000000E+00
 0.710000E+02  0.000000000000000E+00  0.000000000000000E+00  0.000000000000000E+00
 0.720000E+02  0.000000000000000E+00  0.000000000000000E+00  0.000000000000000E+00
 0.730000E+02  0.000000000000000E+00  0.000000000000000E+00  0.000000000000000E+00
 0.740000E+02  0.000000000000000E+00  0.000000000000000E+00  0.000000000000000E+00
 0.750000E+02  0.000000000000000E+00  0.000000000000000E+00  0.000000000000000E+00
 0.760000E+02  0.000000000000000E+00  0.000000000000000E+00  0.000000000000000E+00
 0.770000E+02  0.000000000000000E+00  0.000000000000000E+00  0.000000000000000E+00
 0.780000E+02  0.000000000000000E+00  0.000000000000000E+00  0.000000000000000E+00
 0.790000E+02  0.000000000000000E+00  0.000000000000000E+00  0.000000000000000E+00
 0.800000E+02  0.000000000000000E+00  0.000000000000000E+00  0.000000000000000E+00
 0.810000E+02  0.000000000000000E+00  0.000000000000000E+00  0.000000000000000E+00
 0.820000E+02  0.000000000000000E+00  0.000000000000000E+00  0.000000000000000E+00
 0.830000E+02  0.000000000000000E+00  0.000000000000000E+00  0.000000000000000E+00
 0.840000E+02  0.000000000000000E+00  0.000000000000000E+00  0.000000000000000E+00
 0.850000E+02  0.000000000000000E+00  0.000000000000000E+00  0.000000000000000E+00
 0.860000E+02  0.000000000000000E+00  0.000000000000000E+00  0.000000000000000E+00
 0.870000E+02  0.000000000000000E+00  0.000000000000000E+00  0.000000000000000E+00
 0.880000E+02  0.000000000000000E+00  0.000000000000000E+00  0.000000000000000E+00
 0.890000E+02  0.000000000000000E+00  0.000000000000000E+00  0.000000000000000E+00
 0.900000E+02  0.000000000000000E+00  0.000000000000000E+00  0.000000000000000E+00
 0.910000E+02  0.000000000000000E+00  0.000000000000000E+00  0.000000000000000E+00
 0.920000E+02  0.000000000000000E+00  0.000000000000000E+00  0.000000000000000E+00
 0.930000E+02  0.000000000000000E+00  0.000000000000000E+00  0.000000000000000E+00
 0.940000E+02  0.000000000000000E+00  0.000000000000000E+00  0.000000000000000E+00
 0.950000E+02  0.000000000000000E+00  0.000000000000000E+00  0.000000000000000E+00
 0.960000E+02  0.000000000000000E+00  0.000000000000000E+00  0.000000000000000E+00
