 0.000000E+00  0.181926848048392E-01  0.157973764880736E-01  0.239530831676563E-02
 0.400000E+01  0.429707579311673E-01  0.424821531606861E-01  0.488604770481753E-03
 0.800000E+01  0.758939524230243E-02  0.743735516427854E-02  0.152040078023908E-03
 0.120000E+02  0.405112866027656E-02  0.399765137585683E-02  0.534772844197192E-04
 0.160000E+02  0.141723670365839E-02  0.139825710691843E-02  0.189795967399496E-04
 0.200000E+02  0.525307816290334E-03  0.516527429941685E-03  0.878038634864576E-05
 0.240000E+02  0.198878546060399E-03  0.195325289752814E-03  0.355325630758595E-05
 0.280000E+02  0.873816525554560E-04  0.858357870063507E-04  0.154586554910577E-05
 0.320000E+02  0.341937357604707E-04  0.335078266928314E-04  0.685909067639410E-06
 0.360000E+02  0.153382638604511E-04  0.150120058422807E-04  0.326258018170419E-06
 0.400000E+02  0.613335193587039E-05  0.597644577438053E-05  0.156906161489868E-06
 0.440000E+02  0.282131908017955E-05  0.274680344787852E-05  0.745156323010369E-07
 0.480000E+02  0.134056879790711E-05  0.130171021852131E-05  0.388585793857988E-07
 0.520000E+02  0.645671496260163E-06  0.624675716232418E-06  0.209957800277456E-07
 0.560000E+02  0.333483640396537E-06  0.322227133611935E-06  0.112565067846017E-07
 0.600000E+02  0.213925689187391E-06  0.208334933420051E-06  0.559075576733967E-08
 0.640000E+02  0.179370528846645E-10  0.179370528846645E-10  0.000000000000000E+00
 0.680000E+02  0.000000000000000E+00  0.000000000000000E+00  0.000000000000000E+00
 0.720000E+02  0.000000000000000E+00  0.000000000000000E+00  0.000000000000000E+00
 0.760000E+02  0.000000000000000E+00  0.000000000000000E+00  0.000000000000000E+00
 0.800000E+02  0.000000000000000E+00  0.000000000000000E+00  0.000000000000000E+00
 0.840000E+02  0.000000000000000E+00  0.000000000000000E+00  0.000000000000000E+00
 0.880000E+02  0.000000000000000E+00  0.000000000000000E+00  0.000000000000000E+00
 0.920000E+02  0.000000000000000E+00  0.000000000000000E+00  0.000000000000000E+00
 0.960000E+02  0.000000000000000E+00  0.000000000000000E+00  0.000000000000000E+00
