 0.000000E+00  0.612975715966352E-01  0.594891085736715E-01  0.180846302296364E-02
 0.400000E+01  0.480400411832854E-01  0.474535413074916E-01  0.586499875794161E-03
 0.800000E+01  0.963026161345782E-02  0.944918769533998E-02  0.181073918117871E-03
 0.120000E+02  0.251704974134894E-02  0.244849374003409E-02  0.685560013148429E-04
 0.160000E+02  0.896321989830550E-03  0.870100731537112E-03  0.262212582934398E-04
 0.200000E+02  0.333281081426194E-03  0.321555454822311E-03  0.117256266038816E-04
 0.240000E+02  0.124636163987303E-03  0.119469319157686E-03  0.516684482961677E-05
 0.280000E+02  0.564475964279253E-04  0.538369758002059E-04  0.261062062771940E-05
 0.320000E+02  0.263530180363682E-04  0.250069358266979E-04  0.134608220967032E-05
 0.360000E+02  0.128200489051756E-04  0.121378220486831E-04  0.682226856492496E-06
 0.400000E+02  0.596574399192235E-05  0.561766153606718E-05  0.348082455855172E-06
 0.440000E+02  0.284990470656748E-05  0.267354534053332E-05  0.176359366034162E-06
 0.480000E+02  0.147245078230031E-05  0.137598598148186E-05  0.964648008184499E-07
 0.520000E+02  0.781819218556741E-06  0.728845557729788E-06  0.529736608269525E-07
 0.560000E+02  0.480284587248202E-06  0.450291677829280E-06  0.299929094189218E-07
 0.600000E+02  0.323835002879888E-06  0.308821350192691E-06  0.150136526871973E-07
 0.640000E+02  0.306074193767714E-10  0.306074193767714E-10  0.000000000000000E+00
 0.680000E+02  0.000000000000000E+00  0.000000000000000E+00  0.000000000000000E+00
 0.720000E+02  0.000000000000000E+00  0.000000000000000E+00  0.000000000000000E+00
 0.760000E+02  0.000000000000000E+00  0.000000000000000E+00  0.000000000000000E+00
 0.800000E+02  0.000000000000000E+00  0.000000000000000E+00  0.000000000000000E+00
 0.840000E+02  0.000000000000000E+00  0.000000000000000E+00  0.000000000000000E+00
 0.880000E+02  0.000000000000000E+00  0.000000000000000E+00  0.000000000000000E+00
 0.920000E+02  0.000000000000000E+00  0.000000000000000E+00  0.000000000000000E+00
 0.960000E+02  0.000000000000000E+00  0.000000000000000E+00  0.000000000000000E+00
