 0.000000E+00  0.170569667117305E-02  0.000000000000000E+00  0.000000000000000E+00
 0.100000E+01  0.403759095765841E-01  0.393866192898713E-01  0.722310495348211E-03
 0.200000E+01  0.725769283921381E-01  0.693294056109153E-01  0.128759585641092E-02
 0.300000E+01  0.738446668611063E-01  0.680045323097147E-01  0.966901327956293E-03
 0.400000E+01  0.174322081336648E-01  0.144372204958927E-01  0.827503247364803E-03
 0.500000E+01  0.348505168386109E-02  0.229650587903052E-02  0.589291212747867E-03
 0.600000E+01  0.724311640143829E-03  0.316660044632044E-03  0.272295606777107E-03
 0.700000E+01  0.465196862368302E-03  0.160368578619341E-03  0.155970280566464E-03
 0.800000E+01  0.317644217403674E-03  0.800784548005140E-04  0.144253009935369E-03
 0.900000E+01  0.160172865974250E-03  0.308728555653559E-04  0.812050507192907E-04
 0.100000E+02  0.103957652145586E-03  0.116931877514048E-04  0.561752303553931E-04
 0.110000E+02  0.499277804592051E-04  0.524527450718182E-05  0.238215517285312E-04
 0.120000E+02  0.422466197356776E-04  0.286125536328157E-05  0.191132132614236E-04
 0.130000E+02  0.340077179838939E-04  0.139486212658024E-05  0.150135956116237E-04
 0.140000E+02  0.191442919761552E-04  0.583109590480968E-06  0.711200136294110E-05
 0.150000E+02  0.172474321418465E-04  0.420967149930562E-06  0.520011691218514E-05
 0.160000E+02  0.149505694506370E-04  0.222841248060171E-06  0.491293920112934E-05
 0.170000E+02  0.121216707821212E-04  0.136267563765821E-06  0.347382892007531E-05
 0.180000E+02  0.796155214630408E-05  0.851893719629182E-07  0.206055206076333E-05
 0.190000E+02  0.660921457062943E-05  0.554284598636157E-07  0.164976065458733E-05
 0.200000E+02  0.495963291823990E-05  0.330720188220900E-07  0.109916371852231E-05
 0.210000E+02  0.443160227384968E-05  0.289889295586928E-07  0.880595570983134E-06
 0.220000E+02  0.305452570794076E-05  0.225395925565301E-07  0.594270529757912E-06
 0.230000E+02  0.238238302072694E-05  0.158718735289052E-07  0.519620106755048E-06
 0.240000E+02  0.194759753441093E-05  0.103708982417610E-07  0.418560472458776E-06
 0.250000E+02  0.163079034302027E-05  0.920754320747796E-08  0.343430789452592E-06
 0.260000E+02  0.136899796300141E-05  0.661708337735688E-08  0.272275826000657E-06
 0.270000E+02  0.961922692948673E-06  0.425728181986738E-08  0.193207029061324E-06
 0.280000E+02  0.755789950845034E-06  0.278737528786483E-08  0.149894298314725E-06
 0.290000E+02  0.664620416295824E-06  0.236291649667039E-08  0.118452144604649E-06
 0.300000E+02  0.495616576312533E-06  0.144728939516418E-08  0.859337808268960E-07
 0.310000E+02  0.416062649964249E-06  0.954337383632579E-09  0.709300709081248E-07
 0.320000E+02  0.312376901748417E-06  0.613736592764142E-09  0.522766378675127E-07
 0.330000E+02  0.249703816788670E-06  0.418088288275169E-09  0.407165438439869E-07
 0.340000E+02  0.212379251998035E-06  0.253449454426648E-09  0.330842556263249E-07
 0.350000E+02  0.151774614515817E-06  0.160199631039178E-09  0.239260388003662E-07
 0.360000E+02  0.130581633619017E-06  0.126386413712181E-09  0.200388061412328E-07
 0.370000E+02  0.985417807029724E-07  0.861738280553168E-10  0.142944619658549E-07
 0.380000E+02  0.868561093534242E-07  0.753229276040008E-10  0.120009994595069E-07
 0.390000E+02  0.658062723662768E-07  0.599038324001693E-10  0.874826650091578E-08
 0.400000E+02  0.486815288409048E-07  0.488953827764576E-10  0.599870096380361E-08
 0.410000E+02  0.426988449399526E-07  0.479878414391349E-10  0.465833515977867E-08
 0.420000E+02  0.334706842702783E-07  0.402288751366523E-10  0.367564983632448E-08
 0.430000E+02  0.269795496553242E-07  0.344907340332889E-10  0.277364905248282E-08
 0.440000E+02  0.206381666091961E-07  0.279150514314118E-10  0.201102842178866E-08
 0.450000E+02  0.160439244547169E-07  0.231141854115396E-10  0.151672977981995E-08
 0.460000E+02  0.137066950994843E-07  0.185697397278340E-10  0.134128814947183E-08
 0.470000E+02  0.107977948229759E-07  0.141722243046770E-10  0.109496883842904E-08
 0.480000E+02  0.873049554908651E-08  0.110619110781429E-10  0.846057381694329E-09
 0.490000E+02  0.670519820061304E-08  0.793442598358243E-11  0.674670872327540E-09
 0.500000E+02  0.584450301044846E-08  0.627233549890693E-11  0.595232740277898E-09
 0.510000E+02  0.447712909752056E-08  0.409573342089954E-11  0.401343722968380E-09
 0.520000E+02  0.338547827778096E-08  0.274752795473615E-11  0.314313864873641E-09
 0.530000E+02  0.294409780535517E-08  0.218018957299066E-11  0.267802767805253E-09
 0.540000E+02  0.229176561662233E-08  0.158364440557924E-11  0.203121112848513E-09
 0.550000E+02  0.202800812721575E-08  0.120278983367401E-11  0.152863736240635E-09
 0.560000E+02  0.143987228585702E-08  0.699611245396438E-12  0.117880073292983E-09
 0.570000E+02  0.133974560349542E-08  0.671447340137467E-12  0.100002959386986E-09
 0.580000E+02  0.107435992288876E-08  0.753525658118347E-12  0.833603495353690E-10
 0.590000E+02  0.851444582214871E-09  0.591428853584484E-12  0.661919885936727E-10
 0.600000E+02  0.615445939398015E-09  0.368717264381422E-12  0.418135239260799E-10
 0.610000E+02  0.660957976280519E-09  0.328072556851615E-12  0.459423995826517E-10
 0.620000E+02  0.775612363272897E-09  0.549152585782068E-12  0.703886223161432E-10
 0.630000E+02  0.433680447419538E-09  0.915120625797439E-12  0.913359859997582E-10
 0.640000E+02  0.729767538889385E-12  0.377920476994725E-14  0.725988334119437E-12
 0.650000E+02  0.000000000000000E+00  0.000000000000000E+00  0.000000000000000E+00
 0.660000E+02  0.000000000000000E+00  0.000000000000000E+00  0.000000000000000E+00
 0.670000E+02  0.000000000000000E+00  0.000000000000000E+00  0.000000000000000E+00
 0.680000E+02  0.000000000000000E+00  0.000000000000000E+00  0.000000000000000E+00
 0.690000E+02  0.000000000000000E+00  0.000000000000000E+00  0.000000000000000E+00
 0.700000E+02  0.000000000000000E+00  0.000000000000000E+00  0.000000000000000E+00
 0.710000E+02  0.000000000000000E+00  0.000000000000000E+00  0.000000000000000E+00
 0.720000E+02  0.000000000000000E+00  0.000000000000000E+00  0.000000000000000E+00
 0.730000E+02  0.000000000000000E+00  0.000000000000000E+00  0.000000000000000E+00
 0.740000E+02  0.000000000000000E+00  0.000000000000000E+00  0.000000000000000E+00
 0.750000E+02  0.000000000000000E+00  0.000000000000000E+00  0.000000000000000E+00
 0.760000E+02  0.000000000000000E+00  0.000000000000000E+00  0.000000000000000E+00
 0.770000E+02  0.000000000000000E+00  0.000000000000000E+00  0.000000000000000E+00
 0.780000E+02  0.000000000000000E+00  0.000000000000000E+00  0.000000000000000E+00
 0.790000E+02  0.000000000000000E+00  0.000000000000000E+00  0.000000000000000E+00
 0.800000E+02  0.000000000000000E+00  0.000000000000000E+00  0.000000000000000E+00
 0.810000E+02  0.000000000000000E+00  0.000000000000000E+00  0.000000000000000E+00
 0.820000E+02  0.000000000000000E+00  0.000000000000000E+00  0.000000000000000E+00
 0.830000E+02  0.000000000000000E+00  0.000000000000000E+00  0.000000000000000E+00
 0.840000E+02  0.000000000000000E+00  0.000000000000000E+00  0.000000000000000E+00
 0.850000E+02  0.000000000000000E+00  0.000000000000000E+00  0.000000000000000E+00
 0.860000E+02  0.000000000000000E+00  0.000000000000000E+00  0.000000000000000E+00
 0.870000E+02  0.000000000000000E+00  0.000000000000000E+00  0.000000000000000E+00
 0.880000E+02  0.000000000000000E+00  0.000000000000000E+00  0.000000000000000E+00
 0.890000E+02  0.000000000000000E+00  0.000000000000000E+00  0.000000000000000E+00
 0.900000E+02  0.000000000000000E+00  0.000000000000000E+00  0.000000000000000E+00
 0.910000E+02  0.000000000000000E+00  0.000000000000000E+00  0.000000000000000E+00
 0.920000E+02  0.000000000000000E+00  0.000000000000000E+00  0.000000000000000E+00
 0.930000E+02  0.000000000000000E+00  0.000000000000000E+00  0.000000000000000E+00
 0.940000E+02  0.000000000000000E+00  0.000000000000000E+00  0.000000000000000E+00
 0.950000E+02  0.000000000000000E+00  0.000000000000000E+00  0.000000000000000E+00
 0.960000E+02  0.000000000000000E+00  0.000000000000000E+00  0.000000000000000E+00
