 0.000000E+00  0.594234901119129E-01  0.000000000000000E+00  0.000000000000000E+00
 0.100000E+01  0.101121076007873E+00  0.186515103559941E-01  0.217581805191003E-02
 0.200000E+01  0.671391411374368E-01  0.257317334180698E-01  0.292124068801058E-02
 0.300000E+01  0.333807538214372E-01  0.142659400444245E-01  0.153615662975426E-02
 0.400000E+01  0.788697458708169E-02  0.188587188688416E-02  0.578127963649422E-03
 0.500000E+01  0.381900827723747E-02  0.304856460985548E-03  0.266291265283769E-03
 0.600000E+01  0.150671735408784E-02  0.114536472096916E-03  0.170928609257714E-03
 0.700000E+01  0.870974528130465E-03  0.375657868261214E-04  0.720816756505371E-04
 0.800000E+01  0.550972492796663E-03  0.304783674138775E-04  0.302713759712248E-04
 0.900000E+01  0.306594358951873E-03  0.161509036548102E-04  0.271977248971211E-04
 0.100000E+02  0.221603579385789E-03  0.135246183745608E-04  0.159618007056217E-04
 0.110000E+02  0.131298847078002E-03  0.436002748993580E-05  0.108548664297103E-04
 0.120000E+02  0.107913975371110E-03  0.535372684318247E-05  0.728269134220305E-05
 0.130000E+02  0.800425603815517E-04  0.381723348552576E-05  0.638436142602616E-05
 0.140000E+02  0.515597940635093E-04  0.175841937424814E-05  0.397220073100613E-05
 0.150000E+02  0.381515718297661E-04  0.137586915094356E-05  0.275395202387063E-05
 0.160000E+02  0.273165942226657E-04  0.977414816721867E-06  0.212033361046693E-05
 0.170000E+02  0.231907015149978E-04  0.756775647523834E-06  0.181718624761573E-05
 0.180000E+02  0.168710761685751E-04  0.538800992572197E-06  0.117449593470091E-05
 0.190000E+02  0.113797591383797E-04  0.365212357800182E-06  0.816979704110210E-06
 0.200000E+02  0.836432772706133E-05  0.256891152315697E-06  0.480891060972155E-06
 0.210000E+02  0.730641218248088E-05  0.226757851364001E-06  0.521356122357153E-06
 0.220000E+02  0.473169705206133E-05  0.139640098479991E-06  0.282958911180381E-06
 0.230000E+02  0.377039657312511E-05  0.976013667143560E-07  0.205723852793327E-06
 0.240000E+02  0.290614830718398E-05  0.790336421775824E-07  0.230389080537255E-06
 0.250000E+02  0.244340530116733E-05  0.598312682609931E-07  0.170499761993799E-06
 0.260000E+02  0.180590225101820E-05  0.364983470375613E-07  0.110632299828162E-06
 0.270000E+02  0.130455515636619E-05  0.235004807679767E-07  0.938289651990568E-07
 0.280000E+02  0.988638812567544E-06  0.174516828631462E-07  0.623557849899030E-07
 0.290000E+02  0.914927064476426E-06  0.144381214927563E-07  0.567338868091936E-07
 0.300000E+02  0.671481551562479E-06  0.100891189958963E-07  0.415927389565453E-07
 0.310000E+02  0.603482024834629E-06  0.918792406837555E-08  0.376868115599728E-07
 0.320000E+02  0.425663675542199E-06  0.692801011502840E-08  0.288769476246590E-07
 0.330000E+02  0.351825291267774E-06  0.592163008287638E-08  0.195175215768903E-07
 0.340000E+02  0.306495433009570E-06  0.468445746375137E-08  0.189829555372902E-07
 0.350000E+02  0.216750733029334E-06  0.327477625033510E-08  0.126935956549492E-07
 0.360000E+02  0.186337732290286E-06  0.271261199611593E-08  0.110921814351031E-07
 0.370000E+02  0.150637617881912E-06  0.207075729163520E-08  0.819774868219278E-08
 0.380000E+02  0.130573859346261E-06  0.193145983204112E-08  0.759521945011866E-08
 0.390000E+02  0.100630427325194E-06  0.129717585449691E-08  0.741599591200866E-08
 0.400000E+02  0.747482096704730E-07  0.863472256681388E-09  0.447929398944108E-08
 0.410000E+02  0.737351978734287E-07  0.827743909120892E-09  0.479083982501671E-08
 0.420000E+02  0.556268639945797E-07  0.629647788826659E-09  0.346752995070078E-08
 0.430000E+02  0.489021919239116E-07  0.514361932781467E-09  0.294425025745631E-08
 0.440000E+02  0.364538837761859E-07  0.381456346547961E-09  0.211396280217830E-08
 0.450000E+02  0.312916726575130E-07  0.292131773203186E-09  0.184698751417442E-08
 0.460000E+02  0.267060672361041E-07  0.244293566551608E-09  0.131741302333052E-08
 0.470000E+02  0.217218756261540E-07  0.165467717673336E-09  0.120039990242758E-08
 0.480000E+02  0.187639365648622E-07  0.152018935513188E-09  0.107134705097382E-08
 0.490000E+02  0.159286670267418E-07  0.114238869085013E-09  0.878491671094328E-09
 0.500000E+02  0.132052148868792E-07  0.958822493456399E-10  0.787528765050033E-09
 0.510000E+02  0.108353898582103E-07  0.766056176178267E-10  0.682246864157013E-09
 0.520000E+02  0.891534811734935E-08  0.724539174770555E-10  0.588255606976931E-09
 0.530000E+02  0.761596459001687E-08  0.559525519361134E-10  0.490986840557754E-09
 0.540000E+02  0.601244192003431E-08  0.410669008464804E-10  0.371709999912020E-09
 0.550000E+02  0.618089337275720E-08  0.405031735751336E-10  0.398002133610324E-09
 0.560000E+02  0.451078868044507E-08  0.365871966971436E-10  0.316841096949506E-09
 0.570000E+02  0.408860183782193E-08  0.338849222323618E-10  0.303283535372224E-09
 0.580000E+02  0.326948602425705E-08  0.324860274018063E-10  0.231664797196173E-09
 0.590000E+02  0.282506643502604E-08  0.279127499740528E-10  0.217918371623003E-09
 0.600000E+02  0.278201705081031E-08  0.197608863510610E-10  0.182349412341399E-09
 0.610000E+02  0.253972605241468E-08  0.242502938181148E-10  0.223294994115582E-09
 0.620000E+02  0.254413404365872E-08  0.606119964612734E-10  0.375114080193233E-09
 0.630000E+02  0.205917913335041E-08  0.638125020716387E-10  0.488448804269001E-09
 0.640000E+02  0.506427553256462E-12  0.876415323760514E-14  0.497663400018857E-12
 0.650000E+02  0.000000000000000E+00  0.000000000000000E+00  0.000000000000000E+00
 0.660000E+02  0.000000000000000E+00  0.000000000000000E+00  0.000000000000000E+00
 0.670000E+02  0.000000000000000E+00  0.000000000000000E+00  0.000000000000000E+00
 0.680000E+02  0.000000000000000E+00  0.000000000000000E+00  0.000000000000000E+00
 0.690000E+02  0.000000000000000E+00  0.000000000000000E+00  0.000000000000000E+00
 0.700000E+02  0.000000000000000E+00  0.000000000000000E+00  0.000000000000000E+00
 0.710000E+02  0.000000000000000E+00  0.000000000000000E+00  0.000000000000000E+00
 0.720000E+02  0.000000000000000E+00  0.000000000000000E+00  0.000000000000000E+00
 0.730000E+02  0.000000000000000E+00  0.000000000000000E+00  0.000000000000000E+00
 0.740000E+02  0.000000000000000E+00  0.000000000000000E+00  0.000000000000000E+00
 0.750000E+02  0.000000000000000E+00  0.000000000000000E+00  0.000000000000000E+00
 0.760000E+02  0.000000000000000E+00  0.000000000000000E+00  0.000000000000000E+00
 0.770000E+02  0.000000000000000E+00  0.000000000000000E+00  0.000000000000000E+00
 0.780000E+02  0.000000000000000E+00  0.000000000000000E+00  0.000000000000000E+00
 0.790000E+02  0.000000000000000E+00  0.000000000000000E+00  0.000000000000000E+00
 0.800000E+02  0.000000000000000E+00  0.000000000000000E+00  0.000000000000000E+00
 0.810000E+02  0.000000000000000E+00  0.000000000000000E+00  0.000000000000000E+00
 0.820000E+02  0.000000000000000E+00  0.000000000000000E+00  0.000000000000000E+00
 0.830000E+02  0.000000000000000E+00  0.000000000000000E+00  0.000000000000000E+00
 0.840000E+02  0.000000000000000E+00  0.000000000000000E+00  0.000000000000000E+00
 0.850000E+02  0.000000000000000E+00  0.000000000000000E+00  0.000000000000000E+00
 0.860000E+02  0.000000000000000E+00  0.000000000000000E+00  0.000000000000000E+00
 0.870000E+02  0.000000000000000E+00  0.000000000000000E+00  0.000000000000000E+00
 0.880000E+02  0.000000000000000E+00  0.000000000000000E+00  0.000000000000000E+00
 0.890000E+02  0.000000000000000E+00  0.000000000000000E+00  0.000000000000000E+00
 0.900000E+02  0.000000000000000E+00  0.000000000000000E+00  0.000000000000000E+00
 0.910000E+02  0.000000000000000E+00  0.000000000000000E+00  0.000000000000000E+00
 0.920000E+02  0.000000000000000E+00  0.000000000000000E+00  0.000000000000000E+00
 0.930000E+02  0.000000000000000E+00  0.000000000000000E+00  0.000000000000000E+00
 0.940000E+02  0.000000000000000E+00  0.000000000000000E+00  0.000000000000000E+00
 0.950000E+02  0.000000000000000E+00  0.000000000000000E+00  0.000000000000000E+00
 0.960000E+02  0.000000000000000E+00  0.000000000000000E+00  0.000000000000000E+00
