 0.000000E+00  0.588560655290474E-02  0.000000000000000E+00  0.000000000000000E+00
 0.100000E+01  0.198283360647241E+00  0.191112117026933E+00  0.459541981399525E-03
 0.200000E+01  0.695587803381795E-01  0.486729761469178E-01  0.222069355686472E-02
 0.300000E+01  0.507547964625193E-01  0.431822442624252E-01  0.151550241662335E-02
 0.400000E+01  0.196820240532928E-01  0.122835581132676E-01  0.103366843450203E-02
 0.500000E+01  0.967348658372923E-02  0.516602984157544E-02  0.487219623124702E-03
 0.600000E+01  0.324298992635106E-02  0.935842513399621E-03  0.316325897358638E-03
 0.700000E+01  0.216228809577371E-02  0.775874467706217E-03  0.214177540698302E-03
 0.800000E+01  0.125697639406544E-02  0.328440276291531E-03  0.168187575638967E-03
 0.900000E+01  0.663258092658479E-03  0.131176137074362E-03  0.122089683904036E-03
 0.100000E+02  0.562920736285189E-03  0.133006923536350E-03  0.897004200144380E-04
 0.110000E+02  0.345944038738894E-03  0.490661733643094E-04  0.626369143876815E-04
 0.120000E+02  0.268617863705625E-03  0.302102006477512E-04  0.668957453555663E-04
 0.130000E+02  0.205899801255781E-03  0.187088320338091E-04  0.365537558213447E-04
 0.140000E+02  0.147804809865691E-03  0.173185754652749E-04  0.288817841962441E-04
 0.150000E+02  0.107351406159860E-03  0.909516490099627E-05  0.211498468063454E-04
 0.160000E+02  0.771567447975056E-04  0.557830619207778E-05  0.136870109841425E-04
 0.170000E+02  0.711038271054149E-04  0.466351992378655E-05  0.122927459296207E-04
 0.180000E+02  0.525650328420263E-04  0.360020252890281E-05  0.999452840844128E-05
 0.190000E+02  0.397996251402069E-04  0.191655803815499E-05  0.656173405788607E-05
 0.200000E+02  0.302745562516699E-04  0.160912476045161E-05  0.536136560769229E-05
 0.210000E+02  0.298181362801253E-04  0.124562744904105E-05  0.536004282805647E-05
 0.220000E+02  0.185592745343616E-04  0.757946749325306E-06  0.325436923580280E-05
 0.230000E+02  0.160435831079477E-04  0.492466660964586E-06  0.319970481427179E-05
 0.240000E+02  0.154389621498943E-04  0.464447816019009E-06  0.312821480831504E-05
 0.250000E+02  0.126628325522837E-04  0.396658788891224E-06  0.181059963778873E-05
 0.260000E+02  0.107399302315743E-04  0.241463073383241E-06  0.187323954531013E-05
 0.270000E+02  0.757425061954656E-05  0.179479902757615E-06  0.135813067247970E-05
 0.280000E+02  0.582288153819365E-05  0.128533387619076E-06  0.898079219928405E-06
 0.290000E+02  0.549275679564267E-05  0.112684397746837E-06  0.796868857544028E-06
 0.300000E+02  0.379882290307734E-05  0.768267521501428E-07  0.584971497810671E-06
 0.310000E+02  0.342751838853526E-05  0.663143657188498E-07  0.509265101249212E-06
 0.320000E+02  0.233079198191984E-05  0.453632107511384E-07  0.309071151243737E-06
 0.330000E+02  0.207280862571290E-05  0.333855295980238E-07  0.333239155308335E-06
 0.340000E+02  0.163017579623212E-05  0.285642698641311E-07  0.230101411776915E-06
 0.350000E+02  0.115008559580175E-05  0.153123861393279E-07  0.158941118454103E-06
 0.360000E+02  0.111338431298432E-05  0.159555631796550E-07  0.139500779691498E-06
 0.370000E+02  0.805605659425080E-06  0.966201411603139E-08  0.859660443039423E-07
 0.380000E+02  0.714256337837979E-06  0.841430909887322E-08  0.806002205153925E-07
 0.390000E+02  0.532729586570045E-06  0.543337831662233E-08  0.532584173703688E-07
 0.400000E+02  0.414195384564889E-06  0.414073838325008E-08  0.507276141133574E-07
 0.410000E+02  0.375555188727131E-06  0.416565765340898E-08  0.464222120790542E-07
 0.420000E+02  0.292366031993926E-06  0.238482393618981E-08  0.323104642318943E-07
 0.430000E+02  0.242681526624811E-06  0.235172750033144E-08  0.238690749439438E-07
 0.440000E+02  0.191371665921024E-06  0.142691216575408E-08  0.195145915140682E-07
 0.450000E+02  0.151113888953740E-06  0.110569027965658E-08  0.151219228070748E-07
 0.460000E+02  0.134528481337304E-06  0.988662181058614E-09  0.142071726694313E-07
 0.470000E+02  0.102131471792774E-06  0.722386701485948E-09  0.108399103587939E-07
 0.480000E+02  0.899880685335101E-07  0.666812726780681E-09  0.966204562789827E-08
 0.490000E+02  0.693485904883650E-07  0.408862444743744E-09  0.771470040083241E-08
 0.500000E+02  0.599324155548148E-07  0.384184046843719E-09  0.663035705564241E-08
 0.510000E+02  0.459362487706896E-07  0.258015201708617E-09  0.501802742025224E-08
 0.520000E+02  0.368091162885857E-07  0.190793940091344E-09  0.390892740265571E-08
 0.530000E+02  0.301853433856553E-07  0.193791262236468E-09  0.282228572167530E-08
 0.540000E+02  0.239262316596141E-07  0.118136165754122E-09  0.213801099022977E-08
 0.550000E+02  0.227737208391254E-07  0.126917536754166E-09  0.212206965187641E-08
 0.560000E+02  0.159879565517906E-07  0.703334026613216E-10  0.148277253583101E-08
 0.570000E+02  0.137007588478024E-07  0.584633390319235E-10  0.129421999615922E-08
 0.580000E+02  0.112432843726805E-07  0.503068890524009E-10  0.114082403580381E-08
 0.590000E+02  0.100295972862494E-07  0.464924360308400E-10  0.921955410022798E-09
 0.600000E+02  0.892842933867500E-08  0.349062176338163E-10  0.621425864820370E-09
 0.610000E+02  0.796902391308215E-08  0.313169486267575E-10  0.712535867236478E-09
 0.620000E+02  0.663019130982214E-08  0.447162470517176E-10  0.694344648193309E-09
 0.630000E+02  0.491910975568168E-08  0.471139103958838E-10  0.127360754894593E-08
 0.640000E+02  0.111614312521485E-10  0.100568522947716E-12  0.110608627292008E-10
 0.650000E+02  0.000000000000000E+00  0.000000000000000E+00  0.000000000000000E+00
 0.660000E+02  0.000000000000000E+00  0.000000000000000E+00  0.000000000000000E+00
 0.670000E+02  0.000000000000000E+00  0.000000000000000E+00  0.000000000000000E+00
 0.680000E+02  0.000000000000000E+00  0.000000000000000E+00  0.000000000000000E+00
 0.690000E+02  0.000000000000000E+00  0.000000000000000E+00  0.000000000000000E+00
 0.700000E+02  0.000000000000000E+00  0.000000000000000E+00  0.000000000000000E+00
 0.710000E+02  0.000000000000000E+00  0.000000000000000E+00  0.000000000000000E+00
 0.720000E+02  0.000000000000000E+00  0.000000000000000E+00  0.000000000000000E+00
 0.730000E+02  0.000000000000000E+00  0.000000000000000E+00  0.000000000000000E+00
 0.740000E+02  0.000000000000000E+00  0.000000000000000E+00  0.000000000000000E+00
 0.750000E+02  0.000000000000000E+00  0.000000000000000E+00  0.000000000000000E+00
 0.760000E+02  0.000000000000000E+00  0.000000000000000E+00  0.000000000000000E+00
 0.770000E+02  0.000000000000000E+00  0.000000000000000E+00  0.000000000000000E+00
 0.780000E+02  0.000000000000000E+00  0.000000000000000E+00  0.000000000000000E+00
 0.790000E+02  0.000000000000000E+00  0.000000000000000E+00  0.000000000000000E+00
 0.800000E+02  0.000000000000000E+00  0.000000000000000E+00  0.000000000000000E+00
 0.810000E+02  0.000000000000000E+00  0.000000000000000E+00  0.000000000000000E+00
 0.820000E+02  0.000000000000000E+00  0.000000000000000E+00  0.000000000000000E+00
 0.830000E+02  0.000000000000000E+00  0.000000000000000E+00  0.000000000000000E+00
 0.840000E+02  0.000000000000000E+00  0.000000000000000E+00  0.000000000000000E+00
 0.850000E+02  0.000000000000000E+00  0.000000000000000E+00  0.000000000000000E+00
 0.860000E+02  0.000000000000000E+00  0.000000000000000E+00  0.000000000000000E+00
 0.870000E+02  0.000000000000000E+00  0.000000000000000E+00  0.000000000000000E+00
 0.880000E+02  0.000000000000000E+00  0.000000000000000E+00  0.000000000000000E+00
 0.890000E+02  0.000000000000000E+00  0.000000000000000E+00  0.000000000000000E+00
 0.900000E+02  0.000000000000000E+00  0.000000000000000E+00  0.000000000000000E+00
 0.910000E+02  0.000000000000000E+00  0.000000000000000E+00  0.000000000000000E+00
 0.920000E+02  0.000000000000000E+00  0.000000000000000E+00  0.000000000000000E+00
 0.930000E+02  0.000000000000000E+00  0.000000000000000E+00  0.000000000000000E+00
 0.940000E+02  0.000000000000000E+00  0.000000000000000E+00  0.000000000000000E+00
 0.950000E+02  0.000000000000000E+00  0.000000000000000E+00  0.000000000000000E+00
 0.960000E+02  0.000000000000000E+00  0.000000000000000E+00  0.000000000000000E+00
