 0.000000E+00  0.588477351856740E-01  0.570017720483968E-01  0.184596313727713E-02
 0.400000E+01  0.420601858480650E-02  0.402075484709958E-02  0.185263737706904E-03
 0.800000E+01  0.245495447542470E-03  0.221662952411545E-03  0.238324951309231E-04
 0.120000E+02  0.222965302419028E-04  0.174440481574002E-04  0.485248208450258E-05
 0.160000E+02  0.363231200277161E-05  0.240908811678029E-05  0.122322388599132E-05
 0.200000E+02  0.845106720609793E-06  0.503571245902960E-06  0.341535474706833E-06
 0.240000E+02  0.222563759079307E-06  0.125263878958229E-06  0.972998801210776E-07
 0.280000E+02  0.607453711744204E-07  0.332042749227630E-07  0.275410962516574E-07
 0.320000E+02  0.169959567226608E-07  0.916564818225090E-08  0.783030854040987E-08
 0.360000E+02  0.488319254975489E-08  0.263821641105586E-08  0.224497613869903E-08
 0.400000E+02  0.140411209208399E-08  0.775323498030201E-09  0.628788594053788E-09
 0.440000E+02  0.350706181182189E-09  0.206528902310941E-09  0.144177278871249E-09
 0.480000E+02  0.476362917751900E-10  0.322308269542584E-10  0.154054648209316E-10
 0.520000E+02  0.487445997976662E-11  0.364139154021842E-11  0.123306843954819E-11
 0.560000E+02  0.353897284487185E-12  0.291420777903018E-12  0.624765065841671E-13
 0.600000E+02  0.538552790398590E-14  0.499367338763158E-14  0.391854516354315E-15
 0.640000E+02  0.309520542062109E-18  0.309520542062109E-18  0.000000000000000E+00
 0.680000E+02  0.000000000000000E+00  0.000000000000000E+00  0.000000000000000E+00
 0.720000E+02  0.000000000000000E+00  0.000000000000000E+00  0.000000000000000E+00
 0.760000E+02  0.000000000000000E+00  0.000000000000000E+00  0.000000000000000E+00
 0.800000E+02  0.000000000000000E+00  0.000000000000000E+00  0.000000000000000E+00
 0.840000E+02  0.000000000000000E+00  0.000000000000000E+00  0.000000000000000E+00
 0.880000E+02  0.000000000000000E+00  0.000000000000000E+00  0.000000000000000E+00
 0.920000E+02  0.000000000000000E+00  0.000000000000000E+00  0.000000000000000E+00
 0.960000E+02  0.000000000000000E+00  0.000000000000000E+00  0.000000000000000E+00
