 0.000000E+00  0.887311632775236E-01  0.000000000000000E+00  0.000000000000000E+00
 0.100000E+01  0.946910227771175E-01  0.205615489976481E-01  0.308902336109895E-02
 0.200000E+01  0.847225341438209E-01  0.240058526396751E-01  0.172825693880441E-02
 0.300000E+01  0.373484558832426E-01  0.140789049037267E-01  0.208837320042221E-02
 0.400000E+01  0.115027343268362E-01  0.279231195327156E-02  0.360512607244345E-03
 0.500000E+01  0.465370158945092E-02  0.272438859180824E-03  0.281708117910284E-03
 0.600000E+01  0.148714809803605E-02  0.926554700697579E-04  0.954329297826462E-04
 0.700000E+01  0.941741189435800E-03  0.561122366526945E-04  0.545452425271264E-04
 0.800000E+01  0.542744507401252E-03  0.238565197676621E-04  0.304755360893694E-04
 0.900000E+01  0.296937292041035E-03  0.150455911565039E-04  0.245082208110148E-04
 0.100000E+02  0.238357493919544E-03  0.100907792317528E-04  0.178301347921739E-04
 0.110000E+02  0.131859737954182E-03  0.632925472565660E-05  0.101269952534899E-04
 0.120000E+02  0.115620004280575E-03  0.401933989513381E-05  0.826003291543032E-05
 0.130000E+02  0.821454671321290E-04  0.289192594299381E-05  0.533281731396329E-05
 0.140000E+02  0.509252127055727E-04  0.161119827085665E-05  0.363011354165277E-05
 0.150000E+02  0.389552054149851E-04  0.116943465804098E-05  0.324417446240233E-05
 0.160000E+02  0.260630381421777E-04  0.682303014670760E-06  0.200382968723600E-05
 0.170000E+02  0.242740771305768E-04  0.508253321006291E-06  0.161675080775914E-05
 0.180000E+02  0.168830796838008E-04  0.427490394250274E-06  0.109115994623155E-05
 0.190000E+02  0.124384222995553E-04  0.277153493571936E-06  0.946671142712519E-06
 0.200000E+02  0.919841275767864E-05  0.212522862474973E-06  0.862133515855401E-06
 0.210000E+02  0.778073038084916E-05  0.113401099744934E-06  0.499452887769980E-06
 0.220000E+02  0.540130382816782E-05  0.840480488956130E-07  0.297767543715882E-06
 0.230000E+02  0.406611911923548E-05  0.810420776071064E-07  0.293942021692591E-06
 0.240000E+02  0.350650603065598E-05  0.584777332989840E-07  0.273785380842245E-06
 0.250000E+02  0.283742719726461E-05  0.342584786402859E-07  0.200746881357655E-06
 0.260000E+02  0.228063702236554E-05  0.385309719937513E-07  0.135410725349630E-06
 0.270000E+02  0.158250782043715E-05  0.186874175502495E-07  0.908524679862910E-07
 0.280000E+02  0.130751632849996E-05  0.142224309158121E-07  0.777931444210372E-07
 0.290000E+02  0.121810669702069E-05  0.135380228839636E-07  0.649510652003132E-07
 0.300000E+02  0.887608824651007E-06  0.953808371773914E-08  0.592034642902910E-07
 0.310000E+02  0.778276723140729E-06  0.797148456377589E-08  0.460022269838621E-07
 0.320000E+02  0.555405316893160E-06  0.499207608876864E-08  0.291203557899189E-07
 0.330000E+02  0.497156423911986E-06  0.432000120193703E-08  0.283765019019281E-07
 0.340000E+02  0.405414658607699E-06  0.342096356217382E-08  0.210350814306044E-07
 0.350000E+02  0.293510952804185E-06  0.240791072016633E-08  0.152449659753667E-07
 0.360000E+02  0.287991643787601E-06  0.215890262061633E-08  0.148587055436326E-07
 0.370000E+02  0.211415915800492E-06  0.168403675037720E-08  0.118360287030368E-07
 0.380000E+02  0.199754925661451E-06  0.133922026576407E-08  0.101764831553957E-07
 0.390000E+02  0.144553557733404E-06  0.117963567070527E-08  0.556451148792328E-08
 0.400000E+02  0.114621685936294E-06  0.757808391460834E-09  0.548564928465318E-08
 0.410000E+02  0.116886430046480E-06  0.858956634254083E-09  0.500777699196557E-08
 0.420000E+02  0.843459010249336E-07  0.544709605844245E-09  0.447510732008542E-08
 0.430000E+02  0.770235659302162E-07  0.595793763013980E-09  0.305624582101084E-08
 0.440000E+02  0.565260793440745E-07  0.337832037084683E-09  0.231727942101567E-08
 0.450000E+02  0.466598453212613E-07  0.333931271452218E-09  0.200122988703265E-08
 0.460000E+02  0.423518876502988E-07  0.256919687619571E-09  0.175372466373585E-08
 0.470000E+02  0.309273141832824E-07  0.186682331918951E-09  0.125394737404320E-08
 0.480000E+02  0.289686904423924E-07  0.209076551800047E-09  0.118403328841226E-08
 0.490000E+02  0.218617137975203E-07  0.132211094007226E-09  0.901861954676583E-09
 0.500000E+02  0.191046600679536E-07  0.106766297017172E-09  0.759360583441399E-09
 0.510000E+02  0.144343537136534E-07  0.939558399912410E-10  0.516216695618812E-09
 0.520000E+02  0.114440394884914E-07  0.769442740126339E-10  0.434474407031030E-09
 0.530000E+02  0.103393367865316E-07  0.882865214786653E-10  0.470764638355021E-09
 0.540000E+02  0.732319618453484E-08  0.575506667383532E-10  0.292472376689559E-09
 0.550000E+02  0.710800191656687E-08  0.716554564018874E-10  0.325540874087733E-09
 0.560000E+02  0.496308041050246E-08  0.480090544663305E-10  0.234533519915839E-09
 0.570000E+02  0.424704087605967E-08  0.460379197772231E-10  0.229108416863602E-09
 0.580000E+02  0.350234355776499E-08  0.441157479185687E-10  0.187943283729786E-09
 0.590000E+02  0.267480529251957E-08  0.348626387452847E-10  0.172804841454853E-09
 0.600000E+02  0.243461740707397E-08  0.348950643748775E-10  0.147122989953479E-09
 0.610000E+02  0.202315719159453E-08  0.287698819514857E-10  0.168719927665944E-09
 0.620000E+02  0.196877792364808E-08  0.417628247210719E-10  0.210821359172132E-09
 0.630000E+02  0.160590516735557E-08  0.549734948171040E-10  0.388924293611563E-09
 0.640000E+02  0.491140318654515E-11  0.682977335981789E-12  0.422842585056336E-11
 0.650000E+02  0.000000000000000E+00  0.000000000000000E+00  0.000000000000000E+00
 0.660000E+02  0.000000000000000E+00  0.000000000000000E+00  0.000000000000000E+00
 0.670000E+02  0.000000000000000E+00  0.000000000000000E+00  0.000000000000000E+00
 0.680000E+02  0.000000000000000E+00  0.000000000000000E+00  0.000000000000000E+00
 0.690000E+02  0.000000000000000E+00  0.000000000000000E+00  0.000000000000000E+00
 0.700000E+02  0.000000000000000E+00  0.000000000000000E+00  0.000000000000000E+00
 0.710000E+02  0.000000000000000E+00  0.000000000000000E+00  0.000000000000000E+00
 0.720000E+02  0.000000000000000E+00  0.000000000000000E+00  0.000000000000000E+00
 0.730000E+02  0.000000000000000E+00  0.000000000000000E+00  0.000000000000000E+00
 0.740000E+02  0.000000000000000E+00  0.000000000000000E+00  0.000000000000000E+00
 0.750000E+02  0.000000000000000E+00  0.000000000000000E+00  0.000000000000000E+00
 0.760000E+02  0.000000000000000E+00  0.000000000000000E+00  0.000000000000000E+00
 0.770000E+02  0.000000000000000E+00  0.000000000000000E+00  0.000000000000000E+00
 0.780000E+02  0.000000000000000E+00  0.000000000000000E+00  0.000000000000000E+00
 0.790000E+02  0.000000000000000E+00  0.000000000000000E+00  0.000000000000000E+00
 0.800000E+02  0.000000000000000E+00  0.000000000000000E+00  0.000000000000000E+00
 0.810000E+02  0.000000000000000E+00  0.000000000000000E+00  0.000000000000000E+00
 0.820000E+02  0.000000000000000E+00  0.000000000000000E+00  0.000000000000000E+00
 0.830000E+02  0.000000000000000E+00  0.000000000000000E+00  0.000000000000000E+00
 0.840000E+02  0.000000000000000E+00  0.000000000000000E+00  0.000000000000000E+00
 0.850000E+02  0.000000000000000E+00  0.000000000000000E+00  0.000000000000000E+00
 0.860000E+02  0.000000000000000E+00  0.000000000000000E+00  0.000000000000000E+00
 0.870000E+02  0.000000000000000E+00  0.000000000000000E+00  0.000000000000000E+00
 0.880000E+02  0.000000000000000E+00  0.000000000000000E+00  0.000000000000000E+00
 0.890000E+02  0.000000000000000E+00  0.000000000000000E+00  0.000000000000000E+00
 0.900000E+02  0.000000000000000E+00  0.000000000000000E+00  0.000000000000000E+00
 0.910000E+02  0.000000000000000E+00  0.000000000000000E+00  0.000000000000000E+00
 0.920000E+02  0.000000000000000E+00  0.000000000000000E+00  0.000000000000000E+00
 0.930000E+02  0.000000000000000E+00  0.000000000000000E+00  0.000000000000000E+00
 0.940000E+02  0.000000000000000E+00  0.000000000000000E+00  0.000000000000000E+00
 0.950000E+02  0.000000000000000E+00  0.000000000000000E+00  0.000000000000000E+00
 0.960000E+02  0.000000000000000E+00  0.000000000000000E+00  0.000000000000000E+00
