 0.000000E+00  0.172326978244688E-02  0.000000000000000E+00  0.000000000000000E+00
 0.100000E+01  0.135964792603336E+00  0.134202361747157E+00  0.219934545384604E-03
 0.200000E+01  0.510269430571553E-01  0.462619568861555E-01  0.133469087086269E-02
 0.300000E+01  0.760756650172036E-01  0.706362198106945E-01  0.126422540370186E-02
 0.400000E+01  0.236086474142498E-01  0.203925660243840E-01  0.564794501542565E-03
 0.500000E+01  0.807580892991190E-02  0.555342484699395E-02  0.390743898933010E-03
 0.600000E+01  0.217764593212947E-02  0.105925443222077E-02  0.207772446117360E-03
 0.700000E+01  0.152213236219409E-02  0.752110278483542E-03  0.228610506582072E-03
 0.800000E+01  0.852133434567337E-03  0.228061318892969E-03  0.134627854990299E-03
 0.900000E+01  0.442536766766419E-03  0.101437798807891E-03  0.121655838100310E-03
 0.100000E+02  0.408052785350648E-03  0.695270364727829E-04  0.917312579602481E-04
 0.110000E+02  0.212144696558354E-03  0.273129564209995E-04  0.551253343097358E-04
 0.120000E+02  0.197167793923311E-03  0.243085012616717E-04  0.447787443746961E-04
 0.130000E+02  0.147637875897144E-03  0.140027733905868E-04  0.356937431666982E-04
 0.140000E+02  0.109683788848579E-03  0.102306091627202E-04  0.269170827333909E-04
 0.150000E+02  0.881691020636067E-04  0.646863827513666E-05  0.285874185692592E-04
 0.160000E+02  0.600953125606300E-04  0.450200753809860E-05  0.169409040654545E-04
 0.170000E+02  0.512009681438857E-04  0.411783891339501E-05  0.121447018444076E-04
 0.180000E+02  0.400956054678884E-04  0.216834236066443E-05  0.100902132094127E-04
 0.190000E+02  0.296391219408682E-04  0.198074784667213E-05  0.717932289329148E-05
 0.200000E+02  0.258454687660080E-04  0.110717830895807E-05  0.574093812344412E-05
 0.210000E+02  0.218486975060489E-04  0.105052561506780E-05  0.497029293050621E-05
 0.220000E+02  0.165651707399989E-04  0.771175784966549E-06  0.308597030724070E-05
 0.230000E+02  0.133550967151835E-04  0.388265162818715E-06  0.244705537799650E-05
 0.240000E+02  0.111721710606332E-04  0.405480102584621E-06  0.194798000364982E-05
 0.250000E+02  0.876473474556817E-05  0.295834871446698E-06  0.146920808441475E-05
 0.260000E+02  0.729277417341946E-05  0.212280764482278E-06  0.123083596947904E-05
 0.270000E+02  0.555901141003730E-05  0.163144615437536E-06  0.102574301170943E-05
 0.280000E+02  0.457659603419279E-05  0.109855193284767E-06  0.733483054871000E-06
 0.290000E+02  0.393278397424884E-05  0.105608213678016E-06  0.775841389042374E-06
 0.300000E+02  0.296141466915223E-05  0.596671159267437E-07  0.579663561414701E-06
 0.310000E+02  0.257998734504611E-05  0.627260314409954E-07  0.452023628852091E-06
 0.320000E+02  0.191997147072142E-05  0.509841168199647E-07  0.362195727419794E-06
 0.330000E+02  0.159355747027858E-05  0.308306649829293E-07  0.262956430397560E-06
 0.340000E+02  0.140624384235964E-05  0.294727867611528E-07  0.261815975968749E-06
 0.350000E+02  0.108387527593520E-05  0.202479744239501E-07  0.249226992874981E-06
 0.360000E+02  0.873047020650705E-06  0.154725569450102E-07  0.161665027420543E-06
 0.370000E+02  0.688311568239203E-06  0.129061628160879E-07  0.136820051986359E-06
 0.380000E+02  0.615108446711720E-06  0.114218333967014E-07  0.116968124621144E-06
 0.390000E+02  0.435597032307267E-06  0.715043894611601E-08  0.704563786047387E-07
 0.400000E+02  0.355741988340957E-06  0.514432077406530E-08  0.642305790806005E-07
 0.410000E+02  0.318622238281009E-06  0.505412426084992E-08  0.493308522705061E-07
 0.420000E+02  0.251728829629555E-06  0.342295920235003E-08  0.383244356150399E-07
 0.430000E+02  0.224244976034461E-06  0.247128336893250E-08  0.331410247455697E-07
 0.440000E+02  0.165964848889869E-06  0.230902393572934E-08  0.244508235013041E-07
 0.450000E+02  0.132223665223936E-06  0.168482456096655E-08  0.184523857248674E-07
 0.460000E+02  0.116367739989559E-06  0.110770434992103E-08  0.139876090346204E-07
 0.470000E+02  0.869606314534646E-07  0.102362593961673E-08  0.105905439902701E-07
 0.480000E+02  0.816583017758259E-07  0.842179806533618E-09  0.959914288614844E-08
 0.490000E+02  0.635176660093639E-07  0.532972647674849E-09  0.670245682519717E-08
 0.500000E+02  0.548354283080185E-07  0.487125119885470E-09  0.536369655225574E-08
 0.510000E+02  0.451455639057417E-07  0.385039457018925E-09  0.473034357838860E-08
 0.520000E+02  0.356891727450965E-07  0.270638742920184E-09  0.334473776168634E-08
 0.530000E+02  0.296387683060824E-07  0.223069728067805E-09  0.279756917590605E-08
 0.540000E+02  0.239173622474456E-07  0.183139528330869E-09  0.218556181682541E-08
 0.550000E+02  0.215836423803611E-07  0.151846992254666E-09  0.228403371011680E-08
 0.560000E+02  0.154931375935239E-07  0.966081321264707E-10  0.181606934731366E-08
 0.570000E+02  0.135483194906813E-07  0.929251306499671E-10  0.150361348990648E-08
 0.580000E+02  0.104150412824171E-07  0.784970208656231E-10  0.118108140640256E-08
 0.590000E+02  0.869368244522676E-08  0.516952719045920E-10  0.100991002663815E-08
 0.600000E+02  0.780753578348717E-08  0.463935593447352E-10  0.849339476428076E-09
 0.610000E+02  0.685708934345946E-08  0.341274195925099E-10  0.807505657658477E-09
 0.620000E+02  0.629569335012297E-08  0.430754168264986E-10  0.847843253732394E-09
 0.630000E+02  0.713366273396852E-08  0.123466904812390E-09  0.186596408891403E-08
 0.640000E+02  0.221784799572649E-11  0.392538777717218E-12  0.182530921800927E-11
 0.650000E+02  0.000000000000000E+00  0.000000000000000E+00  0.000000000000000E+00
 0.660000E+02  0.000000000000000E+00  0.000000000000000E+00  0.000000000000000E+00
 0.670000E+02  0.000000000000000E+00  0.000000000000000E+00  0.000000000000000E+00
 0.680000E+02  0.000000000000000E+00  0.000000000000000E+00  0.000000000000000E+00
 0.690000E+02  0.000000000000000E+00  0.000000000000000E+00  0.000000000000000E+00
 0.700000E+02  0.000000000000000E+00  0.000000000000000E+00  0.000000000000000E+00
 0.710000E+02  0.000000000000000E+00  0.000000000000000E+00  0.000000000000000E+00
 0.720000E+02  0.000000000000000E+00  0.000000000000000E+00  0.000000000000000E+00
 0.730000E+02  0.000000000000000E+00  0.000000000000000E+00  0.000000000000000E+00
 0.740000E+02  0.000000000000000E+00  0.000000000000000E+00  0.000000000000000E+00
 0.750000E+02  0.000000000000000E+00  0.000000000000000E+00  0.000000000000000E+00
 0.760000E+02  0.000000000000000E+00  0.000000000000000E+00  0.000000000000000E+00
 0.770000E+02  0.000000000000000E+00  0.000000000000000E+00  0.000000000000000E+00
 0.780000E+02  0.000000000000000E+00  0.000000000000000E+00  0.000000000000000E+00
 0.790000E+02  0.000000000000000E+00  0.000000000000000E+00  0.000000000000000E+00
 0.800000E+02  0.000000000000000E+00  0.000000000000000E+00  0.000000000000000E+00
 0.810000E+02  0.000000000000000E+00  0.000000000000000E+00  0.000000000000000E+00
 0.820000E+02  0.000000000000000E+00  0.000000000000000E+00  0.000000000000000E+00
 0.830000E+02  0.000000000000000E+00  0.000000000000000E+00  0.000000000000000E+00
 0.840000E+02  0.000000000000000E+00  0.000000000000000E+00  0.000000000000000E+00
 0.850000E+02  0.000000000000000E+00  0.000000000000000E+00  0.000000000000000E+00
 0.860000E+02  0.000000000000000E+00  0.000000000000000E+00  0.000000000000000E+00
 0.870000E+02  0.000000000000000E+00  0.000000000000000E+00  0.000000000000000E+00
 0.880000E+02  0.000000000000000E+00  0.000000000000000E+00  0.000000000000000E+00
 0.890000E+02  0.000000000000000E+00  0.000000000000000E+00  0.000000000000000E+00
 0.900000E+02  0.000000000000000E+00  0.000000000000000E+00  0.000000000000000E+00
 0.910000E+02  0.000000000000000E+00  0.000000000000000E+00  0.000000000000000E+00
 0.920000E+02  0.000000000000000E+00  0.000000000000000E+00  0.000000000000000E+00
 0.930000E+02  0.000000000000000E+00  0.000000000000000E+00  0.000000000000000E+00
 0.940000E+02  0.000000000000000E+00  0.000000000000000E+00  0.000000000000000E+00
 0.950000E+02  0.000000000000000E+00  0.000000000000000E+00  0.000000000000000E+00
 0.960000E+02  0.000000000000000E+00  0.000000000000000E+00  0.000000000000000E+00
