 0.000000E+00  0.828956241565320E-01  0.813698998154093E-01  0.152572434112242E-02
 0.400000E+01  0.184501069618890E-01  0.180512070293813E-01  0.398899932507739E-03
 0.800000E+01  0.276837415237753E-02  0.265333184028485E-02  0.115042312092670E-03
 0.120000E+02  0.685313487163554E-03  0.649299261035812E-03  0.360142261277381E-04
 0.160000E+02  0.221173339337053E-03  0.207497378527801E-03  0.136759608092519E-04
 0.200000E+02  0.942802266757450E-04  0.888459019020798E-04  0.543432477366514E-05
 0.240000E+02  0.380233217376802E-04  0.358809380672940E-04  0.214238367038619E-05
 0.280000E+02  0.150558985768616E-04  0.140984587381567E-04  0.957439838704805E-06
 0.320000E+02  0.609907228987755E-05  0.567177586911489E-05  0.427296420762663E-06
 0.360000E+02  0.242090469663858E-05  0.222807485318107E-05  0.192829843457508E-06
 0.400000E+02  0.990634978710827E-06  0.899620015014367E-06  0.910149636964595E-07
 0.440000E+02  0.433592605339708E-06  0.390108566172306E-06  0.434840391674023E-07
 0.480000E+02  0.184030007726745E-06  0.164044784944140E-06  0.199852227826058E-07
 0.520000E+02  0.839042667036020E-07  0.742964802175107E-07  0.960778648609139E-08
 0.560000E+02  0.387177408807192E-07  0.349725219311114E-07  0.374521894960786E-08
 0.600000E+02  0.116189813219315E-07  0.110072187236127E-07  0.611762598318760E-09
 0.640000E+02  0.199004484766063E-11  0.199004484766063E-11  0.000000000000000E+00
 0.680000E+02  0.000000000000000E+00  0.000000000000000E+00  0.000000000000000E+00
 0.720000E+02  0.000000000000000E+00  0.000000000000000E+00  0.000000000000000E+00
 0.760000E+02  0.000000000000000E+00  0.000000000000000E+00  0.000000000000000E+00
 0.800000E+02  0.000000000000000E+00  0.000000000000000E+00  0.000000000000000E+00
 0.840000E+02  0.000000000000000E+00  0.000000000000000E+00  0.000000000000000E+00
 0.880000E+02  0.000000000000000E+00  0.000000000000000E+00  0.000000000000000E+00
 0.920000E+02  0.000000000000000E+00  0.000000000000000E+00  0.000000000000000E+00
 0.960000E+02  0.000000000000000E+00  0.000000000000000E+00  0.000000000000000E+00
