 0.000000E+00  0.710448934533119E-01  0.698392371712016E-01  0.120565628211040E-02
 0.400000E+01  0.429412444943711E-02  0.410521842064850E-02  0.188906028788578E-03
 0.800000E+01  0.340759581656222E-03  0.304837316732347E-03  0.359222649238758E-04
 0.120000E+02  0.459939029123675E-04  0.384482836124362E-04  0.754561929993120E-05
 0.160000E+02  0.855931857584651E-05  0.656370718477878E-05  0.199561139106772E-05
 0.200000E+02  0.203170025889172E-05  0.141808842020238E-05  0.613611838689337E-06
 0.240000E+02  0.557085755772872E-06  0.369805204830223E-06  0.187280550942649E-06
 0.280000E+02  0.163194980099389E-06  0.106025570319406E-06  0.571694097799827E-07
 0.320000E+02  0.499664366089603E-07  0.318447307450327E-07  0.181217058639276E-07
 0.360000E+02  0.154122324717540E-07  0.980645248396779E-08  0.560577998778617E-08
 0.400000E+02  0.446015013193789E-08  0.289939416385572E-08  0.156075596808217E-08
 0.440000E+02  0.118382720031362E-08  0.797451169418089E-09  0.386376030895527E-09
 0.480000E+02  0.266786439597101E-09  0.190049699242899E-09  0.767367403542021E-10
 0.520000E+02  0.527429023542477E-10  0.399953706004162E-10  0.127475317538315E-10
 0.560000E+02  0.435705102104789E-11  0.369465681088238E-11  0.662394210165516E-12
 0.600000E+02  0.144681052203139E-12  0.137236351478949E-12  0.744470072419017E-14
 0.640000E+02  0.112346587190350E-16  0.112346587190350E-16  0.000000000000000E+00
 0.680000E+02  0.000000000000000E+00  0.000000000000000E+00  0.000000000000000E+00
 0.720000E+02  0.000000000000000E+00  0.000000000000000E+00  0.000000000000000E+00
 0.760000E+02  0.000000000000000E+00  0.000000000000000E+00  0.000000000000000E+00
 0.800000E+02  0.000000000000000E+00  0.000000000000000E+00  0.000000000000000E+00
 0.840000E+02  0.000000000000000E+00  0.000000000000000E+00  0.000000000000000E+00
 0.880000E+02  0.000000000000000E+00  0.000000000000000E+00  0.000000000000000E+00
 0.920000E+02  0.000000000000000E+00  0.000000000000000E+00  0.000000000000000E+00
 0.960000E+02  0.000000000000000E+00  0.000000000000000E+00  0.000000000000000E+00
