 0.000000E+00  0.845521427902836E-01  0.000000000000000E+00  0.000000000000000E+00
 0.100000E+01  0.216888750227304E+00  0.381142700789496E-01  0.480054727813695E-02
 0.200000E+01  0.616073842220111E-01  0.154434400174068E-01  0.157290524657583E-02
 0.300000E+01  0.208289866237676E-01  0.683481275700615E-02  0.780053122070967E-03
 0.400000E+01  0.792535753293023E-02  0.155794210741078E-02  0.372019660119349E-03
 0.500000E+01  0.415426901606167E-02  0.273802338085716E-03  0.163268715596132E-03
 0.600000E+01  0.153198200314005E-02  0.116316375091685E-03  0.768427560728924E-04
 0.700000E+01  0.117082364945253E-02  0.711341465944315E-04  0.580402409369185E-04
 0.800000E+01  0.693076384740237E-03  0.304434244284835E-04  0.363645656329403E-04
 0.900000E+01  0.437159374203487E-03  0.268037116768483E-04  0.302873411790472E-04
 0.100000E+02  0.315910649506870E-03  0.165592949614990E-04  0.243526732095489E-04
 0.110000E+02  0.202467323285834E-03  0.106068368226353E-04  0.155521579010554E-04
 0.120000E+02  0.166080988945189E-03  0.839824478671147E-05  0.923766679949978E-05
 0.130000E+02  0.128102545518822E-03  0.617133821323446E-05  0.909249548985969E-05
 0.140000E+02  0.826477244438757E-04  0.340522820149736E-05  0.469235522282396E-05
 0.150000E+02  0.665557606031113E-04  0.194562895547423E-05  0.420562877445629E-05
 0.160000E+02  0.495541622797518E-04  0.212860722725861E-05  0.428008996089524E-05
 0.170000E+02  0.459350240432531E-04  0.223984833862267E-05  0.277899619027799E-05
 0.180000E+02  0.302819557088879E-04  0.138261345733470E-05  0.134023073439238E-05
 0.190000E+02  0.242707446789371E-04  0.956794667605898E-06  0.151640486717453E-05
 0.200000E+02  0.194628227547420E-04  0.741970021644889E-06  0.129851446345475E-05
 0.210000E+02  0.171441628239384E-04  0.407566456807687E-06  0.122345754838271E-05
 0.220000E+02  0.105568539927506E-04  0.304542148561737E-06  0.620654770151080E-06
 0.230000E+02  0.824765277175933E-05  0.259276804859265E-06  0.526535645504339E-06
 0.240000E+02  0.755730544668784E-05  0.221449950689456E-06  0.540152046410447E-06
 0.250000E+02  0.591618530333682E-05  0.163902236490886E-06  0.346373726979946E-06
 0.260000E+02  0.450498202101899E-05  0.125389583539165E-06  0.288167457336173E-06
 0.270000E+02  0.332329377172427E-05  0.101928813320273E-06  0.202808901394146E-06
 0.280000E+02  0.277761110438899E-05  0.711681997483254E-07  0.140890913399513E-06
 0.290000E+02  0.256704999883369E-05  0.677372204288800E-07  0.161499634420033E-06
 0.300000E+02  0.202051503116359E-05  0.421476918359989E-07  0.126602156191695E-06
 0.310000E+02  0.180083581776300E-05  0.435475559635418E-07  0.112793434564173E-06
 0.320000E+02  0.134206769031794E-05  0.350642532459620E-07  0.934336228785443E-07
 0.330000E+02  0.109929846635493E-05  0.288397891335583E-07  0.620258334073538E-07
 0.340000E+02  0.967651515681368E-06  0.225226132269125E-07  0.449552355072727E-07
 0.350000E+02  0.724935433288931E-06  0.184913146630654E-07  0.354787647372824E-07
 0.360000E+02  0.666789375443444E-06  0.140738609645758E-07  0.300922098252633E-07
 0.370000E+02  0.521154908516619E-06  0.107239537301768E-07  0.225473593806690E-07
 0.380000E+02  0.484886256127090E-06  0.107064424790234E-07  0.214262687210642E-07
 0.390000E+02  0.383172970691589E-06  0.903551100602876E-08  0.164925219028542E-07
 0.400000E+02  0.306470932215149E-06  0.639480962174904E-08  0.138948913180187E-07
 0.410000E+02  0.297677109525932E-06  0.723983887516164E-08  0.150571471670228E-07
 0.420000E+02  0.228670047491889E-06  0.476814385381736E-08  0.109938868932992E-07
 0.430000E+02  0.208627209141750E-06  0.472081396581930E-08  0.810780920011559E-08
 0.440000E+02  0.164199106160742E-06  0.377796334143863E-08  0.714473540698373E-08
 0.450000E+02  0.135784795626867E-06  0.316008449779012E-08  0.605478635191416E-08
 0.460000E+02  0.123943486334189E-06  0.276457237059218E-08  0.510466319077706E-08
 0.470000E+02  0.983097528342895E-07  0.224548337120000E-08  0.410201688197072E-08
 0.480000E+02  0.894339380561111E-07  0.247241833386363E-08  0.340015678546718E-08
 0.490000E+02  0.731202387007915E-07  0.177467010913273E-08  0.277438330666927E-08
 0.500000E+02  0.641032150315049E-07  0.166324632625528E-08  0.279777025122612E-08
 0.510000E+02  0.517040119875899E-07  0.133764164677186E-08  0.213432831806422E-08
 0.520000E+02  0.439510508320887E-07  0.101791206436480E-08  0.161392947394642E-08
 0.530000E+02  0.395835354110737E-07  0.100840408946011E-08  0.152465868109261E-08
 0.540000E+02  0.314827179731666E-07  0.666070220087327E-09  0.114672768940887E-08
 0.550000E+02  0.311813771897600E-07  0.727753500545473E-09  0.138944544514741E-08
 0.560000E+02  0.234227137831335E-07  0.599142751007181E-09  0.112414661654682E-08
 0.570000E+02  0.213066126150433E-07  0.516241716836205E-09  0.793723301447857E-09
 0.580000E+02  0.183351860506846E-07  0.543230356235529E-09  0.710705597705438E-09
 0.590000E+02  0.164063400255728E-07  0.732849954623700E-09  0.746059493141471E-09
 0.600000E+02  0.157442136879372E-07  0.949853455038078E-09  0.806745438954036E-09
 0.610000E+02  0.142478366933919E-07  0.683901877362490E-09  0.777487053545427E-09
 0.620000E+02  0.125322268039593E-07  0.965815850086369E-09  0.936315647386839E-09
 0.630000E+02  0.112522244994611E-07  0.158127282501936E-08  0.174575998712118E-08
 0.640000E+02  0.827251364198672E-11  0.328654822540769E-11  0.498596541657903E-11
 0.650000E+02  0.000000000000000E+00  0.000000000000000E+00  0.000000000000000E+00
 0.660000E+02  0.000000000000000E+00  0.000000000000000E+00  0.000000000000000E+00
 0.670000E+02  0.000000000000000E+00  0.000000000000000E+00  0.000000000000000E+00
 0.680000E+02  0.000000000000000E+00  0.000000000000000E+00  0.000000000000000E+00
 0.690000E+02  0.000000000000000E+00  0.000000000000000E+00  0.000000000000000E+00
 0.700000E+02  0.000000000000000E+00  0.000000000000000E+00  0.000000000000000E+00
 0.710000E+02  0.000000000000000E+00  0.000000000000000E+00  0.000000000000000E+00
 0.720000E+02  0.000000000000000E+00  0.000000000000000E+00  0.000000000000000E+00
 0.730000E+02  0.000000000000000E+00  0.000000000000000E+00  0.000000000000000E+00
 0.740000E+02  0.000000000000000E+00  0.000000000000000E+00  0.000000000000000E+00
 0.750000E+02  0.000000000000000E+00  0.000000000000000E+00  0.000000000000000E+00
 0.760000E+02  0.000000000000000E+00  0.000000000000000E+00  0.000000000000000E+00
 0.770000E+02  0.000000000000000E+00  0.000000000000000E+00  0.000000000000000E+00
 0.780000E+02  0.000000000000000E+00  0.000000000000000E+00  0.000000000000000E+00
 0.790000E+02  0.000000000000000E+00  0.000000000000000E+00  0.000000000000000E+00
 0.800000E+02  0.000000000000000E+00  0.000000000000000E+00  0.000000000000000E+00
 0.810000E+02  0.000000000000000E+00  0.000000000000000E+00  0.000000000000000E+00
 0.820000E+02  0.000000000000000E+00  0.000000000000000E+00  0.000000000000000E+00
 0.830000E+02  0.000000000000000E+00  0.000000000000000E+00  0.000000000000000E+00
 0.840000E+02  0.000000000000000E+00  0.000000000000000E+00  0.000000000000000E+00
 0.850000E+02  0.000000000000000E+00  0.000000000000000E+00  0.000000000000000E+00
 0.860000E+02  0.000000000000000E+00  0.000000000000000E+00  0.000000000000000E+00
 0.870000E+02  0.000000000000000E+00  0.000000000000000E+00  0.000000000000000E+00
 0.880000E+02  0.000000000000000E+00  0.000000000000000E+00  0.000000000000000E+00
 0.890000E+02  0.000000000000000E+00  0.000000000000000E+00  0.000000000000000E+00
 0.900000E+02  0.000000000000000E+00  0.000000000000000E+00  0.000000000000000E+00
 0.910000E+02  0.000000000000000E+00  0.000000000000000E+00  0.000000000000000E+00
 0.920000E+02  0.000000000000000E+00  0.000000000000000E+00  0.000000000000000E+00
 0.930000E+02  0.000000000000000E+00  0.000000000000000E+00  0.000000000000000E+00
 0.940000E+02  0.000000000000000E+00  0.000000000000000E+00  0.000000000000000E+00
 0.950000E+02  0.000000000000000E+00  0.000000000000000E+00  0.000000000000000E+00
 0.960000E+02  0.000000000000000E+00  0.000000000000000E+00  0.000000000000000E+00
