 0.000000E+00  0.752740127367298E-01  0.735898282827190E-01  0.168418445401028E-02
 0.400000E+01  0.789980079058727E-02  0.764666723882805E-02  0.253133551759212E-03
 0.800000E+01  0.564573557759435E-03  0.518752584256391E-03  0.458209735030419E-04
 0.120000E+02  0.849605210703115E-04  0.738129799960347E-04  0.111475410742764E-04
 0.160000E+02  0.194146179616902E-04  0.160978395950036E-04  0.331677836668655E-05
 0.200000E+02  0.544211431331254E-05  0.433248151382070E-05  0.110963279949184E-05
 0.240000E+02  0.179620465802612E-05  0.140961454815601E-05  0.386590109870103E-06
 0.280000E+02  0.643653293066980E-06  0.505933900676641E-06  0.137719392390339E-06
 0.320000E+02  0.240030595138663E-06  0.189637934961029E-06  0.503926601776336E-07
 0.360000E+02  0.905422024844168E-07  0.720364777229177E-07  0.185057247614991E-07
 0.400000E+02  0.336615171558116E-07  0.268383552649769E-07  0.682316189083470E-08
 0.440000E+02  0.123533518007024E-07  0.980159621375984E-08  0.255175558694254E-08
 0.480000E+02  0.461169646816608E-08  0.364969513215812E-08  0.962001336007957E-09
 0.520000E+02  0.135687042704827E-08  0.113896539593000E-08  0.217905031118268E-09
 0.560000E+02  0.138501630753076E-09  0.121526370551097E-09  0.169752602019795E-10
 0.600000E+02  0.221949191766296E-11  0.208705968282594E-11  0.132432234837019E-12
 0.640000E+02  0.207498441947384E-15  0.207498441947384E-15  0.000000000000000E+00
 0.680000E+02  0.000000000000000E+00  0.000000000000000E+00  0.000000000000000E+00
 0.720000E+02  0.000000000000000E+00  0.000000000000000E+00  0.000000000000000E+00
 0.760000E+02  0.000000000000000E+00  0.000000000000000E+00  0.000000000000000E+00
 0.800000E+02  0.000000000000000E+00  0.000000000000000E+00  0.000000000000000E+00
 0.840000E+02  0.000000000000000E+00  0.000000000000000E+00  0.000000000000000E+00
 0.880000E+02  0.000000000000000E+00  0.000000000000000E+00  0.000000000000000E+00
 0.920000E+02  0.000000000000000E+00  0.000000000000000E+00  0.000000000000000E+00
 0.960000E+02  0.000000000000000E+00  0.000000000000000E+00  0.000000000000000E+00
