 0.100000E+01  0.882891288888597E-01
 0.200000E+01  0.440670183009371E-01
 0.300000E+01  0.434883084112796E-01
 0.400000E+01  0.550941643155760E-01
 0.500000E+01  0.956049565625357E-02
 0.600000E+01  0.653603721663788E-02
 0.700000E+01  0.199077707796109E-02
 0.800000E+01  0.128717888088107E-02
 0.900000E+01  0.112839389717843E-02
 0.100000E+02  0.490986015454930E-03
 0.110000E+02  0.365446783936584E-03
 0.120000E+02  0.225962592160333E-03
 0.130000E+02  0.179938678333927E-03
 0.140000E+02  0.123373073297943E-03
 0.150000E+02  0.865442299846473E-04
 0.160000E+02  0.770581355143357E-04
 0.170000E+02  0.635718105217517E-04
 0.180000E+02  0.477200084712266E-04
 0.190000E+02  0.344668083156611E-04
 0.200000E+02  0.279803401553028E-04
 0.210000E+02  0.243596512082517E-04
 0.220000E+02  0.223635943471601E-04
 0.230000E+02  0.175975644231714E-04
 0.240000E+02  0.141125502937825E-04
 0.250000E+02  0.128882922160286E-04
 0.260000E+02  0.906375604877922E-05
 0.270000E+02  0.771486518842420E-05
 0.280000E+02  0.590157403354234E-05
 0.290000E+02  0.594001593622954E-05
 0.300000E+02  0.384819439763994E-05
 0.310000E+02  0.351178325583879E-05
 0.320000E+02  0.251774672485188E-05
 0.330000E+02  0.195279391460208E-05
 0.340000E+02  0.173350982147964E-05
 0.350000E+02  0.128235258383554E-05
 0.360000E+02  0.115666010531141E-05
 0.370000E+02  0.849593795894642E-06
 0.380000E+02  0.755032072191880E-06
 0.390000E+02  0.544976155156070E-06
 0.400000E+02  0.458975675711382E-06
 0.410000E+02  0.398137414613055E-06
 0.420000E+02  0.294140851395967E-06
 0.430000E+02  0.268755111762831E-06
 0.440000E+02  0.207203603811623E-06
 0.450000E+02  0.184639308395329E-06
 0.460000E+02  0.144254212513518E-06
 0.470000E+02  0.121830958351984E-06
 0.480000E+02  0.106348693021198E-06
 0.490000E+02  0.850810080328434E-07
 0.500000E+02  0.743352071948932E-07
 0.510000E+02  0.566496823781879E-07
 0.520000E+02  0.499023216246897E-07
 0.530000E+02  0.400565871953967E-07
 0.540000E+02  0.333257581672969E-07
 0.550000E+02  0.259478516907037E-07
 0.560000E+02  0.231040754926014E-07
 0.570000E+02  0.201236431065191E-07
 0.580000E+02  0.151691563218882E-07
 0.590000E+02  0.123768695252576E-07
 0.600000E+02  0.936906348048287E-08
 0.610000E+02  0.765722390950273E-08
 0.620000E+02  0.115816437231720E-07
 0.630000E+02  0.150737533213378E-07
 0.640000E+02  0.796891967187716E-08
 0.650000E+02  0.000000000000000E+00
 0.660000E+02  0.000000000000000E+00
 0.670000E+02  0.000000000000000E+00
 0.680000E+02  0.000000000000000E+00
 0.690000E+02  0.000000000000000E+00
 0.700000E+02  0.000000000000000E+00
 0.710000E+02  0.000000000000000E+00
 0.720000E+02  0.000000000000000E+00
 0.730000E+02  0.000000000000000E+00
 0.740000E+02  0.000000000000000E+00
 0.750000E+02  0.000000000000000E+00
 0.760000E+02  0.000000000000000E+00
 0.770000E+02  0.000000000000000E+00
 0.780000E+02  0.000000000000000E+00
 0.790000E+02  0.000000000000000E+00
 0.800000E+02  0.000000000000000E+00
 0.810000E+02  0.000000000000000E+00
 0.820000E+02  0.000000000000000E+00
 0.830000E+02  0.000000000000000E+00
 0.840000E+02  0.000000000000000E+00
 0.850000E+02  0.000000000000000E+00
 0.860000E+02  0.000000000000000E+00
 0.870000E+02  0.000000000000000E+00
 0.880000E+02  0.000000000000000E+00
 0.890000E+02  0.000000000000000E+00
 0.900000E+02  0.000000000000000E+00
 0.910000E+02  0.000000000000000E+00
 0.920000E+02  0.000000000000000E+00
 0.930000E+02  0.000000000000000E+00
 0.940000E+02  0.000000000000000E+00
 0.950000E+02  0.000000000000000E+00
 0.960000E+02  0.000000000000000E+00
 0.970000E+02  0.000000000000000E+00
