 0.000000E+00  0.212107676132431E-01  0.197674177529522E-01  0.144334986029086E-02
 0.400000E+01  0.485005089983258E-01  0.480930112597023E-01  0.407497738623134E-03
 0.800000E+01  0.129907877719445E-01  0.128126805487801E-01  0.178107223164433E-03
 0.120000E+02  0.523200553901083E-02  0.515306592533307E-02  0.789396136777812E-04
 0.160000E+02  0.205791183113554E-02  0.202399242522232E-02  0.339194059132252E-04
 0.200000E+02  0.751059274868054E-03  0.737455387230591E-03  0.136038876374679E-04
 0.240000E+02  0.300713682175961E-03  0.294807028323975E-03  0.590665385198568E-05
 0.280000E+02  0.121734392276883E-03  0.119209498814143E-03  0.252489346274038E-05
 0.320000E+02  0.563012233437482E-04  0.550123221623955E-04  0.128890118135274E-05
 0.360000E+02  0.246127400687322E-04  0.240133824432849E-04  0.599357625447341E-06
 0.400000E+02  0.110435929015701E-04  0.107438658251989E-04  0.299727076371235E-06
 0.440000E+02  0.501652769087900E-05  0.486058311072399E-05  0.155944580155011E-06
 0.480000E+02  0.240780292444892E-05  0.232778763319166E-05  0.800152912572529E-07
 0.520000E+02  0.124423104561990E-05  0.119768572367556E-05  0.465453219443433E-07
 0.560000E+02  0.684940696205849E-06  0.656132421654102E-06  0.288082745517473E-07
 0.600000E+02  0.407279142465143E-06  0.395216425883331E-06  0.120627165818127E-07
 0.640000E+02  0.182436274420716E-09  0.182436274420716E-09  0.000000000000000E+00
 0.680000E+02  0.000000000000000E+00  0.000000000000000E+00  0.000000000000000E+00
 0.720000E+02  0.000000000000000E+00  0.000000000000000E+00  0.000000000000000E+00
 0.760000E+02  0.000000000000000E+00  0.000000000000000E+00  0.000000000000000E+00
 0.800000E+02  0.000000000000000E+00  0.000000000000000E+00  0.000000000000000E+00
 0.840000E+02  0.000000000000000E+00  0.000000000000000E+00  0.000000000000000E+00
 0.880000E+02  0.000000000000000E+00  0.000000000000000E+00  0.000000000000000E+00
 0.920000E+02  0.000000000000000E+00  0.000000000000000E+00  0.000000000000000E+00
 0.960000E+02  0.000000000000000E+00  0.000000000000000E+00  0.000000000000000E+00
