 0.000000E+00  0.251786763044845E-01  0.000000000000000E+00  0.000000000000000E+00
 0.100000E+01  0.248430498721347E+00  0.190358242020011E+00  0.413570937780605E-03
 0.200000E+01  0.102273124463801E+00  0.641760706785135E-01  0.763690793974092E-03
 0.300000E+01  0.389884351936978E-01  0.250344210726325E-01  0.123205565614626E-02
 0.400000E+01  0.146371790682519E-01  0.685407779383240E-02  0.534446117399057E-03
 0.500000E+01  0.899295907186123E-02  0.254391961880174E-02  0.593013740967763E-03
 0.600000E+01  0.356602739565528E-02  0.428917526505757E-03  0.270559788773994E-03
 0.700000E+01  0.198170938441797E-02  0.213348184630036E-03  0.117400215629004E-03
 0.800000E+01  0.120234362099096E-02  0.735801396225533E-04  0.120357881101540E-03
 0.900000E+01  0.694224032433588E-03  0.497984937082308E-04  0.906839404990478E-04
 0.100000E+02  0.541679369722289E-03  0.274589850084439E-04  0.630101761354696E-04
 0.110000E+02  0.342672988741952E-03  0.190848853716119E-04  0.353217033798869E-04
 0.120000E+02  0.269484381586608E-03  0.130676017724429E-04  0.210261301396564E-04
 0.130000E+02  0.211105393179908E-03  0.934672807328951E-05  0.230140369561482E-04
 0.140000E+02  0.140879540723486E-03  0.481974397961021E-05  0.111389351402646E-04
 0.150000E+02  0.110292958460256E-03  0.323901341658939E-05  0.978447105848268E-05
 0.160000E+02  0.761486610498855E-04  0.227517228523766E-05  0.622849984832641E-05
 0.170000E+02  0.740277480383926E-04  0.176012423630523E-05  0.632933242361577E-05
 0.180000E+02  0.514481247377682E-04  0.104863664100729E-05  0.510486275873134E-05
 0.190000E+02  0.394273776826457E-04  0.753819768800623E-06  0.303110050337008E-05
 0.200000E+02  0.295146975716748E-04  0.559349043755940E-06  0.202075884686570E-05
 0.210000E+02  0.265548521091698E-04  0.475052573695178E-06  0.232915749223683E-05
 0.220000E+02  0.192824875915007E-04  0.286233705367074E-06  0.168547503671956E-05
 0.230000E+02  0.149099885581714E-04  0.220561378654061E-06  0.109813237841871E-05
 0.240000E+02  0.122814921704422E-04  0.153689679877143E-06  0.106636693001511E-05
 0.250000E+02  0.977965250491649E-05  0.114177351873482E-06  0.879049983734670E-06
 0.260000E+02  0.769409230713599E-05  0.793328882365586E-07  0.624947672001053E-06
 0.270000E+02  0.562645233587348E-05  0.529221571689362E-07  0.395793025808038E-06
 0.280000E+02  0.447966952312354E-05  0.549150380758923E-07  0.305322482154619E-06
 0.290000E+02  0.418522822825461E-05  0.578160436340638E-07  0.287844424325459E-06
 0.300000E+02  0.318588804443045E-05  0.323292811168748E-07  0.266394475027690E-06
 0.310000E+02  0.265645775241304E-05  0.288567951508802E-07  0.189120460458714E-06
 0.320000E+02  0.208138724725472E-05  0.196007684417226E-07  0.149208004647863E-06
 0.330000E+02  0.170535112702879E-05  0.151956444819170E-07  0.158729736829226E-06
 0.340000E+02  0.142969247076785E-05  0.142779687761064E-07  0.107928251607365E-06
 0.350000E+02  0.106563216122762E-05  0.895610337408865E-08  0.707326359211322E-07
 0.360000E+02  0.982362311624548E-06  0.707356341683447E-08  0.740534237524820E-07
 0.370000E+02  0.765386754677918E-06  0.597370627118156E-08  0.528124112604490E-07
 0.380000E+02  0.689890358845802E-06  0.450836679384667E-08  0.492813502551721E-07
 0.390000E+02  0.522593210091339E-06  0.331862143383601E-08  0.340610297028775E-07
 0.400000E+02  0.423274284867841E-06  0.270402851986710E-08  0.259973060918366E-07
 0.410000E+02  0.419303199433943E-06  0.254684726685495E-08  0.237400692082099E-07
 0.420000E+02  0.314488921109517E-06  0.186306768615503E-08  0.165162975991639E-07
 0.430000E+02  0.273273854450121E-06  0.150042635932616E-08  0.139180162206954E-07
 0.440000E+02  0.211417306756917E-06  0.129475646874668E-08  0.135736958921037E-07
 0.450000E+02  0.180214634692120E-06  0.962956678433110E-09  0.111508388524325E-07
 0.460000E+02  0.159318780070842E-06  0.836645186681726E-09  0.108272572842084E-07
 0.470000E+02  0.119232206251918E-06  0.566200108566374E-09  0.832201079652395E-08
 0.480000E+02  0.107038168007008E-06  0.581841427308776E-09  0.634241768566329E-08
 0.490000E+02  0.886417592836782E-07  0.483133253838779E-09  0.474744224110208E-08
 0.500000E+02  0.750246482581081E-07  0.468713531479446E-09  0.435125316834484E-08
 0.510000E+02  0.599105187087306E-07  0.336870199426009E-09  0.348690078532466E-08
 0.520000E+02  0.511077128241305E-07  0.304433199590089E-09  0.284582126882126E-08
 0.530000E+02  0.412222789829090E-07  0.249139492329502E-09  0.269626899581154E-08
 0.540000E+02  0.337657269801708E-07  0.182717396863631E-09  0.190458696142331E-08
 0.550000E+02  0.342289046656032E-07  0.206978772071613E-09  0.167107942318034E-08
 0.560000E+02  0.238560373540140E-07  0.152244278740770E-09  0.120113949377541E-08
 0.570000E+02  0.227907335582887E-07  0.166444305890119E-09  0.114222584318746E-08
 0.580000E+02  0.193134184102055E-07  0.141396750854508E-09  0.100626018608035E-08
 0.590000E+02  0.160443485368675E-07  0.149929096040373E-09  0.106918599245326E-08
 0.600000E+02  0.149075998323770E-07  0.151130992830168E-09  0.100169007815283E-08
 0.610000E+02  0.130450858019276E-07  0.161228631346467E-09  0.101911491210928E-08
 0.620000E+02  0.104564064742293E-07  0.175588872448093E-09  0.118485526292824E-08
 0.630000E+02  0.831000504966776E-08  0.247494328208149E-09  0.218147880505452E-08
 0.640000E+02  0.446683579551026E-10  0.999183044585032E-13  0.445684396506441E-10
 0.650000E+02  0.000000000000000E+00  0.000000000000000E+00  0.000000000000000E+00
 0.660000E+02  0.000000000000000E+00  0.000000000000000E+00  0.000000000000000E+00
 0.670000E+02  0.000000000000000E+00  0.000000000000000E+00  0.000000000000000E+00
 0.680000E+02  0.000000000000000E+00  0.000000000000000E+00  0.000000000000000E+00
 0.690000E+02  0.000000000000000E+00  0.000000000000000E+00  0.000000000000000E+00
 0.700000E+02  0.000000000000000E+00  0.000000000000000E+00  0.000000000000000E+00
 0.710000E+02  0.000000000000000E+00  0.000000000000000E+00  0.000000000000000E+00
 0.720000E+02  0.000000000000000E+00  0.000000000000000E+00  0.000000000000000E+00
 0.730000E+02  0.000000000000000E+00  0.000000000000000E+00  0.000000000000000E+00
 0.740000E+02  0.000000000000000E+00  0.000000000000000E+00  0.000000000000000E+00
 0.750000E+02  0.000000000000000E+00  0.000000000000000E+00  0.000000000000000E+00
 0.760000E+02  0.000000000000000E+00  0.000000000000000E+00  0.000000000000000E+00
 0.770000E+02  0.000000000000000E+00  0.000000000000000E+00  0.000000000000000E+00
 0.780000E+02  0.000000000000000E+00  0.000000000000000E+00  0.000000000000000E+00
 0.790000E+02  0.000000000000000E+00  0.000000000000000E+00  0.000000000000000E+00
 0.800000E+02  0.000000000000000E+00  0.000000000000000E+00  0.000000000000000E+00
 0.810000E+02  0.000000000000000E+00  0.000000000000000E+00  0.000000000000000E+00
 0.820000E+02  0.000000000000000E+00  0.000000000000000E+00  0.000000000000000E+00
 0.830000E+02  0.000000000000000E+00  0.000000000000000E+00  0.000000000000000E+00
 0.840000E+02  0.000000000000000E+00  0.000000000000000E+00  0.000000000000000E+00
 0.850000E+02  0.000000000000000E+00  0.000000000000000E+00  0.000000000000000E+00
 0.860000E+02  0.000000000000000E+00  0.000000000000000E+00  0.000000000000000E+00
 0.870000E+02  0.000000000000000E+00  0.000000000000000E+00  0.000000000000000E+00
 0.880000E+02  0.000000000000000E+00  0.000000000000000E+00  0.000000000000000E+00
 0.890000E+02  0.000000000000000E+00  0.000000000000000E+00  0.000000000000000E+00
 0.900000E+02  0.000000000000000E+00  0.000000000000000E+00  0.000000000000000E+00
 0.910000E+02  0.000000000000000E+00  0.000000000000000E+00  0.000000000000000E+00
 0.920000E+02  0.000000000000000E+00  0.000000000000000E+00  0.000000000000000E+00
 0.930000E+02  0.000000000000000E+00  0.000000000000000E+00  0.000000000000000E+00
 0.940000E+02  0.000000000000000E+00  0.000000000000000E+00  0.000000000000000E+00
 0.950000E+02  0.000000000000000E+00  0.000000000000000E+00  0.000000000000000E+00
 0.960000E+02  0.000000000000000E+00  0.000000000000000E+00  0.000000000000000E+00
