 0.000000E+00  0.276920813311432E-01  0.262863791940508E-01  0.140570213709244E-02
 0.400000E+01  0.355830795980814E-01  0.351050225806491E-01  0.478057017432030E-03
 0.800000E+01  0.122067035444986E-01  0.120134800619292E-01  0.193223482569475E-03
 0.120000E+02  0.587395979947165E-02  0.578106007134796E-02  0.928997281236626E-04
 0.160000E+02  0.202327342431462E-02  0.198623077519120E-02  0.370426491234128E-04
 0.200000E+02  0.821208951338793E-03  0.804111643426167E-03  0.170973079126311E-04
 0.240000E+02  0.354540048223748E-03  0.346664868262952E-03  0.787517996079434E-05
 0.280000E+02  0.151520749709221E-03  0.147779092756155E-03  0.374165695306510E-05
 0.320000E+02  0.694678079815558E-04  0.676113793551150E-04  0.185642862644082E-05
 0.360000E+02  0.309600348043207E-04  0.300777472878563E-04  0.882287516464354E-06
 0.400000E+02  0.155753406771728E-04  0.151124970595840E-04  0.462843617588796E-06
 0.440000E+02  0.780586450738685E-05  0.755676186588519E-05  0.249102641501672E-06
 0.480000E+02  0.410907499105991E-05  0.396670596898298E-05  0.142369022076933E-06
 0.520000E+02  0.220204535935847E-05  0.211939657161135E-05  0.826487877471162E-07
 0.560000E+02  0.133298198619632E-05  0.128503299139636E-05  0.479489947999654E-07
 0.600000E+02  0.805790720003546E-06  0.783622231352674E-06  0.221684886508716E-07
 0.640000E+02  0.507206943112237E-09  0.507206943112237E-09  0.000000000000000E+00
 0.680000E+02  0.000000000000000E+00  0.000000000000000E+00  0.000000000000000E+00
 0.720000E+02  0.000000000000000E+00  0.000000000000000E+00  0.000000000000000E+00
 0.760000E+02  0.000000000000000E+00  0.000000000000000E+00  0.000000000000000E+00
 0.800000E+02  0.000000000000000E+00  0.000000000000000E+00  0.000000000000000E+00
 0.840000E+02  0.000000000000000E+00  0.000000000000000E+00  0.000000000000000E+00
 0.880000E+02  0.000000000000000E+00  0.000000000000000E+00  0.000000000000000E+00
 0.920000E+02  0.000000000000000E+00  0.000000000000000E+00  0.000000000000000E+00
 0.960000E+02  0.000000000000000E+00  0.000000000000000E+00  0.000000000000000E+00
