 0.000000E+00  0.568846482059298E-01  0.546082973650378E-01  0.227635084089192E-02
 0.400000E+01  0.553504004432912E-01  0.546097992305064E-01  0.740601212784584E-03
 0.800000E+01  0.113154491258084E-01  0.110730572059708E-01  0.242391919837606E-03
 0.120000E+02  0.360758118368031E-02  0.352209853789334E-02  0.854826457869818E-04
 0.160000E+02  0.121341884021164E-02  0.118050094974268E-02  0.329178904689522E-04
 0.200000E+02  0.466084152830846E-03  0.452217263204829E-03  0.138668896260178E-04
 0.240000E+02  0.223355762511009E-03  0.216077549514911E-03  0.727821299609836E-05
 0.280000E+02  0.884413623960476E-04  0.849009511174064E-04  0.354041127864143E-05
 0.320000E+02  0.390104542988210E-04  0.372806169061638E-04  0.172983739265724E-05
 0.360000E+02  0.181622170152770E-04  0.173051477199885E-04  0.857069295288566E-06
 0.400000E+02  0.884940166072358E-05  0.840653312297432E-05  0.442868537749258E-06
 0.440000E+02  0.456061225830176E-05  0.432333869767280E-05  0.237273560628965E-06
 0.480000E+02  0.245904608829288E-05  0.232508878107848E-05  0.133957307214400E-06
 0.520000E+02  0.134326060805359E-05  0.127010256360495E-05  0.731580444486385E-07
 0.560000E+02  0.794662701770862E-06  0.752448495867129E-06  0.422142059037328E-07
 0.600000E+02  0.457501682039693E-06  0.441246139900459E-06  0.162555421392342E-07
 0.640000E+02  0.264420124684861E-09  0.264420124684861E-09  0.000000000000000E+00
 0.680000E+02  0.000000000000000E+00  0.000000000000000E+00  0.000000000000000E+00
 0.720000E+02  0.000000000000000E+00  0.000000000000000E+00  0.000000000000000E+00
 0.760000E+02  0.000000000000000E+00  0.000000000000000E+00  0.000000000000000E+00
 0.800000E+02  0.000000000000000E+00  0.000000000000000E+00  0.000000000000000E+00
 0.840000E+02  0.000000000000000E+00  0.000000000000000E+00  0.000000000000000E+00
 0.880000E+02  0.000000000000000E+00  0.000000000000000E+00  0.000000000000000E+00
 0.920000E+02  0.000000000000000E+00  0.000000000000000E+00  0.000000000000000E+00
 0.960000E+02  0.000000000000000E+00  0.000000000000000E+00  0.000000000000000E+00
