 0.000000E+00  0.605543774646875E-02  0.558078689255095E-02  0.474650853917812E-03
 0.400000E+01  0.131630681738972E-03  0.131577737181514E-03  0.529445574584093E-07
 0.800000E+01  0.100143719832872E-09  0.993056690233088E-10  0.838050809574155E-12
 0.120000E+02  0.432093318720208E-14  0.429240649937192E-14  0.285266878301390E-16
 0.160000E+02  0.130266678271011E-18  0.129055337532687E-18  0.121134073832448E-20
 0.200000E+02  0.971990593376057E-21  0.889890346422449E-21  0.821002469536081E-22
 0.240000E+02  0.141394622229857E-20  0.132287621554964E-20  0.910700067489298E-22
 0.280000E+02  0.747072297298074E-21  0.683569681526618E-21  0.635026157714558E-22
 0.320000E+02  0.595536217529827E-21  0.540751487052639E-21  0.547847304771882E-22
 0.360000E+02  0.821137709161021E-21  0.775384145684531E-21  0.457535634764906E-22
 0.400000E+02  0.737373028917885E-21  0.700053865442553E-21  0.373191634753321E-22
 0.440000E+02  0.467818215380427E-21  0.440274273303759E-21  0.275439420766683E-22
 0.480000E+02  0.749257281109779E-21  0.726978579952147E-21  0.222787011576328E-22
 0.520000E+02  0.350001830203038E-21  0.337187065754311E-21  0.128147644487269E-22
 0.560000E+02  0.451111871575462E-21  0.443219667280509E-21  0.789220429495339E-23
 0.600000E+02  0.226557104738491E-21  0.223359686105276E-21  0.319741863321512E-23
 0.640000E+02  0.580920917694053E-24  0.580920917694053E-24  0.000000000000000E+00
 0.680000E+02  0.000000000000000E+00  0.000000000000000E+00  0.000000000000000E+00
 0.720000E+02  0.000000000000000E+00  0.000000000000000E+00  0.000000000000000E+00
 0.760000E+02  0.000000000000000E+00  0.000000000000000E+00  0.000000000000000E+00
 0.800000E+02  0.000000000000000E+00  0.000000000000000E+00  0.000000000000000E+00
 0.840000E+02  0.000000000000000E+00  0.000000000000000E+00  0.000000000000000E+00
 0.880000E+02  0.000000000000000E+00  0.000000000000000E+00  0.000000000000000E+00
 0.920000E+02  0.000000000000000E+00  0.000000000000000E+00  0.000000000000000E+00
 0.960000E+02  0.000000000000000E+00  0.000000000000000E+00  0.000000000000000E+00
