 0.000000E+00  0.202471980800015E-01  0.000000000000000E+00  0.000000000000000E+00
 0.100000E+01  0.229246709071208E+00  0.201286447234452E+00  0.244360395981857E-03
 0.200000E+01  0.898306982525349E-01  0.727678699768148E-01  0.158644135990471E-02
 0.300000E+01  0.463140400519383E-01  0.366141385047740E-01  0.183371333332616E-02
 0.400000E+01  0.197319800375433E-01  0.113640254944585E-01  0.736151380351657E-03
 0.500000E+01  0.612679357324456E-02  0.168518300495180E-02  0.778235022153240E-03
 0.600000E+01  0.313505730840039E-02  0.832339270345983E-03  0.319541715043670E-03
 0.700000E+01  0.223754710071910E-02  0.466954567855282E-03  0.214520548979635E-03
 0.800000E+01  0.128731224997651E-02  0.209543635776299E-03  0.870200219416084E-04
 0.900000E+01  0.722176761210137E-03  0.130895552260313E-03  0.704508856426145E-04
 0.100000E+02  0.468327722740016E-03  0.515217113283839E-04  0.579654939159013E-04
 0.110000E+02  0.295236954199807E-03  0.203553218150465E-04  0.400069812247494E-04
 0.120000E+02  0.256485011009051E-03  0.176989267495209E-04  0.308623680485842E-04
 0.130000E+02  0.186491024150446E-03  0.802968858115705E-05  0.288635782759172E-04
 0.140000E+02  0.134090408680673E-03  0.724123033313262E-05  0.170122590218424E-04
 0.150000E+02  0.105141663975276E-03  0.608894850184782E-05  0.118579124575025E-04
 0.160000E+02  0.783111083726811E-04  0.316764315755336E-05  0.983836612045152E-05
 0.170000E+02  0.637619952835240E-04  0.228568136967366E-05  0.696635744912300E-05
 0.180000E+02  0.455086678005961E-04  0.147395321903332E-05  0.556389850359107E-05
 0.190000E+02  0.372194134953394E-04  0.108149222971532E-05  0.537686806123538E-05
 0.200000E+02  0.310886528680112E-04  0.898116152669992E-06  0.382570766736812E-05
 0.210000E+02  0.268385127453440E-04  0.706460281316157E-06  0.314252580491114E-05
 0.220000E+02  0.195743907071330E-04  0.372099139448606E-06  0.227100060609664E-05
 0.230000E+02  0.144233332093271E-04  0.282149985021685E-06  0.175292702894736E-05
 0.240000E+02  0.132566393360027E-04  0.232794138563253E-06  0.130086482900971E-05
 0.250000E+02  0.111835734575702E-04  0.194880987024887E-06  0.125599237276591E-05
 0.260000E+02  0.906850294708609E-05  0.129333524623255E-06  0.103918617427867E-05
 0.270000E+02  0.628927041365178E-05  0.925035072448481E-07  0.622428977551867E-06
 0.280000E+02  0.518529153890350E-05  0.738795972905770E-07  0.536944251727789E-06
 0.290000E+02  0.508916415213599E-05  0.735916561320302E-07  0.514640331558680E-06
 0.300000E+02  0.358644630423178E-05  0.502762828986057E-07  0.363906086955218E-06
 0.310000E+02  0.312734196475389E-05  0.377221847781654E-07  0.307632649579163E-06
 0.320000E+02  0.236781232074933E-05  0.222789628782092E-07  0.238744013090347E-06
 0.330000E+02  0.198831113396493E-05  0.191233595272654E-07  0.174051636260184E-06
 0.340000E+02  0.173735404795446E-05  0.167146996786515E-07  0.147247264518577E-06
 0.350000E+02  0.124316751357470E-05  0.129839403666013E-07  0.113583294306455E-06
 0.360000E+02  0.117735015410715E-05  0.866332124012945E-08  0.971076952113736E-07
 0.370000E+02  0.891756091334121E-06  0.738497006667720E-08  0.719785851095722E-07
 0.380000E+02  0.850018298375239E-06  0.489675256042815E-08  0.782077523220001E-07
 0.390000E+02  0.664291610005697E-06  0.374470916463519E-08  0.516266320428485E-07
 0.400000E+02  0.486834524715570E-06  0.357887652843790E-08  0.393833955634158E-07
 0.410000E+02  0.473475898103883E-06  0.279942076437207E-08  0.403802801385213E-07
 0.420000E+02  0.363368702021366E-06  0.201856526503878E-08  0.244849105210236E-07
 0.430000E+02  0.343757681368981E-06  0.181921776110428E-08  0.281258749448198E-07
 0.440000E+02  0.261233560749923E-06  0.108411694974274E-08  0.202455020084690E-07
 0.450000E+02  0.196061064704652E-06  0.947883476787661E-09  0.140491709909045E-07
 0.460000E+02  0.187254278448892E-06  0.106650729169065E-08  0.151355504074792E-07
 0.470000E+02  0.139626437147747E-06  0.725092902620984E-09  0.119459825690630E-07
 0.480000E+02  0.124919351447322E-06  0.668031462084871E-09  0.931163784360228E-08
 0.490000E+02  0.103550183622468E-06  0.517488556134041E-09  0.777811489673617E-08
 0.500000E+02  0.856216674238585E-07  0.450698683569060E-09  0.583792000896958E-08
 0.510000E+02  0.671754833251995E-07  0.404216514657296E-09  0.483431213123113E-08
 0.520000E+02  0.567446048035600E-07  0.299059537371146E-09  0.397308977319495E-08
 0.530000E+02  0.479085699001209E-07  0.230969560649854E-09  0.323232200539006E-08
 0.540000E+02  0.373743025199684E-07  0.206270913397868E-09  0.275858583403545E-08
 0.550000E+02  0.365584079340622E-07  0.172174338051252E-09  0.237053008668599E-08
 0.560000E+02  0.262782866567244E-07  0.146840132311506E-09  0.177342254039524E-08
 0.570000E+02  0.225571087297480E-07  0.108276379214280E-09  0.137566239682871E-08
 0.580000E+02  0.201503424207715E-07  0.960280091015794E-10  0.977791699248654E-09
 0.590000E+02  0.159835438914373E-07  0.847019008211187E-10  0.953313403962737E-09
 0.600000E+02  0.143773831833518E-07  0.693557178074199E-10  0.791659088539062E-09
 0.610000E+02  0.121320826051414E-07  0.853623587786256E-10  0.661992203252789E-09
 0.620000E+02  0.932316461415905E-08  0.912958114911093E-10  0.716091771730107E-09
 0.630000E+02  0.599879747321584E-08  0.153586233152591E-09  0.120570937633033E-08
 0.640000E+02  0.120819274452687E-10  0.472096076424219E-12  0.116098313688445E-10
 0.650000E+02  0.000000000000000E+00  0.000000000000000E+00  0.000000000000000E+00
 0.660000E+02  0.000000000000000E+00  0.000000000000000E+00  0.000000000000000E+00
 0.670000E+02  0.000000000000000E+00  0.000000000000000E+00  0.000000000000000E+00
 0.680000E+02  0.000000000000000E+00  0.000000000000000E+00  0.000000000000000E+00
 0.690000E+02  0.000000000000000E+00  0.000000000000000E+00  0.000000000000000E+00
 0.700000E+02  0.000000000000000E+00  0.000000000000000E+00  0.000000000000000E+00
 0.710000E+02  0.000000000000000E+00  0.000000000000000E+00  0.000000000000000E+00
 0.720000E+02  0.000000000000000E+00  0.000000000000000E+00  0.000000000000000E+00
 0.730000E+02  0.000000000000000E+00  0.000000000000000E+00  0.000000000000000E+00
 0.740000E+02  0.000000000000000E+00  0.000000000000000E+00  0.000000000000000E+00
 0.750000E+02  0.000000000000000E+00  0.000000000000000E+00  0.000000000000000E+00
 0.760000E+02  0.000000000000000E+00  0.000000000000000E+00  0.000000000000000E+00
 0.770000E+02  0.000000000000000E+00  0.000000000000000E+00  0.000000000000000E+00
 0.780000E+02  0.000000000000000E+00  0.000000000000000E+00  0.000000000000000E+00
 0.790000E+02  0.000000000000000E+00  0.000000000000000E+00  0.000000000000000E+00
 0.800000E+02  0.000000000000000E+00  0.000000000000000E+00  0.000000000000000E+00
 0.810000E+02  0.000000000000000E+00  0.000000000000000E+00  0.000000000000000E+00
 0.820000E+02  0.000000000000000E+00  0.000000000000000E+00  0.000000000000000E+00
 0.830000E+02  0.000000000000000E+00  0.000000000000000E+00  0.000000000000000E+00
 0.840000E+02  0.000000000000000E+00  0.000000000000000E+00  0.000000000000000E+00
 0.850000E+02  0.000000000000000E+00  0.000000000000000E+00  0.000000000000000E+00
 0.860000E+02  0.000000000000000E+00  0.000000000000000E+00  0.000000000000000E+00
 0.870000E+02  0.000000000000000E+00  0.000000000000000E+00  0.000000000000000E+00
 0.880000E+02  0.000000000000000E+00  0.000000000000000E+00  0.000000000000000E+00
 0.890000E+02  0.000000000000000E+00  0.000000000000000E+00  0.000000000000000E+00
 0.900000E+02  0.000000000000000E+00  0.000000000000000E+00  0.000000000000000E+00
 0.910000E+02  0.000000000000000E+00  0.000000000000000E+00  0.000000000000000E+00
 0.920000E+02  0.000000000000000E+00  0.000000000000000E+00  0.000000000000000E+00
 0.930000E+02  0.000000000000000E+00  0.000000000000000E+00  0.000000000000000E+00
 0.940000E+02  0.000000000000000E+00  0.000000000000000E+00  0.000000000000000E+00
 0.950000E+02  0.000000000000000E+00  0.000000000000000E+00  0.000000000000000E+00
 0.960000E+02  0.000000000000000E+00  0.000000000000000E+00  0.000000000000000E+00
