 0.100000E+01  0.208273279708495E-01
 0.200000E+01  0.261981726932159E-01
 0.300000E+01  0.147272455169852E-01
 0.400000E+01  0.124563815372285E+00
 0.500000E+01  0.299066032307708E-01
 0.600000E+01  0.317321109920967E-02
 0.700000E+01  0.890847578420262E-03
 0.800000E+01  0.254904488094870E-01
 0.900000E+01  0.598708152847352E-02
 0.100000E+02  0.643250662182420E-03
 0.110000E+02  0.294896707785442E-03
 0.120000E+02  0.127996600466622E-01
 0.130000E+02  0.208482770843086E-02
 0.140000E+02  0.325293396969396E-03
 0.150000E+02  0.115783214173078E-03
 0.160000E+02  0.415361006868684E-02
 0.170000E+02  0.106342887910106E-02
 0.180000E+02  0.142094125683552E-03
 0.190000E+02  0.634479380730523E-04
 0.200000E+02  0.150189294704133E-02
 0.210000E+02  0.358549415854812E-03
 0.220000E+02  0.775504218834998E-04
 0.230000E+02  0.300201544724629E-04
 0.240000E+02  0.472257497342024E-03
 0.250000E+02  0.224418840745237E-03
 0.260000E+02  0.348808406616247E-04
 0.270000E+02  0.163788479235444E-04
 0.280000E+02  0.227312900113516E-03
 0.290000E+02  0.811695873299155E-04
 0.300000E+02  0.203240400935159E-04
 0.310000E+02  0.823016574816924E-05
 0.320000E+02  0.864979931399241E-04
 0.330000E+02  0.380774525234389E-04
 0.340000E+02  0.109121451450443E-04
 0.350000E+02  0.479413911741420E-05
 0.360000E+02  0.343631987795040E-04
 0.370000E+02  0.199388096701110E-04
 0.380000E+02  0.537063259719267E-05
 0.390000E+02  0.217969120617797E-05
 0.400000E+02  0.121972706900681E-04
 0.410000E+02  0.878763047358041E-05
 0.420000E+02  0.284559454094090E-05
 0.430000E+02  0.122546373115777E-05
 0.440000E+02  0.515323849777076E-05
 0.450000E+02  0.435015742581810E-05
 0.460000E+02  0.145634711662235E-05
 0.470000E+02  0.664288487588169E-06
 0.480000E+02  0.230227113482572E-05
 0.490000E+02  0.205115132304453E-05
 0.500000E+02  0.765789801414927E-06
 0.510000E+02  0.375199926076991E-06
 0.520000E+02  0.102631155159267E-05
 0.530000E+02  0.975173101802683E-06
 0.540000E+02  0.414840306229558E-06
 0.550000E+02  0.202137186717669E-06
 0.560000E+02  0.445561838027556E-06
 0.570000E+02  0.503988497900004E-06
 0.580000E+02  0.232439744615716E-06
 0.590000E+02  0.135797385260426E-06
 0.600000E+02  0.245325717017317E-06
 0.610000E+02  0.334551527216213E-06
 0.620000E+02  0.189118487199199E-06
 0.630000E+02  0.100313271224229E-06
 0.640000E+02  0.460449150532612E-07
 0.650000E+02  0.000000000000000E+00
 0.660000E+02  0.000000000000000E+00
 0.670000E+02  0.000000000000000E+00
 0.680000E+02  0.000000000000000E+00
 0.690000E+02  0.000000000000000E+00
 0.700000E+02  0.000000000000000E+00
 0.710000E+02  0.000000000000000E+00
 0.720000E+02  0.000000000000000E+00
 0.730000E+02  0.000000000000000E+00
 0.740000E+02  0.000000000000000E+00
 0.750000E+02  0.000000000000000E+00
 0.760000E+02  0.000000000000000E+00
 0.770000E+02  0.000000000000000E+00
 0.780000E+02  0.000000000000000E+00
 0.790000E+02  0.000000000000000E+00
 0.800000E+02  0.000000000000000E+00
 0.810000E+02  0.000000000000000E+00
 0.820000E+02  0.000000000000000E+00
 0.830000E+02  0.000000000000000E+00
 0.840000E+02  0.000000000000000E+00
 0.850000E+02  0.000000000000000E+00
 0.860000E+02  0.000000000000000E+00
 0.870000E+02  0.000000000000000E+00
 0.880000E+02  0.000000000000000E+00
 0.890000E+02  0.000000000000000E+00
 0.900000E+02  0.000000000000000E+00
 0.910000E+02  0.000000000000000E+00
 0.920000E+02  0.000000000000000E+00
 0.930000E+02  0.000000000000000E+00
 0.940000E+02  0.000000000000000E+00
 0.950000E+02  0.000000000000000E+00
 0.960000E+02  0.000000000000000E+00
 0.970000E+02  0.000000000000000E+00
