 0.100000E+01  0.521463781600580E-02
 0.200000E+01  0.123191693009674E-01
 0.300000E+01  0.240410970474862E-01
 0.400000E+01  0.191136122221874E-01
 0.500000E+01  0.366584558450812E-03
 0.600000E+01  0.142504142718664E-03
 0.700000E+01  0.164361771371693E-04
 0.800000E+01  0.493025940883377E-05
 0.900000E+01  0.239075993876929E-05
 0.100000E+02  0.573645609451143E-06
 0.110000E+02  0.274041271816051E-06
 0.120000E+02  0.872947558601031E-07
 0.130000E+02  0.452984200113304E-07
 0.140000E+02  0.179783209615555E-07
 0.150000E+02  0.743312180396825E-08
 0.160000E+02  0.357378722212047E-08
 0.170000E+02  0.156771890932953E-08
 0.180000E+02  0.646492339189861E-09
 0.190000E+02  0.284150456303726E-09
 0.200000E+02  0.140919642403880E-09
 0.210000E+02  0.603728454932081E-10
 0.220000E+02  0.297094626634502E-10
 0.230000E+02  0.129443770641369E-10
 0.240000E+02  0.627158294282160E-11
 0.250000E+02  0.331628593465321E-11
 0.260000E+02  0.128874254867568E-11
 0.270000E+02  0.660460182061972E-12
 0.280000E+02  0.295534709200366E-12
 0.290000E+02  0.138756167430711E-12
 0.300000E+02  0.669479187433835E-13
 0.310000E+02  0.317073300376912E-13
 0.320000E+02  0.155676473334050E-13
 0.330000E+02  0.767168294601875E-14
 0.340000E+02  0.330940148685229E-14
 0.350000E+02  0.147170392900098E-14
 0.360000E+02  0.693354673755588E-15
 0.370000E+02  0.330913520734184E-15
 0.380000E+02  0.167713276798652E-15
 0.390000E+02  0.766559802996032E-16
 0.400000E+02  0.319680288498675E-16
 0.410000E+02  0.151352293902021E-16
 0.420000E+02  0.690894528671374E-17
 0.430000E+02  0.346570556485504E-17
 0.440000E+02  0.159848381040248E-17
 0.450000E+02  0.704302812657087E-18
 0.460000E+02  0.365174696775582E-18
 0.470000E+02  0.162135671798631E-18
 0.480000E+02  0.146566799207351E-18
 0.490000E+02  0.652592422478912E-19
 0.500000E+02  0.384792290724507E-19
 0.510000E+02  0.249857825759115E-19
 0.520000E+02  0.265332515535918E-19
 0.530000E+02  0.121853868493565E-19
 0.540000E+02  0.124102812170367E-19
 0.550000E+02  0.104510502701564E-19
 0.560000E+02  0.208306214358359E-19
 0.570000E+02  0.107075595858094E-19
 0.580000E+02  0.147071419642503E-19
 0.590000E+02  0.124175325386989E-19
 0.600000E+02  0.193952999875898E-19
 0.610000E+02  0.173167117985074E-19
 0.620000E+02  0.290929131925648E-19
 0.630000E+02  0.187447725867575E-19
 0.640000E+02  0.501290393985378E-20
 0.650000E+02  0.000000000000000E+00
 0.660000E+02  0.000000000000000E+00
 0.670000E+02  0.000000000000000E+00
 0.680000E+02  0.000000000000000E+00
 0.690000E+02  0.000000000000000E+00
 0.700000E+02  0.000000000000000E+00
 0.710000E+02  0.000000000000000E+00
 0.720000E+02  0.000000000000000E+00
 0.730000E+02  0.000000000000000E+00
 0.740000E+02  0.000000000000000E+00
 0.750000E+02  0.000000000000000E+00
 0.760000E+02  0.000000000000000E+00
 0.770000E+02  0.000000000000000E+00
 0.780000E+02  0.000000000000000E+00
 0.790000E+02  0.000000000000000E+00
 0.800000E+02  0.000000000000000E+00
 0.810000E+02  0.000000000000000E+00
 0.820000E+02  0.000000000000000E+00
 0.830000E+02  0.000000000000000E+00
 0.840000E+02  0.000000000000000E+00
 0.850000E+02  0.000000000000000E+00
 0.860000E+02  0.000000000000000E+00
 0.870000E+02  0.000000000000000E+00
 0.880000E+02  0.000000000000000E+00
 0.890000E+02  0.000000000000000E+00
 0.900000E+02  0.000000000000000E+00
 0.910000E+02  0.000000000000000E+00
 0.920000E+02  0.000000000000000E+00
 0.930000E+02  0.000000000000000E+00
 0.940000E+02  0.000000000000000E+00
 0.950000E+02  0.000000000000000E+00
 0.960000E+02  0.000000000000000E+00
 0.970000E+02  0.000000000000000E+00
