 0.000000E+00  0.126421257839573E-01  0.000000000000000E+00  0.000000000000000E+00
 0.100000E+01  0.213574608800514E+00  0.194951090728864E+00  0.628078640147578E-03
 0.200000E+01  0.775385970306690E-01  0.579594931041356E-01  0.160422096269031E-02
 0.300000E+01  0.382485103980044E-01  0.293498765677214E-01  0.998006321196954E-03
 0.400000E+01  0.164381558002745E-01  0.748128758277744E-02  0.522487163379992E-03
 0.500000E+01  0.853256759108972E-02  0.233920554990164E-02  0.495970153679082E-03
 0.600000E+01  0.417302126431919E-02  0.129729755856078E-02  0.264801421394623E-03
 0.700000E+01  0.198452189838692E-02  0.432541881046689E-03  0.200210424395664E-03
 0.800000E+01  0.121463712091461E-02  0.238969666611411E-03  0.131054066621061E-03
 0.900000E+01  0.675183623734635E-03  0.124479212047390E-03  0.891222793981683E-04
 0.100000E+02  0.455469449042710E-03  0.621265588374165E-04  0.646129913377536E-04
 0.110000E+02  0.250599161443552E-03  0.249776427079240E-04  0.342971775850742E-04
 0.120000E+02  0.235054809695627E-03  0.236678462819384E-04  0.348832474061922E-04
 0.130000E+02  0.167435493190577E-03  0.149578497894431E-04  0.227780824565427E-04
 0.140000E+02  0.110350705913501E-03  0.845160351037322E-05  0.163823710033206E-04
 0.150000E+02  0.951650627952279E-04  0.601021189905460E-05  0.169408419039008E-04
 0.160000E+02  0.707213674556187E-04  0.388193205536069E-05  0.122802828981250E-04
 0.170000E+02  0.615197185214027E-04  0.363045220821978E-05  0.101231608280461E-04
 0.180000E+02  0.489626786852349E-04  0.241657008007157E-05  0.836083999949944E-05
 0.190000E+02  0.370067385772125E-04  0.160741458514468E-05  0.563207594328485E-05
 0.200000E+02  0.293511983161150E-04  0.907513796513659E-06  0.412315201714364E-05
 0.210000E+02  0.287492259841437E-04  0.789399876903463E-06  0.369687072596103E-05
 0.220000E+02  0.205449572020817E-04  0.482136938761979E-06  0.324039459487224E-05
 0.230000E+02  0.170993115912977E-04  0.407971039458055E-06  0.214761669605629E-05
 0.240000E+02  0.147939977632276E-04  0.313369275974432E-06  0.198729369853268E-05
 0.250000E+02  0.121266260339964E-04  0.190811059414464E-06  0.126115376498925E-05
 0.260000E+02  0.101538063649544E-04  0.173910269805292E-06  0.120050462081023E-05
 0.270000E+02  0.769198774420943E-05  0.123812645860203E-06  0.948230601621747E-06
 0.280000E+02  0.578119857403038E-05  0.100529978010536E-06  0.701033052760702E-06
 0.290000E+02  0.529962973270620E-05  0.848509195306053E-07  0.542770102779366E-06
 0.300000E+02  0.412173690931474E-05  0.503730838569139E-07  0.462327484990199E-06
 0.310000E+02  0.341116144522157E-05  0.440987912812959E-07  0.370110607161855E-06
 0.320000E+02  0.259076324851472E-05  0.280518124390035E-07  0.255645719300299E-06
 0.330000E+02  0.223100036155106E-05  0.219567406735616E-07  0.253837779974272E-06
 0.340000E+02  0.180952837770903E-05  0.192237470051640E-07  0.174587229222309E-06
 0.350000E+02  0.138103459748507E-05  0.126139142074197E-07  0.145028964430687E-06
 0.360000E+02  0.119943657294397E-05  0.104054733227185E-07  0.142892869094266E-06
 0.370000E+02  0.932924107472623E-06  0.841374520423911E-08  0.965749865399282E-07
 0.380000E+02  0.856704649801810E-06  0.766225266296826E-08  0.916730507059035E-07
 0.390000E+02  0.656321682031909E-06  0.511571228606377E-08  0.623262522807797E-07
 0.400000E+02  0.508664995291732E-06  0.384918972536036E-08  0.478532974655449E-07
 0.410000E+02  0.490538312046001E-06  0.364283065167157E-08  0.502165797225276E-07
 0.420000E+02  0.372455159368115E-06  0.272732142277394E-08  0.358247333114586E-07
 0.430000E+02  0.331403530362880E-06  0.233650649211093E-08  0.366598160342997E-07
 0.440000E+02  0.256316310930305E-06  0.180103677271648E-08  0.252381258817116E-07
 0.450000E+02  0.196816571025901E-06  0.128540495388053E-08  0.216091282517534E-07
 0.460000E+02  0.180168263415283E-06  0.106776105684875E-08  0.201796377709431E-07
 0.470000E+02  0.136979984663377E-06  0.835540291819600E-09  0.147200816552905E-07
 0.480000E+02  0.122226446158108E-06  0.657906805270022E-09  0.130518392820681E-07
 0.490000E+02  0.932454454988096E-07  0.505398536321070E-09  0.906583377231838E-08
 0.500000E+02  0.827379022453280E-07  0.437473190761893E-09  0.850687696397597E-08
 0.510000E+02  0.639152339032507E-07  0.352409415800510E-09  0.617018910693389E-08
 0.520000E+02  0.526278392236019E-07  0.277821127515023E-09  0.528857718265179E-08
 0.530000E+02  0.448908981565687E-07  0.223665802134264E-09  0.503452513203522E-08
 0.540000E+02  0.359215062640244E-07  0.198336568142599E-09  0.378412185373400E-08
 0.550000E+02  0.332847551636186E-07  0.160883331638065E-09  0.349661782117976E-08
 0.560000E+02  0.260239520888254E-07  0.140820653825218E-09  0.248981181085275E-08
 0.570000E+02  0.228056398603534E-07  0.101200899830119E-09  0.193798674888415E-08
 0.580000E+02  0.199974372861934E-07  0.100479263741547E-09  0.200447408736475E-08
 0.590000E+02  0.172602941458031E-07  0.871474057712094E-10  0.144503064409971E-08
 0.600000E+02  0.156619686700475E-07  0.803331658165743E-10  0.125352494658967E-08
 0.610000E+02  0.138866931851023E-07  0.105047985972395E-09  0.994608814367543E-09
 0.620000E+02  0.140394338660965E-07  0.946887513957360E-10  0.163780119428344E-08
 0.630000E+02  0.114283633888056E-07  0.148652481807896E-09  0.302324311386277E-08
 0.640000E+02  0.331127329836074E-10  0.493016505272420E-13  0.330634313330802E-10
 0.650000E+02  0.000000000000000E+00  0.000000000000000E+00  0.000000000000000E+00
 0.660000E+02  0.000000000000000E+00  0.000000000000000E+00  0.000000000000000E+00
 0.670000E+02  0.000000000000000E+00  0.000000000000000E+00  0.000000000000000E+00
 0.680000E+02  0.000000000000000E+00  0.000000000000000E+00  0.000000000000000E+00
 0.690000E+02  0.000000000000000E+00  0.000000000000000E+00  0.000000000000000E+00
 0.700000E+02  0.000000000000000E+00  0.000000000000000E+00  0.000000000000000E+00
 0.710000E+02  0.000000000000000E+00  0.000000000000000E+00  0.000000000000000E+00
 0.720000E+02  0.000000000000000E+00  0.000000000000000E+00  0.000000000000000E+00
 0.730000E+02  0.000000000000000E+00  0.000000000000000E+00  0.000000000000000E+00
 0.740000E+02  0.000000000000000E+00  0.000000000000000E+00  0.000000000000000E+00
 0.750000E+02  0.000000000000000E+00  0.000000000000000E+00  0.000000000000000E+00
 0.760000E+02  0.000000000000000E+00  0.000000000000000E+00  0.000000000000000E+00
 0.770000E+02  0.000000000000000E+00  0.000000000000000E+00  0.000000000000000E+00
 0.780000E+02  0.000000000000000E+00  0.000000000000000E+00  0.000000000000000E+00
 0.790000E+02  0.000000000000000E+00  0.000000000000000E+00  0.000000000000000E+00
 0.800000E+02  0.000000000000000E+00  0.000000000000000E+00  0.000000000000000E+00
 0.810000E+02  0.000000000000000E+00  0.000000000000000E+00  0.000000000000000E+00
 0.820000E+02  0.000000000000000E+00  0.000000000000000E+00  0.000000000000000E+00
 0.830000E+02  0.000000000000000E+00  0.000000000000000E+00  0.000000000000000E+00
 0.840000E+02  0.000000000000000E+00  0.000000000000000E+00  0.000000000000000E+00
 0.850000E+02  0.000000000000000E+00  0.000000000000000E+00  0.000000000000000E+00
 0.860000E+02  0.000000000000000E+00  0.000000000000000E+00  0.000000000000000E+00
 0.870000E+02  0.000000000000000E+00  0.000000000000000E+00  0.000000000000000E+00
 0.880000E+02  0.000000000000000E+00  0.000000000000000E+00  0.000000000000000E+00
 0.890000E+02  0.000000000000000E+00  0.000000000000000E+00  0.000000000000000E+00
 0.900000E+02  0.000000000000000E+00  0.000000000000000E+00  0.000000000000000E+00
 0.910000E+02  0.000000000000000E+00  0.000000000000000E+00  0.000000000000000E+00
 0.920000E+02  0.000000000000000E+00  0.000000000000000E+00  0.000000000000000E+00
 0.930000E+02  0.000000000000000E+00  0.000000000000000E+00  0.000000000000000E+00
 0.940000E+02  0.000000000000000E+00  0.000000000000000E+00  0.000000000000000E+00
 0.950000E+02  0.000000000000000E+00  0.000000000000000E+00  0.000000000000000E+00
 0.960000E+02  0.000000000000000E+00  0.000000000000000E+00  0.000000000000000E+00
