 0.000000E+00  0.865095335224158E-01  0.000000000000000E+00  0.000000000000000E+00
 0.100000E+01  0.100769243417175E+00  0.160438861930743E-01  0.313971328432672E-02
 0.200000E+01  0.103383383651929E+00  0.394258535234258E-01  0.184587043167994E-02
 0.300000E+01  0.479252738196906E-01  0.193994436194771E-01  0.610023124977488E-03
 0.400000E+01  0.119796364757817E-01  0.385483742866199E-02  0.373968440023020E-03
 0.500000E+01  0.462050208457908E-02  0.403508729476698E-03  0.289399356772080E-03
 0.600000E+01  0.180991383172839E-02  0.146696845071403E-03  0.156805144399641E-03
 0.700000E+01  0.108765213545575E-02  0.461567428828857E-04  0.796678428542918E-04
 0.800000E+01  0.667593720466099E-03  0.309173602559554E-04  0.323706933897938E-04
 0.900000E+01  0.318898149214800E-03  0.185336287357174E-04  0.211737886623986E-04
 0.100000E+02  0.257782632709888E-03  0.129525407723818E-04  0.199803553559974E-04
 0.110000E+02  0.146045019875205E-03  0.560698949314542E-05  0.956599217172283E-05
 0.120000E+02  0.114558366737653E-03  0.483394113992563E-05  0.722345165960619E-05
 0.130000E+02  0.854528695721606E-04  0.362408043796947E-05  0.568845343185131E-05
 0.140000E+02  0.551774903589667E-04  0.148954846512783E-05  0.408906352911131E-05
 0.150000E+02  0.419192510051535E-04  0.138866793536474E-05  0.281333976827336E-05
 0.160000E+02  0.308219683380455E-04  0.695242556969511E-06  0.317049616956402E-05
 0.170000E+02  0.264753604236970E-04  0.696322544548045E-06  0.204478640081218E-05
 0.180000E+02  0.188675488556876E-04  0.457614745340285E-06  0.173928151431246E-05
 0.190000E+02  0.144604456709361E-04  0.340268038565017E-06  0.921789471114431E-06
 0.200000E+02  0.107175727791642E-04  0.238240245559185E-06  0.804664540256239E-06
 0.210000E+02  0.892130870840920E-05  0.197619881285582E-06  0.547665690978083E-06
 0.220000E+02  0.664133919730927E-05  0.158563889428472E-06  0.537853033437397E-06
 0.230000E+02  0.470198574118009E-05  0.891499407941476E-07  0.298651105117009E-06
 0.240000E+02  0.405775106013525E-05  0.675131205658645E-07  0.281829595455679E-06
 0.250000E+02  0.330171070795488E-05  0.561974117972101E-07  0.238342054200563E-06
 0.260000E+02  0.264801606858303E-05  0.417858279336443E-07  0.195091184396114E-06
 0.270000E+02  0.182965970568290E-05  0.283844773089383E-07  0.113551969491317E-06
 0.280000E+02  0.151543031561177E-05  0.244788254629476E-07  0.104561872770815E-06
 0.290000E+02  0.135109259050961E-05  0.184882389645154E-07  0.985978619982147E-07
 0.300000E+02  0.105980869385137E-05  0.146481033731641E-07  0.736126009507178E-07
 0.310000E+02  0.895289435738628E-06  0.119328960688906E-07  0.594768970714823E-07
 0.320000E+02  0.689000443009086E-06  0.102429508781060E-07  0.464423668316075E-07
 0.330000E+02  0.564086804484459E-06  0.789796271373662E-08  0.360973241300623E-07
 0.340000E+02  0.488563308669128E-06  0.669499764560156E-08  0.274428508619841E-07
 0.350000E+02  0.354442688769464E-06  0.514659249934010E-08  0.184191662187284E-07
 0.360000E+02  0.327740949222788E-06  0.473659904787221E-08  0.193134478878448E-07
 0.370000E+02  0.245778943251932E-06  0.365552543367154E-08  0.133442469194781E-07
 0.380000E+02  0.230703482690411E-06  0.314159373103647E-08  0.136074049185593E-07
 0.390000E+02  0.172275933987838E-06  0.242491016073140E-08  0.116630228280028E-07
 0.400000E+02  0.133420878504249E-06  0.178596660193194E-08  0.779891965294228E-08
 0.410000E+02  0.127333028798219E-06  0.154458697799828E-08  0.791805191134583E-08
 0.420000E+02  0.100376335935105E-06  0.130682673704305E-08  0.630424432218591E-08
 0.430000E+02  0.875110780418839E-07  0.103396900987847E-08  0.537072217615350E-08
 0.440000E+02  0.691445717123011E-07  0.868484014557836E-09  0.442448553647181E-08
 0.450000E+02  0.560688486027210E-07  0.652996985403414E-09  0.322678579560057E-08
 0.460000E+02  0.519002024951857E-07  0.576046749648060E-09  0.346843777280725E-08
 0.470000E+02  0.418055838131869E-07  0.497572847697357E-09  0.222420594949194E-08
 0.480000E+02  0.377694127911176E-07  0.403156793745830E-09  0.217539508335096E-08
 0.490000E+02  0.319536621392452E-07  0.393778363347606E-09  0.162503552404550E-08
 0.500000E+02  0.288645606810688E-07  0.291322172061498E-09  0.171735958237612E-08
 0.510000E+02  0.226942261539875E-07  0.248656609282883E-09  0.114328474439603E-08
 0.520000E+02  0.198573429946071E-07  0.198917893901719E-09  0.896634861783742E-09
 0.530000E+02  0.178207689101698E-07  0.177988857032806E-09  0.898865040301696E-09
 0.540000E+02  0.154817814678376E-07  0.162054759395753E-09  0.781931358697120E-09
 0.550000E+02  0.147636120648158E-07  0.152377463502521E-09  0.711111642802310E-09
 0.560000E+02  0.108172511034058E-07  0.135073438338949E-09  0.576396681911470E-09
 0.570000E+02  0.988203960093375E-08  0.134625785012385E-09  0.521139426141386E-09
 0.580000E+02  0.796314773533718E-08  0.117761822153586E-09  0.464770898191498E-09
 0.590000E+02  0.741620277893777E-08  0.121306986785340E-09  0.498832027384611E-09
 0.600000E+02  0.720692299200969E-08  0.101107822362371E-09  0.531603420469812E-09
 0.610000E+02  0.671089497869683E-08  0.937352382207031E-10  0.591838190432360E-09
 0.620000E+02  0.677837316348094E-08  0.108087969302353E-09  0.944978906928115E-09
 0.630000E+02  0.487250589214536E-08  0.213211992117754E-09  0.109407742982082E-08
 0.640000E+02  0.315661846366096E-11  0.140283701742148E-11  0.175378144623949E-11
 0.650000E+02  0.000000000000000E+00  0.000000000000000E+00  0.000000000000000E+00
 0.660000E+02  0.000000000000000E+00  0.000000000000000E+00  0.000000000000000E+00
 0.670000E+02  0.000000000000000E+00  0.000000000000000E+00  0.000000000000000E+00
 0.680000E+02  0.000000000000000E+00  0.000000000000000E+00  0.000000000000000E+00
 0.690000E+02  0.000000000000000E+00  0.000000000000000E+00  0.000000000000000E+00
 0.700000E+02  0.000000000000000E+00  0.000000000000000E+00  0.000000000000000E+00
 0.710000E+02  0.000000000000000E+00  0.000000000000000E+00  0.000000000000000E+00
 0.720000E+02  0.000000000000000E+00  0.000000000000000E+00  0.000000000000000E+00
 0.730000E+02  0.000000000000000E+00  0.000000000000000E+00  0.000000000000000E+00
 0.740000E+02  0.000000000000000E+00  0.000000000000000E+00  0.000000000000000E+00
 0.750000E+02  0.000000000000000E+00  0.000000000000000E+00  0.000000000000000E+00
 0.760000E+02  0.000000000000000E+00  0.000000000000000E+00  0.000000000000000E+00
 0.770000E+02  0.000000000000000E+00  0.000000000000000E+00  0.000000000000000E+00
 0.780000E+02  0.000000000000000E+00  0.000000000000000E+00  0.000000000000000E+00
 0.790000E+02  0.000000000000000E+00  0.000000000000000E+00  0.000000000000000E+00
 0.800000E+02  0.000000000000000E+00  0.000000000000000E+00  0.000000000000000E+00
 0.810000E+02  0.000000000000000E+00  0.000000000000000E+00  0.000000000000000E+00
 0.820000E+02  0.000000000000000E+00  0.000000000000000E+00  0.000000000000000E+00
 0.830000E+02  0.000000000000000E+00  0.000000000000000E+00  0.000000000000000E+00
 0.840000E+02  0.000000000000000E+00  0.000000000000000E+00  0.000000000000000E+00
 0.850000E+02  0.000000000000000E+00  0.000000000000000E+00  0.000000000000000E+00
 0.860000E+02  0.000000000000000E+00  0.000000000000000E+00  0.000000000000000E+00
 0.870000E+02  0.000000000000000E+00  0.000000000000000E+00  0.000000000000000E+00
 0.880000E+02  0.000000000000000E+00  0.000000000000000E+00  0.000000000000000E+00
 0.890000E+02  0.000000000000000E+00  0.000000000000000E+00  0.000000000000000E+00
 0.900000E+02  0.000000000000000E+00  0.000000000000000E+00  0.000000000000000E+00
 0.910000E+02  0.000000000000000E+00  0.000000000000000E+00  0.000000000000000E+00
 0.920000E+02  0.000000000000000E+00  0.000000000000000E+00  0.000000000000000E+00
 0.930000E+02  0.000000000000000E+00  0.000000000000000E+00  0.000000000000000E+00
 0.940000E+02  0.000000000000000E+00  0.000000000000000E+00  0.000000000000000E+00
 0.950000E+02  0.000000000000000E+00  0.000000000000000E+00  0.000000000000000E+00
 0.960000E+02  0.000000000000000E+00  0.000000000000000E+00  0.000000000000000E+00
