 0.000000E+00  0.700422551401590E-01  0.000000000000000E+00  0.000000000000000E+00
 0.100000E+01  0.106546549327492E+00  0.281449250760488E-01  0.160265942673732E-02
 0.200000E+01  0.732508228544038E-01  0.283346293763316E-01  0.202239263489901E-02
 0.300000E+01  0.336419315172483E-01  0.147059677910875E-01  0.235995479488338E-02
 0.400000E+01  0.964393895991011E-02  0.306401419129543E-02  0.604791452133213E-03
 0.500000E+01  0.423118241683153E-02  0.427226808831449E-03  0.389767704973565E-03
 0.600000E+01  0.139814414772996E-02  0.115120833896754E-03  0.121728869785898E-03
 0.700000E+01  0.898331622010775E-03  0.634136471759916E-04  0.100328991237575E-03
 0.800000E+01  0.555182285191823E-03  0.275784653633870E-04  0.629401409284469E-04
 0.900000E+01  0.307450344931435E-03  0.122542820415461E-04  0.470434472106263E-04
 0.100000E+02  0.203634237470730E-03  0.728253890969199E-05  0.270090899627817E-04
 0.110000E+02  0.123562359840251E-03  0.433731944582405E-05  0.190736937352165E-04
 0.120000E+02  0.105431018940952E-03  0.300557740984253E-05  0.116172362181199E-04
 0.130000E+02  0.726015496193721E-04  0.192968862933185E-05  0.901370718331407E-05
 0.140000E+02  0.467726609229978E-04  0.134100897363973E-05  0.602298415053326E-05
 0.150000E+02  0.347101325562878E-04  0.908206694072433E-06  0.422465642091474E-05
 0.160000E+02  0.233322386437177E-04  0.467855072280865E-06  0.297375735827665E-05
 0.170000E+02  0.209309911325811E-04  0.412774229179014E-06  0.216683048821775E-05
 0.180000E+02  0.134213998105965E-04  0.278135722252271E-06  0.109600597472670E-05
 0.190000E+02  0.956536281748068E-05  0.139395971467116E-06  0.911085852844939E-06
 0.200000E+02  0.721825292450755E-05  0.148085034124001E-06  0.617956099041583E-06
 0.210000E+02  0.592759116276399E-05  0.846072531897845E-07  0.461470358766036E-06
 0.220000E+02  0.394728788663396E-05  0.535346346437066E-07  0.296064471216884E-06
 0.230000E+02  0.293014896288793E-05  0.435906977024753E-07  0.226017661378308E-06
 0.240000E+02  0.238510036131235E-05  0.458171184620354E-07  0.168899882877459E-06
 0.250000E+02  0.196227467775962E-05  0.231114655245643E-07  0.138519781437947E-06
 0.260000E+02  0.151109764225047E-05  0.186414424623092E-07  0.956628433343432E-07
 0.270000E+02  0.106522599510261E-05  0.128419085703921E-07  0.712421192854834E-07
 0.280000E+02  0.813073854116893E-06  0.960235137294229E-08  0.541286384041651E-07
 0.290000E+02  0.725463255495592E-06  0.683442012446684E-08  0.620695922866864E-07
 0.300000E+02  0.538683642873325E-06  0.600825887019222E-08  0.343271193135094E-07
 0.310000E+02  0.443309442324014E-06  0.511103331686980E-08  0.334974354197572E-07
 0.320000E+02  0.343902731600074E-06  0.326093401039436E-08  0.262584970126163E-07
 0.330000E+02  0.273019848221326E-06  0.259772185439734E-08  0.191607878308046E-07
 0.340000E+02  0.235995992075804E-06  0.220648935249010E-08  0.146715232553002E-07
 0.350000E+02  0.168803142983054E-06  0.149707156786865E-08  0.106983651690742E-07
 0.360000E+02  0.148825360342884E-06  0.122908447068788E-08  0.100123204679371E-07
 0.370000E+02  0.111540458986414E-06  0.836012843448978E-09  0.738005204409080E-08
 0.380000E+02  0.970172996923769E-07  0.693097396156885E-09  0.586950891975089E-08
 0.390000E+02  0.741779921833807E-07  0.689188939464578E-09  0.453869733447023E-08
 0.400000E+02  0.568440838952637E-07  0.414938183330760E-09  0.390325745637917E-08
 0.410000E+02  0.521939398614386E-07  0.354098658499681E-09  0.304964945828444E-08
 0.420000E+02  0.399724559882476E-07  0.282222635068648E-09  0.222837451279668E-08
 0.430000E+02  0.329690365195513E-07  0.276563377977044E-09  0.210837937867069E-08
 0.440000E+02  0.250170820729889E-07  0.208738414203930E-09  0.150080995577734E-08
 0.450000E+02  0.199506064757137E-07  0.162635650819352E-09  0.132376540087445E-08
 0.460000E+02  0.174319292923245E-07  0.115006954095867E-09  0.117018943195996E-08
 0.470000E+02  0.137336119527779E-07  0.888014514366791E-10  0.900936576823794E-09
 0.480000E+02  0.119877106722831E-07  0.101514077327537E-09  0.780514554070823E-09
 0.490000E+02  0.962966216740650E-08  0.680007426004265E-10  0.658304227048236E-09
 0.500000E+02  0.835131693407712E-08  0.703866217848081E-10  0.512024939682926E-09
 0.510000E+02  0.648858001470874E-08  0.501019645424099E-10  0.427167887938714E-09
 0.520000E+02  0.526122572308481E-08  0.358139492729981E-10  0.359884666710420E-09
 0.530000E+02  0.450922680161716E-08  0.341307588440133E-10  0.287405136255170E-09
 0.540000E+02  0.366506537575098E-08  0.333649744413019E-10  0.232295926463948E-09
 0.550000E+02  0.343079674449373E-08  0.290191848899308E-10  0.245016976121025E-09
 0.560000E+02  0.257542320567661E-08  0.199561736893158E-10  0.187235653845464E-09
 0.570000E+02  0.233743694639739E-08  0.202015070411327E-10  0.164948574334844E-09
 0.580000E+02  0.198110319583889E-08  0.225754305880537E-10  0.172590366619212E-09
 0.590000E+02  0.162437463474916E-08  0.156415388822416E-10  0.131531078381501E-09
 0.600000E+02  0.153510518217653E-08  0.136672305909017E-10  0.886446423829057E-10
 0.610000E+02  0.140142062832081E-08  0.134566167244255E-10  0.125872097949669E-09
 0.620000E+02  0.141109858251228E-08  0.168888942190717E-10  0.217811460093830E-09
 0.630000E+02  0.117516143221281E-08  0.258478562711689E-10  0.361763125899722E-09
 0.640000E+02  0.236926082390816E-11  0.107329425159735E-12  0.226193139874842E-11
 0.650000E+02  0.000000000000000E+00  0.000000000000000E+00  0.000000000000000E+00
 0.660000E+02  0.000000000000000E+00  0.000000000000000E+00  0.000000000000000E+00
 0.670000E+02  0.000000000000000E+00  0.000000000000000E+00  0.000000000000000E+00
 0.680000E+02  0.000000000000000E+00  0.000000000000000E+00  0.000000000000000E+00
 0.690000E+02  0.000000000000000E+00  0.000000000000000E+00  0.000000000000000E+00
 0.700000E+02  0.000000000000000E+00  0.000000000000000E+00  0.000000000000000E+00
 0.710000E+02  0.000000000000000E+00  0.000000000000000E+00  0.000000000000000E+00
 0.720000E+02  0.000000000000000E+00  0.000000000000000E+00  0.000000000000000E+00
 0.730000E+02  0.000000000000000E+00  0.000000000000000E+00  0.000000000000000E+00
 0.740000E+02  0.000000000000000E+00  0.000000000000000E+00  0.000000000000000E+00
 0.750000E+02  0.000000000000000E+00  0.000000000000000E+00  0.000000000000000E+00
 0.760000E+02  0.000000000000000E+00  0.000000000000000E+00  0.000000000000000E+00
 0.770000E+02  0.000000000000000E+00  0.000000000000000E+00  0.000000000000000E+00
 0.780000E+02  0.000000000000000E+00  0.000000000000000E+00  0.000000000000000E+00
 0.790000E+02  0.000000000000000E+00  0.000000000000000E+00  0.000000000000000E+00
 0.800000E+02  0.000000000000000E+00  0.000000000000000E+00  0.000000000000000E+00
 0.810000E+02  0.000000000000000E+00  0.000000000000000E+00  0.000000000000000E+00
 0.820000E+02  0.000000000000000E+00  0.000000000000000E+00  0.000000000000000E+00
 0.830000E+02  0.000000000000000E+00  0.000000000000000E+00  0.000000000000000E+00
 0.840000E+02  0.000000000000000E+00  0.000000000000000E+00  0.000000000000000E+00
 0.850000E+02  0.000000000000000E+00  0.000000000000000E+00  0.000000000000000E+00
 0.860000E+02  0.000000000000000E+00  0.000000000000000E+00  0.000000000000000E+00
 0.870000E+02  0.000000000000000E+00  0.000000000000000E+00  0.000000000000000E+00
 0.880000E+02  0.000000000000000E+00  0.000000000000000E+00  0.000000000000000E+00
 0.890000E+02  0.000000000000000E+00  0.000000000000000E+00  0.000000000000000E+00
 0.900000E+02  0.000000000000000E+00  0.000000000000000E+00  0.000000000000000E+00
 0.910000E+02  0.000000000000000E+00  0.000000000000000E+00  0.000000000000000E+00
 0.920000E+02  0.000000000000000E+00  0.000000000000000E+00  0.000000000000000E+00
 0.930000E+02  0.000000000000000E+00  0.000000000000000E+00  0.000000000000000E+00
 0.940000E+02  0.000000000000000E+00  0.000000000000000E+00  0.000000000000000E+00
 0.950000E+02  0.000000000000000E+00  0.000000000000000E+00  0.000000000000000E+00
 0.960000E+02  0.000000000000000E+00  0.000000000000000E+00  0.000000000000000E+00
