 0.000000E+00  0.235001665993542E-01  0.219779622032235E-01  0.152220439613067E-02
 0.400000E+01  0.381246504709902E-01  0.376697458974785E-01  0.454904573511668E-03
 0.800000E+01  0.138358981933290E-01  0.136314570362273E-01  0.204441157101769E-03
 0.120000E+02  0.604095670636932E-02  0.595113064630514E-02  0.898260600642014E-04
 0.160000E+02  0.220270256313168E-02  0.216264712907064E-02  0.400554340610346E-04
 0.200000E+02  0.973539576549429E-03  0.953933566285065E-03  0.196060102643658E-04
 0.240000E+02  0.387280586260715E-03  0.378846765992000E-03  0.843382026871531E-05
 0.280000E+02  0.170038208099421E-03  0.166043725797471E-03  0.399448230194947E-05
 0.320000E+02  0.783637152333739E-04  0.763056242811038E-04  0.205809095227002E-05
 0.360000E+02  0.358045108238060E-04  0.347755510090951E-04  0.102895981471092E-05
 0.400000E+02  0.171304099067212E-04  0.165977466920443E-04  0.532663214676853E-06
 0.440000E+02  0.785838805061546E-05  0.758048650741321E-05  0.277901543202250E-06
 0.480000E+02  0.410637778746666E-05  0.394490993989257E-05  0.161467847574088E-06
 0.520000E+02  0.231979188795252E-05  0.222368262873004E-05  0.961092592224758E-07
 0.560000E+02  0.149780257990168E-05  0.144093784268146E-05  0.568647372202198E-07
 0.600000E+02  0.926438634261166E-06  0.903746980369501E-06  0.226916538916643E-07
 0.640000E+02  0.435777303131601E-09  0.435777303131601E-09  0.000000000000000E+00
 0.680000E+02  0.000000000000000E+00  0.000000000000000E+00  0.000000000000000E+00
 0.720000E+02  0.000000000000000E+00  0.000000000000000E+00  0.000000000000000E+00
 0.760000E+02  0.000000000000000E+00  0.000000000000000E+00  0.000000000000000E+00
 0.800000E+02  0.000000000000000E+00  0.000000000000000E+00  0.000000000000000E+00
 0.840000E+02  0.000000000000000E+00  0.000000000000000E+00  0.000000000000000E+00
 0.880000E+02  0.000000000000000E+00  0.000000000000000E+00  0.000000000000000E+00
 0.920000E+02  0.000000000000000E+00  0.000000000000000E+00  0.000000000000000E+00
 0.960000E+02  0.000000000000000E+00  0.000000000000000E+00  0.000000000000000E+00
