 0.100000E+01  0.195579163659910E+00
 0.200000E+01  0.566514526868674E-01
 0.300000E+01  0.276685965112518E-01
 0.400000E+01  0.467852468567771E-01
 0.500000E+01  0.204117181680618E-01
 0.600000E+01  0.971344474662532E-02
 0.700000E+01  0.257854322341128E-02
 0.800000E+01  0.454406184953723E-02
 0.900000E+01  0.510978934023151E-02
 0.100000E+02  0.193750761350823E-02
 0.110000E+02  0.728285812475841E-03
 0.120000E+02  0.722127180577538E-03
 0.130000E+02  0.167748559509790E-02
 0.140000E+02  0.583308128377477E-03
 0.150000E+02  0.214267171216222E-03
 0.160000E+02  0.208022080598907E-03
 0.170000E+02  0.583010375674027E-03
 0.180000E+02  0.218310213756442E-03
 0.190000E+02  0.929511652027448E-04
 0.200000E+02  0.840190616662751E-04
 0.210000E+02  0.194719387319748E-03
 0.220000E+02  0.912784986303046E-04
 0.230000E+02  0.492664531912185E-04
 0.240000E+02  0.373103130654316E-04
 0.250000E+02  0.668297023587556E-04
 0.260000E+02  0.401564720681606E-04
 0.270000E+02  0.256247132897569E-04
 0.280000E+02  0.180725319726633E-04
 0.290000E+02  0.233338442448233E-04
 0.300000E+02  0.181836358914357E-04
 0.310000E+02  0.118361551330426E-04
 0.320000E+02  0.863354970894108E-05
 0.330000E+02  0.891517644654030E-05
 0.340000E+02  0.852083359492686E-05
 0.350000E+02  0.567197126699812E-05
 0.360000E+02  0.431710231256002E-05
 0.370000E+02  0.378375942143886E-05
 0.380000E+02  0.396182893553717E-05
 0.390000E+02  0.262254283904552E-05
 0.400000E+02  0.212462428308417E-05
 0.410000E+02  0.189746798955977E-05
 0.420000E+02  0.174697335871581E-05
 0.430000E+02  0.135379457617450E-05
 0.440000E+02  0.103009057156694E-05
 0.450000E+02  0.923308963495578E-06
 0.460000E+02  0.828221184199029E-06
 0.470000E+02  0.642856522908265E-06
 0.480000E+02  0.539139159981163E-06
 0.490000E+02  0.439858021976645E-06
 0.500000E+02  0.384986694282867E-06
 0.510000E+02  0.317199323106633E-06
 0.520000E+02  0.264250038923439E-06
 0.530000E+02  0.206913441959243E-06
 0.540000E+02  0.180438893894137E-06
 0.550000E+02  0.151391123696547E-06
 0.560000E+02  0.129462285766112E-06
 0.570000E+02  0.106624777190688E-06
 0.580000E+02  0.895075313062254E-07
 0.590000E+02  0.857161679123647E-07
 0.600000E+02  0.725787848582378E-07
 0.610000E+02  0.726682150832596E-07
 0.620000E+02  0.678179375003846E-07
 0.630000E+02  0.743581959347419E-07
 0.640000E+02  0.547263405250849E-07
 0.650000E+02  0.000000000000000E+00
 0.660000E+02  0.000000000000000E+00
 0.670000E+02  0.000000000000000E+00
 0.680000E+02  0.000000000000000E+00
 0.690000E+02  0.000000000000000E+00
 0.700000E+02  0.000000000000000E+00
 0.710000E+02  0.000000000000000E+00
 0.720000E+02  0.000000000000000E+00
 0.730000E+02  0.000000000000000E+00
 0.740000E+02  0.000000000000000E+00
 0.750000E+02  0.000000000000000E+00
 0.760000E+02  0.000000000000000E+00
 0.770000E+02  0.000000000000000E+00
 0.780000E+02  0.000000000000000E+00
 0.790000E+02  0.000000000000000E+00
 0.800000E+02  0.000000000000000E+00
 0.810000E+02  0.000000000000000E+00
 0.820000E+02  0.000000000000000E+00
 0.830000E+02  0.000000000000000E+00
 0.840000E+02  0.000000000000000E+00
 0.850000E+02  0.000000000000000E+00
 0.860000E+02  0.000000000000000E+00
 0.870000E+02  0.000000000000000E+00
 0.880000E+02  0.000000000000000E+00
 0.890000E+02  0.000000000000000E+00
 0.900000E+02  0.000000000000000E+00
 0.910000E+02  0.000000000000000E+00
 0.920000E+02  0.000000000000000E+00
 0.930000E+02  0.000000000000000E+00
 0.940000E+02  0.000000000000000E+00
 0.950000E+02  0.000000000000000E+00
 0.960000E+02  0.000000000000000E+00
 0.970000E+02  0.000000000000000E+00
