 0.000000E+00  0.735373040615636E-01  0.724543602034510E-01  0.108294385811214E-02
 0.400000E+01  0.319696943369415E-01  0.314062975649395E-01  0.563396772002014E-03
 0.800000E+01  0.458275011697328E-02  0.442206132041579E-02  0.160688796557507E-03
 0.120000E+02  0.123104872311173E-02  0.117864019390836E-02  0.524085292033721E-04
 0.160000E+02  0.414867159163668E-03  0.395590351810166E-03  0.192768073535001E-04
 0.200000E+02  0.151482613057512E-03  0.142830801779217E-03  0.865181127829375E-05
 0.240000E+02  0.588169181588016E-04  0.550451457000893E-04  0.377177245871234E-05
 0.280000E+02  0.239736670286323E-04  0.222038584911850E-04  0.176980853744726E-05
 0.320000E+02  0.102183754579441E-04  0.937134314042372E-05  0.847032317520377E-06
 0.360000E+02  0.451578547624316E-05  0.411537724518753E-05  0.400408231055627E-06
 0.400000E+02  0.209393814271341E-05  0.190384117768483E-05  0.190096965028585E-06
 0.440000E+02  0.969160941550125E-06  0.878688100761374E-06  0.904728407887519E-07
 0.480000E+02  0.464614943435974E-06  0.418909332911597E-06  0.457056105243771E-07
 0.520000E+02  0.234767347299815E-06  0.210524584205596E-06  0.242427630942185E-07
 0.560000E+02  0.127968140975504E-06  0.115903187220964E-06  0.120649537545391E-07
 0.600000E+02  0.520049592847103E-07  0.487525474963480E-07  0.325241178836231E-08
 0.640000E+02  0.343435002658765E-11  0.343435002658765E-11  0.000000000000000E+00
 0.680000E+02  0.000000000000000E+00  0.000000000000000E+00  0.000000000000000E+00
 0.720000E+02  0.000000000000000E+00  0.000000000000000E+00  0.000000000000000E+00
 0.760000E+02  0.000000000000000E+00  0.000000000000000E+00  0.000000000000000E+00
 0.800000E+02  0.000000000000000E+00  0.000000000000000E+00  0.000000000000000E+00
 0.840000E+02  0.000000000000000E+00  0.000000000000000E+00  0.000000000000000E+00
 0.880000E+02  0.000000000000000E+00  0.000000000000000E+00  0.000000000000000E+00
 0.920000E+02  0.000000000000000E+00  0.000000000000000E+00  0.000000000000000E+00
 0.960000E+02  0.000000000000000E+00  0.000000000000000E+00  0.000000000000000E+00
