 0.100000E+01  0.203811240887465E+00
 0.200000E+01  0.445446095407577E-01
 0.300000E+01  0.274543927743164E-01
 0.400000E+01  0.461584930659418E-01
 0.500000E+01  0.287856964111570E-01
 0.600000E+01  0.113739500050327E-01
 0.700000E+01  0.179834334586863E-02
 0.800000E+01  0.298011202707289E-02
 0.900000E+01  0.470402233330548E-02
 0.100000E+02  0.139507790890252E-02
 0.110000E+02  0.579595890743864E-03
 0.120000E+02  0.529291423346798E-03
 0.130000E+02  0.118417454861623E-02
 0.140000E+02  0.621806081482246E-03
 0.150000E+02  0.218155618764182E-03
 0.160000E+02  0.208181330284926E-03
 0.170000E+02  0.346497110658391E-03
 0.180000E+02  0.168154662218259E-03
 0.190000E+02  0.100788032834084E-03
 0.200000E+02  0.759744289518953E-04
 0.210000E+02  0.991621905285452E-04
 0.220000E+02  0.684066391123686E-04
 0.230000E+02  0.445109751915226E-04
 0.240000E+02  0.329913243331462E-04
 0.250000E+02  0.322609232832544E-04
 0.260000E+02  0.307944815649515E-04
 0.270000E+02  0.216991652440318E-04
 0.280000E+02  0.153269779444465E-04
 0.290000E+02  0.141964102461165E-04
 0.300000E+02  0.136683390915361E-04
 0.310000E+02  0.102403669057801E-04
 0.320000E+02  0.745706411964393E-05
 0.330000E+02  0.659114094948865E-05
 0.340000E+02  0.594431610150185E-05
 0.350000E+02  0.476277864125387E-05
 0.360000E+02  0.406176360643250E-05
 0.370000E+02  0.289298256346962E-05
 0.380000E+02  0.281429805618536E-05
 0.390000E+02  0.219367530960172E-05
 0.400000E+02  0.196811179610109E-05
 0.410000E+02  0.155112232304030E-05
 0.420000E+02  0.118862767429384E-05
 0.430000E+02  0.112293925685609E-05
 0.440000E+02  0.932941087267902E-06
 0.450000E+02  0.775958915302678E-06
 0.460000E+02  0.600616332408885E-06
 0.470000E+02  0.493505220700849E-06
 0.480000E+02  0.466726177998178E-06
 0.490000E+02  0.373654742177852E-06
 0.500000E+02  0.301685324957091E-06
 0.510000E+02  0.245381970880236E-06
 0.520000E+02  0.229226597853027E-06
 0.530000E+02  0.185268313499703E-06
 0.540000E+02  0.149213833819754E-06
 0.550000E+02  0.124365978867023E-06
 0.560000E+02  0.110888173532103E-06
 0.570000E+02  0.963027062668967E-07
 0.580000E+02  0.789262801398130E-07
 0.590000E+02  0.737852405959318E-07
 0.600000E+02  0.712027604550623E-07
 0.610000E+02  0.715385143140314E-07
 0.620000E+02  0.696316346898940E-07
 0.630000E+02  0.751588414291428E-07
 0.640000E+02  0.641906519481486E-07
 0.650000E+02  0.000000000000000E+00
 0.660000E+02  0.000000000000000E+00
 0.670000E+02  0.000000000000000E+00
 0.680000E+02  0.000000000000000E+00
 0.690000E+02  0.000000000000000E+00
 0.700000E+02  0.000000000000000E+00
 0.710000E+02  0.000000000000000E+00
 0.720000E+02  0.000000000000000E+00
 0.730000E+02  0.000000000000000E+00
 0.740000E+02  0.000000000000000E+00
 0.750000E+02  0.000000000000000E+00
 0.760000E+02  0.000000000000000E+00
 0.770000E+02  0.000000000000000E+00
 0.780000E+02  0.000000000000000E+00
 0.790000E+02  0.000000000000000E+00
 0.800000E+02  0.000000000000000E+00
 0.810000E+02  0.000000000000000E+00
 0.820000E+02  0.000000000000000E+00
 0.830000E+02  0.000000000000000E+00
 0.840000E+02  0.000000000000000E+00
 0.850000E+02  0.000000000000000E+00
 0.860000E+02  0.000000000000000E+00
 0.870000E+02  0.000000000000000E+00
 0.880000E+02  0.000000000000000E+00
 0.890000E+02  0.000000000000000E+00
 0.900000E+02  0.000000000000000E+00
 0.910000E+02  0.000000000000000E+00
 0.920000E+02  0.000000000000000E+00
 0.930000E+02  0.000000000000000E+00
 0.940000E+02  0.000000000000000E+00
 0.950000E+02  0.000000000000000E+00
 0.960000E+02  0.000000000000000E+00
 0.970000E+02  0.000000000000000E+00
