 0.000000E+00  0.844087337645869E-01  0.823620482649134E-01  0.204668549967387E-02
 0.400000E+01  0.237089468236154E-01  0.231475406054663E-01  0.561406218148971E-03
 0.800000E+01  0.357857587580998E-02  0.343903453150293E-02  0.139541344307040E-03
 0.120000E+02  0.931408570304461E-03  0.887716041396370E-03  0.436925289080911E-04
 0.160000E+02  0.260020394919424E-03  0.244381024111803E-03  0.156393708076218E-04
 0.200000E+02  0.892164921134450E-04  0.830538210468395E-04  0.616267106660572E-05
 0.240000E+02  0.370419658671682E-04  0.344259676451984E-04  0.261599822196975E-05
 0.280000E+02  0.160668920455774E-04  0.149099409614150E-04  0.115695108416239E-05
 0.320000E+02  0.718072556288805E-05  0.665062876436654E-05  0.530096798521511E-06
 0.360000E+02  0.332811903243199E-05  0.308672271455696E-05  0.241396317875033E-06
 0.400000E+02  0.151188781192860E-05  0.140085437978190E-05  0.111033432146697E-06
 0.440000E+02  0.672775887165190E-06  0.620578527584597E-06  0.521973595805927E-07
 0.480000E+02  0.304587999878894E-06  0.279414041973262E-06  0.251739579056325E-07
 0.520000E+02  0.142669029215390E-06  0.130334782646667E-06  0.123342465687228E-07
 0.560000E+02  0.641467684468472E-07  0.594016495742538E-07  0.474511887259346E-08
 0.600000E+02  0.191125767773856E-07  0.185565166605971E-07  0.556060116788438E-09
 0.640000E+02  0.317926782990308E-11  0.317926782990308E-11  0.000000000000000E+00
 0.680000E+02  0.000000000000000E+00  0.000000000000000E+00  0.000000000000000E+00
 0.720000E+02  0.000000000000000E+00  0.000000000000000E+00  0.000000000000000E+00
 0.760000E+02  0.000000000000000E+00  0.000000000000000E+00  0.000000000000000E+00
 0.800000E+02  0.000000000000000E+00  0.000000000000000E+00  0.000000000000000E+00
 0.840000E+02  0.000000000000000E+00  0.000000000000000E+00  0.000000000000000E+00
 0.880000E+02  0.000000000000000E+00  0.000000000000000E+00  0.000000000000000E+00
 0.920000E+02  0.000000000000000E+00  0.000000000000000E+00  0.000000000000000E+00
 0.960000E+02  0.000000000000000E+00  0.000000000000000E+00  0.000000000000000E+00
