 0.000000E+00  0.172052390755788E-02  0.000000000000000E+00  0.000000000000000E+00
 0.100000E+01  0.890194364237588E-01  0.869456842774525E-01  0.134344710204459E-02
 0.200000E+01  0.544715395070650E-01  0.488952322630212E-01  0.230551420463598E-02
 0.300000E+01  0.752411026702799E-01  0.703645321482327E-01  0.876437250553863E-03
 0.400000E+01  0.202831231774197E-01  0.160893380361813E-01  0.766270039093797E-03
 0.500000E+01  0.654326836051264E-02  0.388114663762096E-02  0.542051210743466E-03
 0.600000E+01  0.215829065868041E-02  0.982893756628300E-03  0.476601792115616E-03
 0.700000E+01  0.134834608173972E-02  0.480580828977395E-03  0.233226602702530E-03
 0.800000E+01  0.891566111342923E-03  0.218863238401923E-03  0.257582350911889E-03
 0.900000E+01  0.430625441857692E-03  0.598863507512704E-04  0.134465939410688E-03
 0.100000E+02  0.318773381274108E-03  0.380716709269535E-04  0.121088278596915E-03
 0.110000E+02  0.162871234701238E-03  0.141829321851361E-04  0.686310929758349E-04
 0.120000E+02  0.164231806791826E-03  0.150773664014392E-04  0.699405709596590E-04
 0.130000E+02  0.115529309338134E-03  0.713509799782353E-05  0.409254788698021E-04
 0.140000E+02  0.816680848562654E-04  0.557491427999324E-05  0.270809385896076E-04
 0.150000E+02  0.634122150881098E-04  0.258822826504357E-05  0.259642033317853E-04
 0.160000E+02  0.503364047431141E-04  0.220265639794964E-05  0.177879431397798E-04
 0.170000E+02  0.504387857607165E-04  0.129019435063361E-05  0.202005877616429E-04
 0.180000E+02  0.334492856801227E-04  0.913377151572081E-06  0.107213380132198E-04
 0.190000E+02  0.295002830881264E-04  0.484573330426785E-06  0.116439801867152E-04
 0.200000E+02  0.209985433052137E-04  0.480711492126251E-06  0.543934476182617E-05
 0.210000E+02  0.207410131817011E-04  0.239515071633750E-06  0.760507653002618E-05
 0.220000E+02  0.154529322505540E-04  0.232380429498200E-06  0.411964282953647E-05
 0.230000E+02  0.128916075118577E-04  0.101788455786518E-06  0.414687894068066E-05
 0.240000E+02  0.119171665712952E-04  0.115231731257631E-06  0.293459381929539E-05
 0.250000E+02  0.967126414516307E-05  0.553620564487309E-07  0.278981330462807E-05
 0.260000E+02  0.690766263045067E-05  0.597271021165330E-07  0.134765292601757E-05
 0.270000E+02  0.561462051519426E-05  0.251148972582257E-07  0.141407521415948E-05
 0.280000E+02  0.427826762581548E-05  0.279662278722804E-07  0.905244393195614E-06
 0.290000E+02  0.436018226252899E-05  0.167722803829620E-07  0.878552089876149E-06
 0.300000E+02  0.279271721852651E-05  0.162025823277926E-07  0.493073887525286E-06
 0.310000E+02  0.251771046942274E-05  0.873170465375299E-08  0.511470084292587E-06
 0.320000E+02  0.170679108992769E-05  0.822968129578620E-08  0.343830809613685E-06
 0.330000E+02  0.147993922068472E-05  0.420181126882264E-08  0.258161820346561E-06
 0.340000E+02  0.115730145097084E-05  0.455231133095636E-08  0.224898399208383E-06
 0.350000E+02  0.848771491881682E-06  0.257233589579314E-08  0.155871718324641E-06
 0.360000E+02  0.771170111048283E-06  0.278097241024538E-08  0.121194181168169E-06
 0.370000E+02  0.586397959494447E-06  0.153943237747621E-08  0.115797209627002E-06
 0.380000E+02  0.489524959816650E-06  0.163838728397090E-08  0.834547330039702E-07
 0.390000E+02  0.355534033717809E-06  0.106085452406221E-08  0.642607181763010E-07
 0.400000E+02  0.301059006395149E-06  0.750804023979405E-09  0.546015314435624E-07
 0.410000E+02  0.268821115890342E-06  0.787034678285598E-09  0.539089274745937E-07
 0.420000E+02  0.207094814235853E-06  0.462388402298906E-09  0.348891048446728E-07
 0.430000E+02  0.178363547068028E-06  0.399294283286579E-09  0.351654183019696E-07
 0.440000E+02  0.148474688776554E-06  0.298640837837941E-09  0.277091833805233E-07
 0.450000E+02  0.106430033867180E-06  0.216518667048405E-09  0.200264279252404E-07
 0.460000E+02  0.102766775085578E-06  0.158076406415439E-09  0.190755523070873E-07
 0.470000E+02  0.783534930350983E-07  0.115924171379714E-09  0.150339957641766E-07
 0.480000E+02  0.636358987713934E-07  0.988308556978811E-10  0.103749719896783E-07
 0.490000E+02  0.524692193821352E-07  0.573361081905519E-10  0.994801105335915E-08
 0.500000E+02  0.485326889347310E-07  0.607772282742425E-10  0.807215258995058E-08
 0.510000E+02  0.351027916928644E-07  0.374732593644109E-10  0.560561188516692E-08
 0.520000E+02  0.299686751082391E-07  0.257457541510245E-10  0.511302194247987E-08
 0.530000E+02  0.252006438189593E-07  0.212944500150044E-10  0.396183642660595E-08
 0.540000E+02  0.183911569188053E-07  0.171816124861501E-10  0.269935452455562E-08
 0.550000E+02  0.184919605866992E-07  0.106641760651093E-10  0.304800422492947E-08
 0.560000E+02  0.143273274105208E-07  0.113720045473017E-10  0.218899477076891E-08
 0.570000E+02  0.105562711772992E-07  0.801375670781874E-11  0.142006594457212E-08
 0.580000E+02  0.895662037563099E-08  0.714552367390224E-11  0.125405799308852E-08
 0.590000E+02  0.750458273062584E-08  0.400223744454755E-11  0.993318460931801E-09
 0.600000E+02  0.678108831114119E-08  0.408561466920648E-11  0.693040848988751E-09
 0.610000E+02  0.742596459447134E-08  0.288797325177192E-11  0.943273433260762E-09
 0.620000E+02  0.625250645484890E-08  0.478461322515541E-11  0.110320550006227E-08
 0.630000E+02  0.337366534061818E-08  0.493607902205962E-11  0.918921065891316E-09
 0.640000E+02  0.811892992685755E-11  0.245108366776762E-14  0.811647884318978E-11
 0.650000E+02  0.000000000000000E+00  0.000000000000000E+00  0.000000000000000E+00
 0.660000E+02  0.000000000000000E+00  0.000000000000000E+00  0.000000000000000E+00
 0.670000E+02  0.000000000000000E+00  0.000000000000000E+00  0.000000000000000E+00
 0.680000E+02  0.000000000000000E+00  0.000000000000000E+00  0.000000000000000E+00
 0.690000E+02  0.000000000000000E+00  0.000000000000000E+00  0.000000000000000E+00
 0.700000E+02  0.000000000000000E+00  0.000000000000000E+00  0.000000000000000E+00
 0.710000E+02  0.000000000000000E+00  0.000000000000000E+00  0.000000000000000E+00
 0.720000E+02  0.000000000000000E+00  0.000000000000000E+00  0.000000000000000E+00
 0.730000E+02  0.000000000000000E+00  0.000000000000000E+00  0.000000000000000E+00
 0.740000E+02  0.000000000000000E+00  0.000000000000000E+00  0.000000000000000E+00
 0.750000E+02  0.000000000000000E+00  0.000000000000000E+00  0.000000000000000E+00
 0.760000E+02  0.000000000000000E+00  0.000000000000000E+00  0.000000000000000E+00
 0.770000E+02  0.000000000000000E+00  0.000000000000000E+00  0.000000000000000E+00
 0.780000E+02  0.000000000000000E+00  0.000000000000000E+00  0.000000000000000E+00
 0.790000E+02  0.000000000000000E+00  0.000000000000000E+00  0.000000000000000E+00
 0.800000E+02  0.000000000000000E+00  0.000000000000000E+00  0.000000000000000E+00
 0.810000E+02  0.000000000000000E+00  0.000000000000000E+00  0.000000000000000E+00
 0.820000E+02  0.000000000000000E+00  0.000000000000000E+00  0.000000000000000E+00
 0.830000E+02  0.000000000000000E+00  0.000000000000000E+00  0.000000000000000E+00
 0.840000E+02  0.000000000000000E+00  0.000000000000000E+00  0.000000000000000E+00
 0.850000E+02  0.000000000000000E+00  0.000000000000000E+00  0.000000000000000E+00
 0.860000E+02  0.000000000000000E+00  0.000000000000000E+00  0.000000000000000E+00
 0.870000E+02  0.000000000000000E+00  0.000000000000000E+00  0.000000000000000E+00
 0.880000E+02  0.000000000000000E+00  0.000000000000000E+00  0.000000000000000E+00
 0.890000E+02  0.000000000000000E+00  0.000000000000000E+00  0.000000000000000E+00
 0.900000E+02  0.000000000000000E+00  0.000000000000000E+00  0.000000000000000E+00
 0.910000E+02  0.000000000000000E+00  0.000000000000000E+00  0.000000000000000E+00
 0.920000E+02  0.000000000000000E+00  0.000000000000000E+00  0.000000000000000E+00
 0.930000E+02  0.000000000000000E+00  0.000000000000000E+00  0.000000000000000E+00
 0.940000E+02  0.000000000000000E+00  0.000000000000000E+00  0.000000000000000E+00
 0.950000E+02  0.000000000000000E+00  0.000000000000000E+00  0.000000000000000E+00
 0.960000E+02  0.000000000000000E+00  0.000000000000000E+00  0.000000000000000E+00
