 0.000000E+00  0.190795191688597E-01  0.171960552246187E-01  0.188346394424100E-02
 0.400000E+01  0.376288745132356E-01  0.371917521621144E-01  0.437122351121094E-03
 0.800000E+01  0.896545172826690E-02  0.884709469017124E-02  0.118357038095624E-03
 0.120000E+02  0.348889875491080E-02  0.345143179687513E-02  0.374669580356623E-04
 0.160000E+02  0.125664691609710E-02  0.124030639314092E-02  0.163405229561775E-04
 0.200000E+02  0.497973010567063E-03  0.491196898098805E-03  0.677611246826035E-05
 0.240000E+02  0.174356417984497E-03  0.171492232230780E-03  0.286418575371899E-05
 0.280000E+02  0.663268107959480E-04  0.650314917750263E-04  0.129531902092164E-05
 0.320000E+02  0.289567210523742E-04  0.283617802229958E-04  0.594940829378411E-06
 0.360000E+02  0.120106740483505E-04  0.117432472773111E-04  0.267426771039368E-06
 0.400000E+02  0.475639486066396E-05  0.463109179058302E-05  0.125303070080949E-06
 0.440000E+02  0.201978749237050E-05  0.195741645223410E-05  0.623710401364043E-07
 0.480000E+02  0.909693713192034E-06  0.878092963261284E-06  0.316007499307504E-07
 0.520000E+02  0.437771790754404E-06  0.421656405272200E-06  0.161153854822038E-07
 0.560000E+02  0.225198307061439E-06  0.216851205374658E-06  0.834710168678086E-08
 0.600000E+02  0.117245090540805E-06  0.113886254813803E-06  0.335883572700191E-08
 0.640000E+02  0.167695215352870E-10  0.167695215352870E-10  0.000000000000000E+00
 0.680000E+02  0.000000000000000E+00  0.000000000000000E+00  0.000000000000000E+00
 0.720000E+02  0.000000000000000E+00  0.000000000000000E+00  0.000000000000000E+00
 0.760000E+02  0.000000000000000E+00  0.000000000000000E+00  0.000000000000000E+00
 0.800000E+02  0.000000000000000E+00  0.000000000000000E+00  0.000000000000000E+00
 0.840000E+02  0.000000000000000E+00  0.000000000000000E+00  0.000000000000000E+00
 0.880000E+02  0.000000000000000E+00  0.000000000000000E+00  0.000000000000000E+00
 0.920000E+02  0.000000000000000E+00  0.000000000000000E+00  0.000000000000000E+00
 0.960000E+02  0.000000000000000E+00  0.000000000000000E+00  0.000000000000000E+00
