 0.100000E+01  0.150620530960215E-01
 0.200000E+01  0.265348142098475E-01
 0.300000E+01  0.474998627542969E-01
 0.400000E+01  0.329677147630527E-01
 0.500000E+01  0.168337727712352E-02
 0.600000E+01  0.629298815120094E-03
 0.700000E+01  0.666442662834316E-04
 0.800000E+01  0.223509705453916E-04
 0.900000E+01  0.188500464485478E-04
 0.100000E+02  0.488223727369052E-05
 0.110000E+02  0.305943775128083E-05
 0.120000E+02  0.195626715204098E-05
 0.130000E+02  0.128369264202832E-05
 0.140000E+02  0.924269722849883E-06
 0.150000E+02  0.520121428410316E-06
 0.160000E+02  0.431974135462727E-06
 0.170000E+02  0.281807654458804E-06
 0.180000E+02  0.193093570198404E-06
 0.190000E+02  0.132200218104360E-06
 0.200000E+02  0.996625948651869E-07
 0.210000E+02  0.697550297508496E-07
 0.220000E+02  0.525407289691982E-07
 0.230000E+02  0.371541461403307E-07
 0.240000E+02  0.273940704437025E-07
 0.250000E+02  0.221108991664063E-07
 0.260000E+02  0.136108585049225E-07
 0.270000E+02  0.108757537262532E-07
 0.280000E+02  0.739292502030592E-08
 0.290000E+02  0.543438930922029E-08
 0.300000E+02  0.407825708235234E-08
 0.310000E+02  0.272684124488282E-08
 0.320000E+02  0.204095759564977E-08
 0.330000E+02  0.143730507358429E-08
 0.340000E+02  0.108537304437166E-08
 0.350000E+02  0.704891974150251E-09
 0.360000E+02  0.493136784559068E-09
 0.370000E+02  0.362920762603188E-09
 0.380000E+02  0.270953434191711E-09
 0.390000E+02  0.172496349395529E-09
 0.400000E+02  0.129403083203428E-09
 0.410000E+02  0.858570932138347E-10
 0.420000E+02  0.606522586909033E-10
 0.430000E+02  0.481805961956441E-10
 0.440000E+02  0.287093334579377E-10
 0.450000E+02  0.205496775393786E-10
 0.460000E+02  0.149287090132524E-10
 0.470000E+02  0.100118517718295E-10
 0.480000E+02  0.678590741219167E-11
 0.490000E+02  0.494300141241990E-11
 0.500000E+02  0.348941062723913E-11
 0.510000E+02  0.216635534304954E-11
 0.520000E+02  0.153634591758725E-11
 0.530000E+02  0.107047363985813E-11
 0.540000E+02  0.758468331176158E-12
 0.550000E+02  0.477153778210805E-12
 0.560000E+02  0.344864727824171E-12
 0.570000E+02  0.225558673745432E-12
 0.580000E+02  0.154849487863355E-12
 0.590000E+02  0.108329696297045E-12
 0.600000E+02  0.641529944888916E-13
 0.610000E+02  0.403334844076821E-13
 0.620000E+02  0.401936865610817E-13
 0.630000E+02  0.396976334135864E-13
 0.640000E+02  0.245814240635976E-13
 0.650000E+02  0.000000000000000E+00
 0.660000E+02  0.000000000000000E+00
 0.670000E+02  0.000000000000000E+00
 0.680000E+02  0.000000000000000E+00
 0.690000E+02  0.000000000000000E+00
 0.700000E+02  0.000000000000000E+00
 0.710000E+02  0.000000000000000E+00
 0.720000E+02  0.000000000000000E+00
 0.730000E+02  0.000000000000000E+00
 0.740000E+02  0.000000000000000E+00
 0.750000E+02  0.000000000000000E+00
 0.760000E+02  0.000000000000000E+00
 0.770000E+02  0.000000000000000E+00
 0.780000E+02  0.000000000000000E+00
 0.790000E+02  0.000000000000000E+00
 0.800000E+02  0.000000000000000E+00
 0.810000E+02  0.000000000000000E+00
 0.820000E+02  0.000000000000000E+00
 0.830000E+02  0.000000000000000E+00
 0.840000E+02  0.000000000000000E+00
 0.850000E+02  0.000000000000000E+00
 0.860000E+02  0.000000000000000E+00
 0.870000E+02  0.000000000000000E+00
 0.880000E+02  0.000000000000000E+00
 0.890000E+02  0.000000000000000E+00
 0.900000E+02  0.000000000000000E+00
 0.910000E+02  0.000000000000000E+00
 0.920000E+02  0.000000000000000E+00
 0.930000E+02  0.000000000000000E+00
 0.940000E+02  0.000000000000000E+00
 0.950000E+02  0.000000000000000E+00
 0.960000E+02  0.000000000000000E+00
 0.970000E+02  0.000000000000000E+00
