 0.100000E+01  0.138620201239263E+00
 0.200000E+01  0.608506067863386E-01
 0.300000E+01  0.170110888692900E-01
 0.400000E+01  0.177991137215324E+00
 0.500000E+01  0.445512601637962E-01
 0.600000E+01  0.597216746806685E-02
 0.700000E+01  0.193701089111892E-02
 0.800000E+01  0.342970610600881E-01
 0.900000E+01  0.965818415093158E-02
 0.100000E+02  0.151228770063035E-02
 0.110000E+02  0.755333148747692E-03
 0.120000E+02  0.977706750876347E-02
 0.130000E+02  0.394425976679388E-02
 0.140000E+02  0.893075948016940E-03
 0.150000E+02  0.305413444318648E-03
 0.160000E+02  0.293718276351056E-02
 0.170000E+02  0.168053591532934E-02
 0.180000E+02  0.376556535331966E-03
 0.190000E+02  0.128929569069814E-03
 0.200000E+02  0.110735916403855E-02
 0.210000E+02  0.641658030877785E-03
 0.220000E+02  0.172053964456006E-03
 0.230000E+02  0.758592935218152E-04
 0.240000E+02  0.444026039641430E-03
 0.250000E+02  0.387142423937711E-03
 0.260000E+02  0.854528402724093E-04
 0.270000E+02  0.415384947782920E-04
 0.280000E+02  0.156342143937191E-03
 0.290000E+02  0.159601666998163E-03
 0.300000E+02  0.522694254878413E-04
 0.310000E+02  0.231733030630163E-04
 0.320000E+02  0.643153079860190E-04
 0.330000E+02  0.696734841654364E-04
 0.340000E+02  0.280893408765166E-04
 0.350000E+02  0.147480945379605E-04
 0.360000E+02  0.289617430812257E-04
 0.370000E+02  0.325060070958758E-04
 0.380000E+02  0.159250761347065E-04
 0.390000E+02  0.799487843551823E-05
 0.400000E+02  0.140102205433255E-04
 0.410000E+02  0.160363685554390E-04
 0.420000E+02  0.804549581195650E-05
 0.430000E+02  0.495779314957197E-05
 0.440000E+02  0.646849827733346E-05
 0.450000E+02  0.836446511079890E-05
 0.460000E+02  0.455386415325773E-05
 0.470000E+02  0.280916965185922E-05
 0.480000E+02  0.329840858308814E-05
 0.490000E+02  0.457505992016379E-05
 0.500000E+02  0.244689689491754E-05
 0.510000E+02  0.159247736345452E-05
 0.520000E+02  0.186903744094617E-05
 0.530000E+02  0.235564443975096E-05
 0.540000E+02  0.154206521359659E-05
 0.550000E+02  0.996721013044619E-06
 0.560000E+02  0.107585149185650E-05
 0.570000E+02  0.145956648582409E-05
 0.580000E+02  0.955376570453700E-06
 0.590000E+02  0.731485651097730E-06
 0.600000E+02  0.700736743303261E-06
 0.610000E+02  0.117119672863590E-05
 0.620000E+02  0.904172512008932E-06
 0.630000E+02  0.682384652793303E-06
 0.640000E+02  0.411639197569587E-06
 0.650000E+02  0.000000000000000E+00
 0.660000E+02  0.000000000000000E+00
 0.670000E+02  0.000000000000000E+00
 0.680000E+02  0.000000000000000E+00
 0.690000E+02  0.000000000000000E+00
 0.700000E+02  0.000000000000000E+00
 0.710000E+02  0.000000000000000E+00
 0.720000E+02  0.000000000000000E+00
 0.730000E+02  0.000000000000000E+00
 0.740000E+02  0.000000000000000E+00
 0.750000E+02  0.000000000000000E+00
 0.760000E+02  0.000000000000000E+00
 0.770000E+02  0.000000000000000E+00
 0.780000E+02  0.000000000000000E+00
 0.790000E+02  0.000000000000000E+00
 0.800000E+02  0.000000000000000E+00
 0.810000E+02  0.000000000000000E+00
 0.820000E+02  0.000000000000000E+00
 0.830000E+02  0.000000000000000E+00
 0.840000E+02  0.000000000000000E+00
 0.850000E+02  0.000000000000000E+00
 0.860000E+02  0.000000000000000E+00
 0.870000E+02  0.000000000000000E+00
 0.880000E+02  0.000000000000000E+00
 0.890000E+02  0.000000000000000E+00
 0.900000E+02  0.000000000000000E+00
 0.910000E+02  0.000000000000000E+00
 0.920000E+02  0.000000000000000E+00
 0.930000E+02  0.000000000000000E+00
 0.940000E+02  0.000000000000000E+00
 0.950000E+02  0.000000000000000E+00
 0.960000E+02  0.000000000000000E+00
 0.970000E+02  0.000000000000000E+00
