 0.000000E+00  0.708127581272382E-01  0.000000000000000E+00  0.000000000000000E+00
 0.100000E+01  0.108634100069929E+00  0.409588821930811E-01  0.189451441838173E-02
 0.200000E+01  0.726873552172606E-01  0.284214415587485E-01  0.154314464634808E-02
 0.300000E+01  0.331124019167234E-01  0.107865573263553E-01  0.584109072178762E-03
 0.400000E+01  0.963473525880511E-02  0.131129002602393E-02  0.508461106278446E-03
 0.500000E+01  0.456495412438656E-02  0.381586866751604E-03  0.245636208404676E-03
 0.600000E+01  0.192161776209807E-02  0.143026339003427E-03  0.151973136325978E-03
 0.700000E+01  0.109494122218705E-02  0.110454524453685E-03  0.646597155551376E-04
 0.800000E+01  0.682161000965018E-03  0.388945918552430E-04  0.528102755836812E-04
 0.900000E+01  0.384365076399304E-03  0.143184410212882E-04  0.219776663712423E-04
 0.100000E+02  0.283234074604821E-03  0.164513157017154E-04  0.196537120853435E-04
 0.110000E+02  0.153013822002563E-03  0.558517874033049E-05  0.901101915173896E-05
 0.120000E+02  0.133441434498961E-03  0.538771337210697E-05  0.947530518269346E-05
 0.130000E+02  0.890768301164013E-04  0.323734461116221E-05  0.574123398111581E-05
 0.140000E+02  0.633868481843723E-04  0.188427675751335E-05  0.571839295632204E-05
 0.150000E+02  0.415682434967134E-04  0.134676603658068E-05  0.282102472137780E-05
 0.160000E+02  0.293588477463933E-04  0.762254653965955E-06  0.224926797449954E-05
 0.170000E+02  0.228752783658814E-04  0.578528210143370E-06  0.160321885483983E-05
 0.180000E+02  0.175696178983218E-04  0.338421209142986E-06  0.110590733390370E-05
 0.190000E+02  0.121538350756397E-04  0.246782862520223E-06  0.806563575438818E-06
 0.200000E+02  0.922315877605201E-05  0.178352613182560E-06  0.699090594964528E-06
 0.210000E+02  0.797560563186894E-05  0.172789760048697E-06  0.489330373637520E-06
 0.220000E+02  0.538619756284347E-05  0.102839575454386E-06  0.326300309640148E-06
 0.230000E+02  0.416628614823659E-05  0.646017865391438E-07  0.302507051484768E-06
 0.240000E+02  0.344700466442002E-05  0.437660919805696E-07  0.229963734003219E-06
 0.250000E+02  0.274836222428759E-05  0.402599311644623E-07  0.173681910095244E-06
 0.260000E+02  0.216018394893794E-05  0.356310542229919E-07  0.138761936592166E-06
 0.270000E+02  0.149917281042583E-05  0.163716199776641E-07  0.110691389776374E-06
 0.280000E+02  0.120889954651034E-05  0.200748104591409E-07  0.786948846667702E-07
 0.290000E+02  0.105747804255968E-05  0.210490664761479E-07  0.769899328742843E-07
 0.300000E+02  0.845131451265210E-06  0.101214193136173E-07  0.512976009916372E-07
 0.310000E+02  0.674228599000393E-06  0.901242624774889E-08  0.400351682840628E-07
 0.320000E+02  0.498362935258749E-06  0.822450168773826E-08  0.297275389273466E-07
 0.330000E+02  0.404227544738179E-06  0.594877141806265E-08  0.236606056605972E-07
 0.340000E+02  0.342321190196287E-06  0.450311418158416E-08  0.201224603355900E-07
 0.350000E+02  0.230523072117850E-06  0.328939889732247E-08  0.127700796167998E-07
 0.360000E+02  0.210998753777809E-06  0.335222681501930E-08  0.105125173324424E-07
 0.370000E+02  0.155757065886355E-06  0.221852390190810E-08  0.804744150919407E-08
 0.380000E+02  0.140393286699619E-06  0.171877657160308E-08  0.810435078966412E-08
 0.390000E+02  0.101547865070438E-06  0.141819408794958E-08  0.520001181505037E-08
 0.400000E+02  0.766918718329898E-07  0.101797082327054E-08  0.398732434132935E-08
 0.410000E+02  0.733914320600819E-07  0.871449419716203E-09  0.370198966525626E-08
 0.420000E+02  0.538651522349922E-07  0.804800866113743E-09  0.287777342878942E-08
 0.430000E+02  0.480286015689300E-07  0.672588466922819E-09  0.237831122349807E-08
 0.440000E+02  0.341044724515122E-07  0.454719331268656E-09  0.160268965547245E-08
 0.450000E+02  0.285788327104491E-07  0.461323330739076E-09  0.125328140443084E-08
 0.460000E+02  0.254619682524054E-07  0.314353704403712E-09  0.120678501166241E-08
 0.470000E+02  0.195267044098631E-07  0.276372214823723E-09  0.107348031149988E-08
 0.480000E+02  0.176130704270698E-07  0.223383582415012E-09  0.769230677500612E-09
 0.490000E+02  0.137033273272875E-07  0.156575733821210E-09  0.673155500382995E-09
 0.500000E+02  0.119527758329509E-07  0.170322580315756E-09  0.624782497131628E-09
 0.510000E+02  0.952650755334441E-08  0.117072378017355E-09  0.432176378031509E-09
 0.520000E+02  0.760254568158853E-08  0.105340872480890E-09  0.377080263161175E-09
 0.530000E+02  0.679044944237950E-08  0.115906355021236E-09  0.321538563312710E-09
 0.540000E+02  0.519933388488031E-08  0.626104357962346E-10  0.236753188236802E-09
 0.550000E+02  0.546052606762222E-08  0.976020970681733E-10  0.288969028642343E-09
 0.560000E+02  0.372657160586387E-08  0.549210041934756E-10  0.196239210954009E-09
 0.570000E+02  0.346798141148203E-08  0.428196553920616E-10  0.179523679303651E-09
 0.580000E+02  0.295255600748201E-08  0.786009614795807E-10  0.163003985826824E-09
 0.590000E+02  0.244235066842359E-08  0.588409035690507E-10  0.108367419923967E-09
 0.600000E+02  0.240835951838453E-08  0.518869356555059E-10  0.137874983559058E-09
 0.610000E+02  0.203570539784833E-08  0.451782647172069E-10  0.216234466716618E-09
 0.620000E+02  0.207593651418077E-08  0.100992725968493E-09  0.159600701575792E-09
 0.630000E+02  0.195525319533793E-08  0.151762418788174E-09  0.562335347113678E-09
 0.640000E+02  0.424283608666995E-11  0.693068818752741E-13  0.417352920479468E-11
 0.650000E+02  0.000000000000000E+00  0.000000000000000E+00  0.000000000000000E+00
 0.660000E+02  0.000000000000000E+00  0.000000000000000E+00  0.000000000000000E+00
 0.670000E+02  0.000000000000000E+00  0.000000000000000E+00  0.000000000000000E+00
 0.680000E+02  0.000000000000000E+00  0.000000000000000E+00  0.000000000000000E+00
 0.690000E+02  0.000000000000000E+00  0.000000000000000E+00  0.000000000000000E+00
 0.700000E+02  0.000000000000000E+00  0.000000000000000E+00  0.000000000000000E+00
 0.710000E+02  0.000000000000000E+00  0.000000000000000E+00  0.000000000000000E+00
 0.720000E+02  0.000000000000000E+00  0.000000000000000E+00  0.000000000000000E+00
 0.730000E+02  0.000000000000000E+00  0.000000000000000E+00  0.000000000000000E+00
 0.740000E+02  0.000000000000000E+00  0.000000000000000E+00  0.000000000000000E+00
 0.750000E+02  0.000000000000000E+00  0.000000000000000E+00  0.000000000000000E+00
 0.760000E+02  0.000000000000000E+00  0.000000000000000E+00  0.000000000000000E+00
 0.770000E+02  0.000000000000000E+00  0.000000000000000E+00  0.000000000000000E+00
 0.780000E+02  0.000000000000000E+00  0.000000000000000E+00  0.000000000000000E+00
 0.790000E+02  0.000000000000000E+00  0.000000000000000E+00  0.000000000000000E+00
 0.800000E+02  0.000000000000000E+00  0.000000000000000E+00  0.000000000000000E+00
 0.810000E+02  0.000000000000000E+00  0.000000000000000E+00  0.000000000000000E+00
 0.820000E+02  0.000000000000000E+00  0.000000000000000E+00  0.000000000000000E+00
 0.830000E+02  0.000000000000000E+00  0.000000000000000E+00  0.000000000000000E+00
 0.840000E+02  0.000000000000000E+00  0.000000000000000E+00  0.000000000000000E+00
 0.850000E+02  0.000000000000000E+00  0.000000000000000E+00  0.000000000000000E+00
 0.860000E+02  0.000000000000000E+00  0.000000000000000E+00  0.000000000000000E+00
 0.870000E+02  0.000000000000000E+00  0.000000000000000E+00  0.000000000000000E+00
 0.880000E+02  0.000000000000000E+00  0.000000000000000E+00  0.000000000000000E+00
 0.890000E+02  0.000000000000000E+00  0.000000000000000E+00  0.000000000000000E+00
 0.900000E+02  0.000000000000000E+00  0.000000000000000E+00  0.000000000000000E+00
 0.910000E+02  0.000000000000000E+00  0.000000000000000E+00  0.000000000000000E+00
 0.920000E+02  0.000000000000000E+00  0.000000000000000E+00  0.000000000000000E+00
 0.930000E+02  0.000000000000000E+00  0.000000000000000E+00  0.000000000000000E+00
 0.940000E+02  0.000000000000000E+00  0.000000000000000E+00  0.000000000000000E+00
 0.950000E+02  0.000000000000000E+00  0.000000000000000E+00  0.000000000000000E+00
 0.960000E+02  0.000000000000000E+00  0.000000000000000E+00  0.000000000000000E+00
