 0.000000E+00  0.352289974966182E-01  0.335091526474729E-01  0.171984484914521E-02
 0.400000E+01  0.374679084914604E-01  0.369450006564166E-01  0.522907835043966E-03
 0.800000E+01  0.952854911289921E-02  0.935789892836619E-02  0.170650184533012E-03
 0.120000E+02  0.489180102103203E-02  0.482048653757347E-02  0.713144834585359E-04
 0.160000E+02  0.182768476722441E-02  0.180046935381326E-02  0.272154134111528E-04
 0.200000E+02  0.663230984357152E-03  0.651968028190078E-03  0.112629561670720E-04
 0.240000E+02  0.263638869693109E-03  0.258372123516091E-03  0.526674617701995E-05
 0.280000E+02  0.119133920428761E-03  0.116660098689722E-03  0.247382173903899E-05
 0.320000E+02  0.476536434955452E-04  0.465058197443723E-04  0.114782375117294E-05
 0.360000E+02  0.218587714759618E-04  0.213065766482125E-04  0.552194827749343E-06
 0.400000E+02  0.952581368711227E-05  0.925147745550799E-05  0.274336231604282E-06
 0.440000E+02  0.444005404221315E-05  0.429825723360624E-05  0.141796808606911E-06
 0.480000E+02  0.219994684508006E-05  0.212372158579207E-05  0.762252592879872E-07
 0.520000E+02  0.112075927918898E-05  0.107729740818865E-05  0.434618710003322E-07
 0.560000E+02  0.576199560234702E-06  0.552615662726547E-06  0.235838975081556E-07
 0.600000E+02  0.297699422753313E-06  0.288794004583634E-06  0.890541816967933E-08
 0.640000E+02  0.612284251078066E-10  0.612284251078066E-10  0.000000000000000E+00
 0.680000E+02  0.000000000000000E+00  0.000000000000000E+00  0.000000000000000E+00
 0.720000E+02  0.000000000000000E+00  0.000000000000000E+00  0.000000000000000E+00
 0.760000E+02  0.000000000000000E+00  0.000000000000000E+00  0.000000000000000E+00
 0.800000E+02  0.000000000000000E+00  0.000000000000000E+00  0.000000000000000E+00
 0.840000E+02  0.000000000000000E+00  0.000000000000000E+00  0.000000000000000E+00
 0.880000E+02  0.000000000000000E+00  0.000000000000000E+00  0.000000000000000E+00
 0.920000E+02  0.000000000000000E+00  0.000000000000000E+00  0.000000000000000E+00
 0.960000E+02  0.000000000000000E+00  0.000000000000000E+00  0.000000000000000E+00
