 0.100000E+01  0.201530812683536E+00
 0.200000E+01  0.722519063962779E-01
 0.300000E+01  0.324211621983751E-01
 0.400000E+01  0.677954222859666E-01
 0.500000E+01  0.179894913135912E-01
 0.600000E+01  0.788937229507067E-02
 0.700000E+01  0.210996680850385E-02
 0.800000E+01  0.660578805321595E-02
 0.900000E+01  0.438095874172788E-02
 0.100000E+02  0.136942593040157E-02
 0.110000E+02  0.866278890135231E-03
 0.120000E+02  0.129191740914357E-02
 0.130000E+02  0.133681038115364E-02
 0.140000E+02  0.527191851318925E-03
 0.150000E+02  0.240021485914766E-03
 0.160000E+02  0.339340950442174E-03
 0.170000E+02  0.502092788713309E-03
 0.180000E+02  0.242975073867561E-03
 0.190000E+02  0.106555471345040E-03
 0.200000E+02  0.127970672354318E-03
 0.210000E+02  0.208142157473208E-03
 0.220000E+02  0.128955850265887E-03
 0.230000E+02  0.514825956030407E-04
 0.240000E+02  0.466573247232807E-04
 0.250000E+02  0.109024733465331E-03
 0.260000E+02  0.443100109944001E-04
 0.270000E+02  0.245399198107571E-04
 0.280000E+02  0.208837898417558E-04
 0.290000E+02  0.409620532987797E-04
 0.300000E+02  0.214537775171069E-04
 0.310000E+02  0.125691728112820E-04
 0.320000E+02  0.943228052775685E-05
 0.330000E+02  0.155107348600843E-04
 0.340000E+02  0.108692980394495E-04
 0.350000E+02  0.619767875650609E-05
 0.360000E+02  0.501475126342002E-05
 0.370000E+02  0.643892828085477E-05
 0.380000E+02  0.488665480831428E-05
 0.390000E+02  0.297817301161981E-05
 0.400000E+02  0.232690276376930E-05
 0.410000E+02  0.284059981614171E-05
 0.420000E+02  0.209791181155232E-05
 0.430000E+02  0.157353476423113E-05
 0.440000E+02  0.113275028904825E-05
 0.450000E+02  0.122468824285695E-05
 0.460000E+02  0.109362163545120E-05
 0.470000E+02  0.764157965743314E-06
 0.480000E+02  0.617086295520024E-06
 0.490000E+02  0.578131350084395E-06
 0.500000E+02  0.500967334461310E-06
 0.510000E+02  0.379177716508680E-06
 0.520000E+02  0.302513897540127E-06
 0.530000E+02  0.250127181660411E-06
 0.540000E+02  0.245979869371068E-06
 0.550000E+02  0.193344270749879E-06
 0.560000E+02  0.150539222393961E-06
 0.570000E+02  0.135603178088043E-06
 0.580000E+02  0.125475612556694E-06
 0.590000E+02  0.116810268235664E-06
 0.600000E+02  0.999782579080741E-07
 0.610000E+02  0.888915349253498E-07
 0.620000E+02  0.900953332272784E-07
 0.630000E+02  0.958930925853465E-07
 0.640000E+02  0.628376753594580E-07
 0.650000E+02  0.000000000000000E+00
 0.660000E+02  0.000000000000000E+00
 0.670000E+02  0.000000000000000E+00
 0.680000E+02  0.000000000000000E+00
 0.690000E+02  0.000000000000000E+00
 0.700000E+02  0.000000000000000E+00
 0.710000E+02  0.000000000000000E+00
 0.720000E+02  0.000000000000000E+00
 0.730000E+02  0.000000000000000E+00
 0.740000E+02  0.000000000000000E+00
 0.750000E+02  0.000000000000000E+00
 0.760000E+02  0.000000000000000E+00
 0.770000E+02  0.000000000000000E+00
 0.780000E+02  0.000000000000000E+00
 0.790000E+02  0.000000000000000E+00
 0.800000E+02  0.000000000000000E+00
 0.810000E+02  0.000000000000000E+00
 0.820000E+02  0.000000000000000E+00
 0.830000E+02  0.000000000000000E+00
 0.840000E+02  0.000000000000000E+00
 0.850000E+02  0.000000000000000E+00
 0.860000E+02  0.000000000000000E+00
 0.870000E+02  0.000000000000000E+00
 0.880000E+02  0.000000000000000E+00
 0.890000E+02  0.000000000000000E+00
 0.900000E+02  0.000000000000000E+00
 0.910000E+02  0.000000000000000E+00
 0.920000E+02  0.000000000000000E+00
 0.930000E+02  0.000000000000000E+00
 0.940000E+02  0.000000000000000E+00
 0.950000E+02  0.000000000000000E+00
 0.960000E+02  0.000000000000000E+00
 0.970000E+02  0.000000000000000E+00
