 0.000000E+00  0.862885369491287E-01  0.000000000000000E+00  0.000000000000000E+00
 0.100000E+01  0.184757103713586E+00  0.188979192171246E-01  0.296167843771400E-02
 0.200000E+01  0.574258170657097E-01  0.127678460557945E-01  0.214272318908115E-02
 0.300000E+01  0.279777779157894E-01  0.123240544501186E-01  0.103918179388529E-02
 0.400000E+01  0.700264827002501E-02  0.933943248583091E-03  0.322454443903553E-03
 0.500000E+01  0.400176929038647E-02  0.325078320258854E-03  0.237385353102582E-03
 0.600000E+01  0.123974213191398E-02  0.952991815665882E-04  0.865872628494913E-04
 0.700000E+01  0.842939590936160E-03  0.431813994774544E-04  0.643653588667803E-04
 0.800000E+01  0.541957578051538E-03  0.299004993564722E-04  0.347696357962946E-04
 0.900000E+01  0.328529323582449E-03  0.161297251386472E-04  0.237930878537185E-04
 0.100000E+02  0.243383323925697E-03  0.132197651612209E-04  0.152477277319124E-04
 0.110000E+02  0.134766208438693E-03  0.695164453246022E-05  0.762427794498421E-05
 0.120000E+02  0.118634190678774E-03  0.481129061746799E-05  0.754469913433198E-05
 0.130000E+02  0.855176855317915E-04  0.338159022827966E-05  0.431650481325097E-05
 0.140000E+02  0.556100164820943E-04  0.230821978980389E-05  0.294532177175233E-05
 0.150000E+02  0.398341510314428E-04  0.200624111779124E-05  0.302532654081200E-05
 0.160000E+02  0.280269946943445E-04  0.839472139892161E-06  0.217820092052179E-05
 0.170000E+02  0.254189386216102E-04  0.758395114805466E-06  0.221436038139178E-05
 0.180000E+02  0.176019590338153E-04  0.473295559959286E-06  0.142239227590713E-05
 0.190000E+02  0.131086098944225E-04  0.413735539550597E-06  0.798801533120896E-06
 0.200000E+02  0.985378438030586E-05  0.198555087135843E-06  0.594659440592005E-06
 0.210000E+02  0.844646261980211E-05  0.182635973197762E-06  0.570615894889426E-06
 0.220000E+02  0.602446291205971E-05  0.139215862640825E-06  0.470316082627764E-06
 0.230000E+02  0.477240217866611E-05  0.111752967883044E-06  0.378470059875236E-06
 0.240000E+02  0.431620553948980E-05  0.812347629285809E-07  0.427153400789360E-06
 0.250000E+02  0.306710580502622E-05  0.744902204951106E-07  0.206232609310710E-06
 0.260000E+02  0.266544435909463E-05  0.499539188790130E-07  0.184783310902548E-06
 0.270000E+02  0.193553005395262E-05  0.324327396571122E-07  0.135290609364763E-06
 0.280000E+02  0.154198201537367E-05  0.211014880586308E-07  0.924711295777723E-07
 0.290000E+02  0.151919290342628E-05  0.198743381314378E-07  0.794331423269613E-07
 0.300000E+02  0.102744607172601E-05  0.127966321233040E-07  0.751591999325219E-07
 0.310000E+02  0.919146837181873E-06  0.140739294470405E-07  0.667952563771987E-07
 0.320000E+02  0.662295210998132E-06  0.879798904188751E-08  0.481536731058670E-07
 0.330000E+02  0.571667956367994E-06  0.668096790740137E-08  0.459155525710437E-07
 0.340000E+02  0.482368703083758E-06  0.582934659883996E-08  0.344718228557353E-07
 0.350000E+02  0.330916484036746E-06  0.345033587481223E-08  0.191600078137759E-07
 0.360000E+02  0.313700907859093E-06  0.370730281981193E-08  0.155395019532764E-07
 0.370000E+02  0.239593854106324E-06  0.295482514498635E-08  0.151229419356226E-07
 0.380000E+02  0.226972451936059E-06  0.207500934052654E-08  0.150105471373744E-07
 0.390000E+02  0.162111344896607E-06  0.155567309055264E-08  0.968741819575014E-08
 0.400000E+02  0.122415692791465E-06  0.149667491572257E-08  0.835360981049063E-08
 0.410000E+02  0.118364881251889E-06  0.108281688942293E-08  0.801623100723777E-08
 0.420000E+02  0.897978461238540E-07  0.824375298727416E-09  0.528867642354419E-08
 0.430000E+02  0.824116721150102E-07  0.802288736246009E-09  0.522498061498653E-08
 0.440000E+02  0.581809134189881E-07  0.565167209679620E-09  0.343686586621236E-08
 0.450000E+02  0.470755817202667E-07  0.455662887575894E-09  0.268702135639613E-08
 0.460000E+02  0.425322412469219E-07  0.395305456279965E-09  0.217779291946366E-08
 0.470000E+02  0.325851602545615E-07  0.257859653394803E-09  0.198309129206025E-08
 0.480000E+02  0.308645467235827E-07  0.289497599234451E-09  0.217613484131695E-08
 0.490000E+02  0.223157972919554E-07  0.232287213039725E-09  0.133763596636944E-08
 0.500000E+02  0.201359955593933E-07  0.216461884367577E-09  0.126453167491296E-08
 0.510000E+02  0.157617498615659E-07  0.150468500137077E-09  0.889767207652779E-09
 0.520000E+02  0.121532428178115E-07  0.114786542347536E-09  0.588966964508835E-09
 0.530000E+02  0.118971478988707E-07  0.113747791906778E-09  0.624647028126348E-09
 0.540000E+02  0.819038810343351E-08  0.827331604618677E-10  0.458575873165407E-09
 0.550000E+02  0.880476737115793E-08  0.967758718916125E-10  0.434621356246962E-09
 0.560000E+02  0.583728664600242E-08  0.692866595738943E-10  0.332179057868834E-09
 0.570000E+02  0.530320571958220E-08  0.566430972160497E-10  0.294981013384974E-09
 0.580000E+02  0.475443277329020E-08  0.570227714485566E-10  0.334325160472294E-09
 0.590000E+02  0.349420432967422E-08  0.387647013951698E-10  0.189987235370772E-09
 0.600000E+02  0.358588255233200E-08  0.470935694325037E-10  0.259887766045683E-09
 0.610000E+02  0.280332157110036E-08  0.540120570050342E-10  0.222605370608425E-09
 0.620000E+02  0.296489531045967E-08  0.483697933575447E-10  0.342366688730611E-09
 0.630000E+02  0.190356920944604E-08  0.730984723642481E-10  0.560230073842943E-09
 0.640000E+02  0.145811164656067E-11  0.893778256158377E-13  0.136873382094484E-11
 0.650000E+02  0.000000000000000E+00  0.000000000000000E+00  0.000000000000000E+00
 0.660000E+02  0.000000000000000E+00  0.000000000000000E+00  0.000000000000000E+00
 0.670000E+02  0.000000000000000E+00  0.000000000000000E+00  0.000000000000000E+00
 0.680000E+02  0.000000000000000E+00  0.000000000000000E+00  0.000000000000000E+00
 0.690000E+02  0.000000000000000E+00  0.000000000000000E+00  0.000000000000000E+00
 0.700000E+02  0.000000000000000E+00  0.000000000000000E+00  0.000000000000000E+00
 0.710000E+02  0.000000000000000E+00  0.000000000000000E+00  0.000000000000000E+00
 0.720000E+02  0.000000000000000E+00  0.000000000000000E+00  0.000000000000000E+00
 0.730000E+02  0.000000000000000E+00  0.000000000000000E+00  0.000000000000000E+00
 0.740000E+02  0.000000000000000E+00  0.000000000000000E+00  0.000000000000000E+00
 0.750000E+02  0.000000000000000E+00  0.000000000000000E+00  0.000000000000000E+00
 0.760000E+02  0.000000000000000E+00  0.000000000000000E+00  0.000000000000000E+00
 0.770000E+02  0.000000000000000E+00  0.000000000000000E+00  0.000000000000000E+00
 0.780000E+02  0.000000000000000E+00  0.000000000000000E+00  0.000000000000000E+00
 0.790000E+02  0.000000000000000E+00  0.000000000000000E+00  0.000000000000000E+00
 0.800000E+02  0.000000000000000E+00  0.000000000000000E+00  0.000000000000000E+00
 0.810000E+02  0.000000000000000E+00  0.000000000000000E+00  0.000000000000000E+00
 0.820000E+02  0.000000000000000E+00  0.000000000000000E+00  0.000000000000000E+00
 0.830000E+02  0.000000000000000E+00  0.000000000000000E+00  0.000000000000000E+00
 0.840000E+02  0.000000000000000E+00  0.000000000000000E+00  0.000000000000000E+00
 0.850000E+02  0.000000000000000E+00  0.000000000000000E+00  0.000000000000000E+00
 0.860000E+02  0.000000000000000E+00  0.000000000000000E+00  0.000000000000000E+00
 0.870000E+02  0.000000000000000E+00  0.000000000000000E+00  0.000000000000000E+00
 0.880000E+02  0.000000000000000E+00  0.000000000000000E+00  0.000000000000000E+00
 0.890000E+02  0.000000000000000E+00  0.000000000000000E+00  0.000000000000000E+00
 0.900000E+02  0.000000000000000E+00  0.000000000000000E+00  0.000000000000000E+00
 0.910000E+02  0.000000000000000E+00  0.000000000000000E+00  0.000000000000000E+00
 0.920000E+02  0.000000000000000E+00  0.000000000000000E+00  0.000000000000000E+00
 0.930000E+02  0.000000000000000E+00  0.000000000000000E+00  0.000000000000000E+00
 0.940000E+02  0.000000000000000E+00  0.000000000000000E+00  0.000000000000000E+00
 0.950000E+02  0.000000000000000E+00  0.000000000000000E+00  0.000000000000000E+00
 0.960000E+02  0.000000000000000E+00  0.000000000000000E+00  0.000000000000000E+00
