 0.000000E+00  0.681016522328430E-01  0.000000000000000E+00  0.000000000000000E+00
 0.100000E+01  0.240962741954640E+00  0.102186670061201E+00  0.324571415694663E-02
 0.200000E+01  0.136716760982997E+00  0.584021638351260E-01  0.203575851401183E-02
 0.300000E+01  0.364617383064317E-01  0.146430345921544E-01  0.185406296077417E-02
 0.400000E+01  0.130660799446679E-01  0.215915647277143E-02  0.545981157301867E-03
 0.500000E+01  0.579177459533183E-02  0.520830580729381E-03  0.273720281654732E-03
 0.600000E+01  0.271431666471301E-02  0.335158655161649E-03  0.168608401054371E-03
 0.700000E+01  0.199960979600168E-02  0.292708214260529E-03  0.870086163189399E-04
 0.800000E+01  0.119831863880584E-02  0.682082387868377E-04  0.601241436157807E-04
 0.900000E+01  0.701147502990190E-03  0.368295897743565E-04  0.439601665220835E-04
 0.100000E+02  0.525414239688931E-03  0.301316809867558E-04  0.316424268707038E-04
 0.110000E+02  0.276786090330134E-03  0.143311192828399E-04  0.136393178582495E-04
 0.120000E+02  0.256867512052343E-03  0.968794169353693E-05  0.132166542132772E-04
 0.130000E+02  0.190788725837026E-03  0.720656015787760E-05  0.112424572500380E-04
 0.140000E+02  0.123719855294791E-03  0.393503177542609E-05  0.951792956804809E-05
 0.150000E+02  0.990044465726779E-04  0.436945600124083E-05  0.789549573454451E-05
 0.160000E+02  0.644390657226279E-04  0.217323535611769E-05  0.455649695539628E-05
 0.170000E+02  0.585706706281621E-04  0.179641520192675E-05  0.446949024085486E-05
 0.180000E+02  0.432428884388109E-04  0.101434856859123E-05  0.277645884628336E-05
 0.190000E+02  0.313417888409742E-04  0.765242250982956E-06  0.190618076784110E-05
 0.200000E+02  0.231145552884150E-04  0.788799992240685E-06  0.116792673893196E-05
 0.210000E+02  0.208088153191738E-04  0.646680562606250E-06  0.115460007038548E-05
 0.220000E+02  0.144403384543614E-04  0.242741626654309E-06  0.886220518137026E-06
 0.230000E+02  0.114843999783259E-04  0.379963537269074E-06  0.655373809287790E-06
 0.240000E+02  0.969253070566384E-05  0.308075041410664E-06  0.566042167249314E-06
 0.250000E+02  0.801934361303571E-05  0.212947788686378E-06  0.414130780772293E-06
 0.260000E+02  0.679859628949729E-05  0.129678201805667E-06  0.472406799310876E-06
 0.270000E+02  0.488280181958289E-05  0.143290044900182E-06  0.259814439235737E-06
 0.280000E+02  0.398653998222627E-05  0.114057698368929E-06  0.224595208563050E-06
 0.290000E+02  0.363504269579077E-05  0.809353482740527E-07  0.237404531074807E-06
 0.300000E+02  0.280132771870569E-05  0.444896682662635E-07  0.159181808430517E-06
 0.310000E+02  0.231315178805282E-05  0.551955688764131E-07  0.122433860113604E-06
 0.320000E+02  0.176904464635026E-05  0.448467526786497E-07  0.122922803071773E-06
 0.330000E+02  0.154981775198620E-05  0.382069393315039E-07  0.798262838872833E-07
 0.340000E+02  0.139627144318975E-05  0.295396639557986E-07  0.982828377517255E-07
 0.350000E+02  0.964028541902974E-06  0.182637476924268E-07  0.616325658898444E-07
 0.360000E+02  0.936279991143954E-06  0.177800391061664E-07  0.456742867492154E-07
 0.370000E+02  0.714602764238227E-06  0.109293746629162E-07  0.387572915429055E-07
 0.380000E+02  0.676360349023081E-06  0.116611738513154E-07  0.418110682441912E-07
 0.390000E+02  0.529433867150854E-06  0.109479735683181E-07  0.361356209275989E-07
 0.400000E+02  0.405540723841843E-06  0.971714184108880E-08  0.239970889034501E-07
 0.410000E+02  0.419211517589182E-06  0.755247075853526E-08  0.227366997042995E-07
 0.420000E+02  0.323145904354002E-06  0.478573409314108E-08  0.213632134289567E-07
 0.430000E+02  0.291298052545250E-06  0.558764283611285E-08  0.177091667308965E-07
 0.440000E+02  0.233984326687756E-06  0.722664578264881E-08  0.118787491914249E-07
 0.450000E+02  0.195514182993542E-06  0.538290720696988E-08  0.103499854039611E-07
 0.460000E+02  0.183839080463391E-06  0.345300199113287E-08  0.958398362494589E-08
 0.470000E+02  0.143808994872994E-06  0.246724433407589E-08  0.742331276093119E-08
 0.480000E+02  0.136949305982438E-06  0.337456329924826E-08  0.693378028009095E-08
 0.490000E+02  0.109840556334807E-06  0.307317238893858E-08  0.473519209127617E-08
 0.500000E+02  0.939588934411810E-07  0.280973599825337E-08  0.447160747183393E-08
 0.510000E+02  0.784106135932793E-07  0.177126855208177E-08  0.382063892176283E-08
 0.520000E+02  0.626714294706612E-07  0.115356409828440E-08  0.265556176889589E-08
 0.530000E+02  0.570321997064695E-07  0.130627306698600E-08  0.231619606043903E-08
 0.540000E+02  0.467948484254693E-07  0.100865931050517E-08  0.186034828013887E-08
 0.550000E+02  0.479396863477549E-07  0.105181760678042E-08  0.195815977589032E-08
 0.560000E+02  0.358635957213939E-07  0.812926301131375E-09  0.136882754577742E-08
 0.570000E+02  0.346075114269207E-07  0.676085085437232E-09  0.139482270219853E-08
 0.580000E+02  0.299314249685284E-07  0.608691259421542E-09  0.100113951135853E-08
 0.590000E+02  0.244577132869875E-07  0.637253060165570E-09  0.973830134888314E-09
 0.600000E+02  0.238210330071050E-07  0.467515858599231E-09  0.882143366143104E-09
 0.610000E+02  0.214461245143498E-07  0.404284069023914E-09  0.847169913396667E-09
 0.620000E+02  0.206444595216072E-07  0.906384016990579E-09  0.138059246806703E-08
 0.630000E+02  0.136218157622442E-07  0.149110580978778E-08  0.189730756068966E-08
 0.640000E+02  0.106890111521642E-10  0.207426302290025E-11  0.861474812926394E-11
 0.650000E+02  0.000000000000000E+00  0.000000000000000E+00  0.000000000000000E+00
 0.660000E+02  0.000000000000000E+00  0.000000000000000E+00  0.000000000000000E+00
 0.670000E+02  0.000000000000000E+00  0.000000000000000E+00  0.000000000000000E+00
 0.680000E+02  0.000000000000000E+00  0.000000000000000E+00  0.000000000000000E+00
 0.690000E+02  0.000000000000000E+00  0.000000000000000E+00  0.000000000000000E+00
 0.700000E+02  0.000000000000000E+00  0.000000000000000E+00  0.000000000000000E+00
 0.710000E+02  0.000000000000000E+00  0.000000000000000E+00  0.000000000000000E+00
 0.720000E+02  0.000000000000000E+00  0.000000000000000E+00  0.000000000000000E+00
 0.730000E+02  0.000000000000000E+00  0.000000000000000E+00  0.000000000000000E+00
 0.740000E+02  0.000000000000000E+00  0.000000000000000E+00  0.000000000000000E+00
 0.750000E+02  0.000000000000000E+00  0.000000000000000E+00  0.000000000000000E+00
 0.760000E+02  0.000000000000000E+00  0.000000000000000E+00  0.000000000000000E+00
 0.770000E+02  0.000000000000000E+00  0.000000000000000E+00  0.000000000000000E+00
 0.780000E+02  0.000000000000000E+00  0.000000000000000E+00  0.000000000000000E+00
 0.790000E+02  0.000000000000000E+00  0.000000000000000E+00  0.000000000000000E+00
 0.800000E+02  0.000000000000000E+00  0.000000000000000E+00  0.000000000000000E+00
 0.810000E+02  0.000000000000000E+00  0.000000000000000E+00  0.000000000000000E+00
 0.820000E+02  0.000000000000000E+00  0.000000000000000E+00  0.000000000000000E+00
 0.830000E+02  0.000000000000000E+00  0.000000000000000E+00  0.000000000000000E+00
 0.840000E+02  0.000000000000000E+00  0.000000000000000E+00  0.000000000000000E+00
 0.850000E+02  0.000000000000000E+00  0.000000000000000E+00  0.000000000000000E+00
 0.860000E+02  0.000000000000000E+00  0.000000000000000E+00  0.000000000000000E+00
 0.870000E+02  0.000000000000000E+00  0.000000000000000E+00  0.000000000000000E+00
 0.880000E+02  0.000000000000000E+00  0.000000000000000E+00  0.000000000000000E+00
 0.890000E+02  0.000000000000000E+00  0.000000000000000E+00  0.000000000000000E+00
 0.900000E+02  0.000000000000000E+00  0.000000000000000E+00  0.000000000000000E+00
 0.910000E+02  0.000000000000000E+00  0.000000000000000E+00  0.000000000000000E+00
 0.920000E+02  0.000000000000000E+00  0.000000000000000E+00  0.000000000000000E+00
 0.930000E+02  0.000000000000000E+00  0.000000000000000E+00  0.000000000000000E+00
 0.940000E+02  0.000000000000000E+00  0.000000000000000E+00  0.000000000000000E+00
 0.950000E+02  0.000000000000000E+00  0.000000000000000E+00  0.000000000000000E+00
 0.960000E+02  0.000000000000000E+00  0.000000000000000E+00  0.000000000000000E+00
