 0.100000E+01  0.202174806370521E-01
 0.200000E+01  0.300694987175531E-01
 0.300000E+01  0.165033174865642E-01
 0.400000E+01  0.149459148830898E+00
 0.500000E+01  0.275248099565105E-01
 0.600000E+01  0.427144939695396E-02
 0.700000E+01  0.825828745888131E-03
 0.800000E+01  0.457234363442384E-01
 0.900000E+01  0.110269407242101E-01
 0.100000E+02  0.780650409321073E-03
 0.110000E+02  0.353558153237615E-03
 0.120000E+02  0.174469986774575E-01
 0.130000E+02  0.288431188143012E-02
 0.140000E+02  0.381111614267765E-03
 0.150000E+02  0.116939098527019E-03
 0.160000E+02  0.588392527546257E-02
 0.170000E+02  0.138400539626331E-02
 0.180000E+02  0.161091114345327E-03
 0.190000E+02  0.565825238453074E-04
 0.200000E+02  0.231027562804778E-02
 0.210000E+02  0.459689641606664E-03
 0.220000E+02  0.901846324797640E-04
 0.230000E+02  0.300043932588308E-04
 0.240000E+02  0.825165045913493E-03
 0.250000E+02  0.306954380630612E-03
 0.260000E+02  0.383053882155066E-04
 0.270000E+02  0.181511134656733E-04
 0.280000E+02  0.308531058551797E-03
 0.290000E+02  0.115098996813304E-03
 0.300000E+02  0.225878078200928E-04
 0.310000E+02  0.952733877344999E-05
 0.320000E+02  0.109399915868045E-03
 0.330000E+02  0.598965090322041E-04
 0.340000E+02  0.117669866251084E-04
 0.350000E+02  0.534634541221402E-05
 0.360000E+02  0.475304895937326E-04
 0.370000E+02  0.313446668984971E-04
 0.380000E+02  0.700041433626418E-05
 0.390000E+02  0.271046667227700E-05
 0.400000E+02  0.188062822496063E-04
 0.410000E+02  0.142310129767008E-04
 0.420000E+02  0.341565225883298E-05
 0.430000E+02  0.162187111846666E-05
 0.440000E+02  0.718410726767469E-05
 0.450000E+02  0.672079837243857E-05
 0.460000E+02  0.191872457320521E-05
 0.470000E+02  0.890243136882281E-06
 0.480000E+02  0.305354329741556E-05
 0.490000E+02  0.341140191132759E-05
 0.500000E+02  0.108209099567517E-05
 0.510000E+02  0.491685685032845E-06
 0.520000E+02  0.143967123340414E-05
 0.530000E+02  0.151923826704688E-05
 0.540000E+02  0.644447661541142E-06
 0.550000E+02  0.295862043177383E-06
 0.560000E+02  0.647458571155269E-06
 0.570000E+02  0.825558634860005E-06
 0.580000E+02  0.375867954960008E-06
 0.590000E+02  0.215986420136608E-06
 0.600000E+02  0.336503141657003E-06
 0.610000E+02  0.604947464855942E-06
 0.620000E+02  0.319809134914795E-06
 0.630000E+02  0.184344101163897E-06
 0.640000E+02  0.796156438667819E-07
 0.650000E+02  0.000000000000000E+00
 0.660000E+02  0.000000000000000E+00
 0.670000E+02  0.000000000000000E+00
 0.680000E+02  0.000000000000000E+00
 0.690000E+02  0.000000000000000E+00
 0.700000E+02  0.000000000000000E+00
 0.710000E+02  0.000000000000000E+00
 0.720000E+02  0.000000000000000E+00
 0.730000E+02  0.000000000000000E+00
 0.740000E+02  0.000000000000000E+00
 0.750000E+02  0.000000000000000E+00
 0.760000E+02  0.000000000000000E+00
 0.770000E+02  0.000000000000000E+00
 0.780000E+02  0.000000000000000E+00
 0.790000E+02  0.000000000000000E+00
 0.800000E+02  0.000000000000000E+00
 0.810000E+02  0.000000000000000E+00
 0.820000E+02  0.000000000000000E+00
 0.830000E+02  0.000000000000000E+00
 0.840000E+02  0.000000000000000E+00
 0.850000E+02  0.000000000000000E+00
 0.860000E+02  0.000000000000000E+00
 0.870000E+02  0.000000000000000E+00
 0.880000E+02  0.000000000000000E+00
 0.890000E+02  0.000000000000000E+00
 0.900000E+02  0.000000000000000E+00
 0.910000E+02  0.000000000000000E+00
 0.920000E+02  0.000000000000000E+00
 0.930000E+02  0.000000000000000E+00
 0.940000E+02  0.000000000000000E+00
 0.950000E+02  0.000000000000000E+00
 0.960000E+02  0.000000000000000E+00
 0.970000E+02  0.000000000000000E+00
