 0.000000E+00  0.520212924874811E-03  0.000000000000000E+00  0.000000000000000E+00
 0.100000E+01  0.190884650715984E-02  0.159295459161513E-02  0.315677643811796E-03
 0.200000E+01  0.113607213076655E-01  0.106085397856077E-01  0.749863443161303E-03
 0.300000E+01  0.925025442328388E-02  0.853560540917897E-02  0.711403296577373E-03
 0.400000E+01  0.168732154691701E-02  0.158312451805287E-02  0.103686981333340E-03
 0.500000E+01  0.153497635651935E-04  0.270550206804554E-05  0.126297479496884E-04
 0.600000E+01  0.499531267885228E-05  0.205756163232373E-06  0.478335990816703E-05
 0.700000E+01  0.494985841687712E-06  0.113920380134455E-07  0.482418274161400E-06
 0.800000E+01  0.632611341352673E-07  0.522311291873551E-09  0.625879201764101E-07
 0.900000E+01  0.118153152835763E-07  0.866215750064842E-10  0.116900500464652E-07
 0.100000E+02  0.191035065262283E-08  0.592575578124025E-11  0.189497990324590E-08
 0.110000E+02  0.286621889933191E-09  0.516531585919024E-12  0.284511177529694E-09
 0.120000E+02  0.549691420874392E-10  0.920019722454558E-13  0.545121553335203E-10
 0.130000E+02  0.113311924121055E-10  0.114544198938953E-13  0.112248423382716E-10
 0.140000E+02  0.118138046603937E-11  0.105083438062392E-14  0.116824597059413E-11
 0.150000E+02  0.236534922275260E-12  0.158242090906182E-15  0.233634005308560E-12
 0.160000E+02  0.459419440570665E-13  0.220878772513364E-16  0.452872576664401E-13
 0.170000E+02  0.845078868458748E-14  0.350210178174389E-17  0.831793063257261E-14
 0.180000E+02  0.141960530522485E-14  0.489364952256018E-18  0.139489018911818E-14
 0.190000E+02  0.200072910132713E-15  0.725005114042886E-19  0.195872986453043E-15
 0.200000E+02  0.384005349087709E-16  0.274117958112778E-19  0.375351325030694E-16
 0.210000E+02  0.769759587976573E-17  0.842850457793841E-20  0.751248110410209E-17
 0.220000E+02  0.114847583307172E-17  0.920877262214558E-20  0.110719661079465E-17
 0.230000E+02  0.237578204631514E-18  0.277463403021863E-20  0.227485322254674E-18
 0.240000E+02  0.470073691662157E-19  0.415146187348206E-20  0.410025845490304E-19
 0.250000E+02  0.180769913620937E-19  0.708723443528767E-20  0.996376867045053E-20
 0.260000E+02  0.826537830765775E-20  0.483324948562274E-20  0.243375616513621E-20
 0.270000E+02  0.122935221559168E-19  0.753468777028941E-20  0.405692349127205E-20
 0.280000E+02  0.147474721684064E-19  0.120682315632887E-19  0.207229931900509E-20
 0.290000E+02  0.818950993164491E-20  0.544123030004882E-20  0.216211868540041E-20
 0.300000E+02  0.129042249052260E-19  0.985030755637003E-20  0.207876010165437E-20
 0.310000E+02  0.110224067260677E-19  0.884789724081371E-20  0.162752733300605E-20
 0.320000E+02  0.977443231087110E-20  0.752574868807706E-20  0.179033931131841E-20
 0.330000E+02  0.837301989085791E-20  0.575740491814553E-20  0.205995222713756E-20
 0.340000E+02  0.106748825164058E-19  0.830031955718488E-20  0.162781161254208E-20
 0.350000E+02  0.867084249033459E-20  0.619443172584361E-20  0.163114847979458E-20
 0.360000E+02  0.356115043848529E-20  0.224367572493272E-20  0.927657593661797E-21
 0.370000E+02  0.461513816717860E-20  0.337198205099169E-20  0.777904746682524E-21
 0.380000E+02  0.553727608279903E-20  0.413643055822218E-20  0.875301284631690E-21
 0.390000E+02  0.228783777892862E-20  0.150678767679815E-20  0.421002623846517E-21
 0.400000E+02  0.177724965836103E-20  0.107178173910550E-20  0.386436773123665E-21
 0.410000E+02  0.149699930665924E-20  0.814400132513703E-21  0.347090781831434E-21
 0.420000E+02  0.218952529462358E-20  0.141982884547616E-20  0.382776421975952E-21
 0.430000E+02  0.379180014510265E-20  0.261802103598615E-20  0.688790139137828E-21
 0.440000E+02  0.351408485209350E-20  0.259738911091654E-20  0.449393195071285E-21
 0.450000E+02  0.289946914112539E-20  0.170756608425959E-20  0.620514061492390E-21
 0.460000E+02  0.443459884277065E-20  0.306307434692202E-20  0.662743278894774E-21
 0.470000E+02  0.297920790387794E-20  0.210016833380526E-20  0.345667914275350E-21
 0.480000E+02  0.252529850602330E-20  0.160281539989571E-20  0.378295607580499E-21
 0.490000E+02  0.305054546427684E-20  0.222760820633144E-20  0.330977128986346E-21
 0.500000E+02  0.347372434569154E-20  0.244274547808232E-20  0.448178937362021E-21
 0.510000E+02  0.207147834206117E-20  0.129138198078655E-20  0.375526626249851E-21
 0.520000E+02  0.239568973017042E-20  0.169925539269397E-20  0.348288107983765E-21
 0.530000E+02  0.110853126716955E-20  0.598923724535338E-21  0.225724212551882E-21
 0.540000E+02  0.194838224241789E-20  0.141594371814502E-20  0.312762915558846E-21
 0.550000E+02  0.122953065486282E-20  0.842086135830813E-21  0.176893031301600E-21
 0.560000E+02  0.216555417761896E-20  0.174049422842215E-20  0.244204784788611E-21
 0.570000E+02  0.123173519738599E-20  0.906106960014677E-21  0.144172103614809E-21
 0.580000E+02  0.223212777155679E-20  0.177338038787807E-20  0.229808846142326E-21
 0.590000E+02  0.134094907658356E-20  0.968134742984771E-21  0.211304190957256E-21
 0.600000E+02  0.239984051670546E-20  0.197935682844350E-20  0.268889828949093E-21
 0.610000E+02  0.166846072384908E-20  0.122640811040967E-20  0.305007027999704E-21
 0.620000E+02  0.331821770111588E-20  0.263857964251713E-20  0.431931748711641E-21
 0.630000E+02  0.254599747210354E-20  0.206378412520982E-20  0.365797579930802E-21
 0.640000E+02  0.262078413949543E-22  0.107457800260951E-22  0.154620613688591E-22
 0.650000E+02  0.000000000000000E+00  0.000000000000000E+00  0.000000000000000E+00
 0.660000E+02  0.000000000000000E+00  0.000000000000000E+00  0.000000000000000E+00
 0.670000E+02  0.000000000000000E+00  0.000000000000000E+00  0.000000000000000E+00
 0.680000E+02  0.000000000000000E+00  0.000000000000000E+00  0.000000000000000E+00
 0.690000E+02  0.000000000000000E+00  0.000000000000000E+00  0.000000000000000E+00
 0.700000E+02  0.000000000000000E+00  0.000000000000000E+00  0.000000000000000E+00
 0.710000E+02  0.000000000000000E+00  0.000000000000000E+00  0.000000000000000E+00
 0.720000E+02  0.000000000000000E+00  0.000000000000000E+00  0.000000000000000E+00
 0.730000E+02  0.000000000000000E+00  0.000000000000000E+00  0.000000000000000E+00
 0.740000E+02  0.000000000000000E+00  0.000000000000000E+00  0.000000000000000E+00
 0.750000E+02  0.000000000000000E+00  0.000000000000000E+00  0.000000000000000E+00
 0.760000E+02  0.000000000000000E+00  0.000000000000000E+00  0.000000000000000E+00
 0.770000E+02  0.000000000000000E+00  0.000000000000000E+00  0.000000000000000E+00
 0.780000E+02  0.000000000000000E+00  0.000000000000000E+00  0.000000000000000E+00
 0.790000E+02  0.000000000000000E+00  0.000000000000000E+00  0.000000000000000E+00
 0.800000E+02  0.000000000000000E+00  0.000000000000000E+00  0.000000000000000E+00
 0.810000E+02  0.000000000000000E+00  0.000000000000000E+00  0.000000000000000E+00
 0.820000E+02  0.000000000000000E+00  0.000000000000000E+00  0.000000000000000E+00
 0.830000E+02  0.000000000000000E+00  0.000000000000000E+00  0.000000000000000E+00
 0.840000E+02  0.000000000000000E+00  0.000000000000000E+00  0.000000000000000E+00
 0.850000E+02  0.000000000000000E+00  0.000000000000000E+00  0.000000000000000E+00
 0.860000E+02  0.000000000000000E+00  0.000000000000000E+00  0.000000000000000E+00
 0.870000E+02  0.000000000000000E+00  0.000000000000000E+00  0.000000000000000E+00
 0.880000E+02  0.000000000000000E+00  0.000000000000000E+00  0.000000000000000E+00
 0.890000E+02  0.000000000000000E+00  0.000000000000000E+00  0.000000000000000E+00
 0.900000E+02  0.000000000000000E+00  0.000000000000000E+00  0.000000000000000E+00
 0.910000E+02  0.000000000000000E+00  0.000000000000000E+00  0.000000000000000E+00
 0.920000E+02  0.000000000000000E+00  0.000000000000000E+00  0.000000000000000E+00
 0.930000E+02  0.000000000000000E+00  0.000000000000000E+00  0.000000000000000E+00
 0.940000E+02  0.000000000000000E+00  0.000000000000000E+00  0.000000000000000E+00
 0.950000E+02  0.000000000000000E+00  0.000000000000000E+00  0.000000000000000E+00
 0.960000E+02  0.000000000000000E+00  0.000000000000000E+00  0.000000000000000E+00
