 0.100000E+01  0.236505722294403E-01
 0.200000E+01  0.237711791720424E-01
 0.300000E+01  0.125873083317730E-01
 0.400000E+01  0.146372755182829E+00
 0.500000E+01  0.379700897771135E-01
 0.600000E+01  0.434315913495058E-02
 0.700000E+01  0.822817185437867E-03
 0.800000E+01  0.327846306565394E-01
 0.900000E+01  0.870611514355361E-02
 0.100000E+02  0.754714039376934E-03
 0.110000E+02  0.323377890443715E-03
 0.120000E+02  0.183142217315929E-01
 0.130000E+02  0.334855989642132E-02
 0.140000E+02  0.384076265086483E-03
 0.150000E+02  0.114582604628320E-03
 0.160000E+02  0.526836806268034E-02
 0.170000E+02  0.141406887265649E-02
 0.180000E+02  0.170961858762665E-03
 0.190000E+02  0.623730317401839E-04
 0.200000E+02  0.211821489371551E-02
 0.210000E+02  0.438654142841912E-03
 0.220000E+02  0.922025430359835E-04
 0.230000E+02  0.340342249770166E-04
 0.240000E+02  0.772192701851018E-03
 0.250000E+02  0.270445961871614E-03
 0.260000E+02  0.445235402021565E-04
 0.270000E+02  0.179901914534663E-04
 0.280000E+02  0.265549994203626E-03
 0.290000E+02  0.118557010754785E-03
 0.300000E+02  0.226981136399049E-04
 0.310000E+02  0.104976307044684E-04
 0.320000E+02  0.108901143151874E-03
 0.330000E+02  0.575266898765989E-04
 0.340000E+02  0.137027102582380E-04
 0.350000E+02  0.607265221482154E-05
 0.360000E+02  0.399784030357743E-04
 0.370000E+02  0.281136070462536E-04
 0.380000E+02  0.738937397868687E-05
 0.390000E+02  0.321229389447052E-05
 0.400000E+02  0.160978653266343E-04
 0.410000E+02  0.128438484602366E-04
 0.420000E+02  0.404954103243943E-05
 0.430000E+02  0.185229716387280E-05
 0.440000E+02  0.623945019577002E-05
 0.450000E+02  0.619100401922705E-05
 0.460000E+02  0.215890098936265E-05
 0.470000E+02  0.999696099807057E-06
 0.480000E+02  0.273342749788372E-05
 0.490000E+02  0.287861789244534E-05
 0.500000E+02  0.121287096030219E-05
 0.510000E+02  0.600654196138827E-06
 0.520000E+02  0.135475866958266E-05
 0.530000E+02  0.147838426512571E-05
 0.540000E+02  0.732443920854765E-06
 0.550000E+02  0.380000279195265E-06
 0.560000E+02  0.628451686479136E-06
 0.570000E+02  0.845556712618058E-06
 0.580000E+02  0.431217947347173E-06
 0.590000E+02  0.275381078454410E-06
 0.600000E+02  0.348881663272241E-06
 0.610000E+02  0.523274279592539E-06
 0.620000E+02  0.332762436203635E-06
 0.630000E+02  0.201808541493826E-06
 0.640000E+02  0.780968602966428E-07
 0.650000E+02  0.000000000000000E+00
 0.660000E+02  0.000000000000000E+00
 0.670000E+02  0.000000000000000E+00
 0.680000E+02  0.000000000000000E+00
 0.690000E+02  0.000000000000000E+00
 0.700000E+02  0.000000000000000E+00
 0.710000E+02  0.000000000000000E+00
 0.720000E+02  0.000000000000000E+00
 0.730000E+02  0.000000000000000E+00
 0.740000E+02  0.000000000000000E+00
 0.750000E+02  0.000000000000000E+00
 0.760000E+02  0.000000000000000E+00
 0.770000E+02  0.000000000000000E+00
 0.780000E+02  0.000000000000000E+00
 0.790000E+02  0.000000000000000E+00
 0.800000E+02  0.000000000000000E+00
 0.810000E+02  0.000000000000000E+00
 0.820000E+02  0.000000000000000E+00
 0.830000E+02  0.000000000000000E+00
 0.840000E+02  0.000000000000000E+00
 0.850000E+02  0.000000000000000E+00
 0.860000E+02  0.000000000000000E+00
 0.870000E+02  0.000000000000000E+00
 0.880000E+02  0.000000000000000E+00
 0.890000E+02  0.000000000000000E+00
 0.900000E+02  0.000000000000000E+00
 0.910000E+02  0.000000000000000E+00
 0.920000E+02  0.000000000000000E+00
 0.930000E+02  0.000000000000000E+00
 0.940000E+02  0.000000000000000E+00
 0.950000E+02  0.000000000000000E+00
 0.960000E+02  0.000000000000000E+00
 0.970000E+02  0.000000000000000E+00
