 0.000000E+00  0.267254308848455E-02  0.000000000000000E+00  0.000000000000000E+00
 0.100000E+01  0.184899006345099E+00  0.181199988815933E+00  0.124583940487355E-02
 0.200000E+01  0.616857820134804E-01  0.538549884222448E-01  0.230968094001582E-02
 0.300000E+01  0.675594256785873E-01  0.615109225036576E-01  0.117618783315265E-02
 0.400000E+01  0.229414210192341E-01  0.197803231167200E-01  0.786645820198828E-03
 0.500000E+01  0.124712720044858E-01  0.953707285464134E-02  0.885305552287718E-03
 0.600000E+01  0.349775105887825E-02  0.197003733001111E-02  0.441848946934442E-03
 0.700000E+01  0.191979140446944E-02  0.103845426427540E-02  0.338360557659456E-03
 0.800000E+01  0.106656157203132E-02  0.391081680362504E-03  0.241551811924978E-03
 0.900000E+01  0.572623150534397E-03  0.179572349267687E-03  0.130985194729760E-03
 0.100000E+02  0.433493876175873E-03  0.125906540424658E-03  0.103970329217162E-03
 0.110000E+02  0.289807832520786E-03  0.586578535752835E-04  0.796600718828699E-04
 0.120000E+02  0.204705691189354E-03  0.305002871101578E-04  0.496921269110828E-04
 0.130000E+02  0.166519057390066E-03  0.224456871844581E-04  0.478075828311830E-04
 0.140000E+02  0.132857835594527E-03  0.163566735568166E-04  0.307847223730562E-04
 0.150000E+02  0.973966023792528E-04  0.107825316577603E-04  0.222604134600957E-04
 0.160000E+02  0.717625175894731E-04  0.726382632801337E-05  0.203565872667743E-04
 0.170000E+02  0.646859579602709E-04  0.647972669309826E-05  0.192697965344379E-04
 0.180000E+02  0.504619068330075E-04  0.402642685423324E-05  0.156254174537018E-04
 0.190000E+02  0.384055232266885E-04  0.234263442516758E-05  0.936160067221969E-05
 0.200000E+02  0.292725695840659E-04  0.162383481829009E-05  0.841141681418023E-05
 0.210000E+02  0.260310724637125E-04  0.150038172989052E-05  0.683668739465126E-05
 0.220000E+02  0.187262634569391E-04  0.956534796758834E-06  0.444339795022120E-05
 0.230000E+02  0.154945639941918E-04  0.725810165441709E-06  0.351468101644770E-05
 0.240000E+02  0.136654714208889E-04  0.568713955831357E-06  0.335744835264218E-05
 0.250000E+02  0.113260685250868E-04  0.474224059079757E-06  0.262715905274824E-05
 0.260000E+02  0.947440385401492E-05  0.356523908442638E-06  0.267032690948188E-05
 0.270000E+02  0.710655905270477E-05  0.267557648642083E-06  0.187001423585485E-05
 0.280000E+02  0.564336964388432E-05  0.206669073233440E-06  0.142721634417003E-05
 0.290000E+02  0.513705387151226E-05  0.150263635104175E-06  0.128566782085782E-05
 0.300000E+02  0.391891110122991E-05  0.118961994163001E-06  0.105964698304817E-05
 0.310000E+02  0.352644521516200E-05  0.855408751165420E-07  0.888709285232214E-06
 0.320000E+02  0.284465310035371E-05  0.638965742565307E-07  0.818597309271141E-06
 0.330000E+02  0.238139661301559E-05  0.546260713630295E-07  0.573616066102886E-06
 0.340000E+02  0.215747647862002E-05  0.463982230156829E-07  0.594474357589912E-06
 0.350000E+02  0.158054314079604E-05  0.281146986458249E-07  0.430806653565607E-06
 0.360000E+02  0.138977408275478E-05  0.264685186134484E-07  0.362553989000786E-06
 0.370000E+02  0.111019144874741E-05  0.165095993772714E-07  0.278156108496179E-06
 0.380000E+02  0.103146055495486E-05  0.176418020083588E-07  0.252118715179678E-06
 0.390000E+02  0.833035798026741E-06  0.982594181587259E-08  0.196704561976628E-06
 0.400000E+02  0.645422344944691E-06  0.858176037549322E-08  0.176665539029439E-06
 0.410000E+02  0.603428752627871E-06  0.692945902988768E-08  0.161147175344795E-06
 0.420000E+02  0.470068230753022E-06  0.528878948111860E-08  0.128083284563121E-06
 0.430000E+02  0.438909207130873E-06  0.408709691784859E-08  0.116741517419932E-06
 0.440000E+02  0.315999116855240E-06  0.301723863798677E-08  0.816026061585778E-07
 0.450000E+02  0.261789053875171E-06  0.212260281942474E-08  0.674359994329798E-07
 0.460000E+02  0.234851726141993E-06  0.195444085628345E-08  0.583733535582933E-07
 0.470000E+02  0.180316872879182E-06  0.130099897276706E-08  0.454531175816676E-07
 0.480000E+02  0.162946173435115E-06  0.108850180685688E-08  0.386075831040360E-07
 0.490000E+02  0.125119501703404E-06  0.794824779793697E-09  0.283534489783173E-07
 0.500000E+02  0.110253991092129E-06  0.640746206776774E-09  0.238622427751545E-07
 0.510000E+02  0.846429383355912E-07  0.534189052655030E-09  0.211347994549967E-07
 0.520000E+02  0.660044873724890E-07  0.329379936370387E-09  0.139488500815082E-07
 0.530000E+02  0.584707967180767E-07  0.369992563083171E-09  0.146508886878337E-07
 0.540000E+02  0.457479183944209E-07  0.209342437660252E-09  0.908363047233158E-08
 0.550000E+02  0.422791257857658E-07  0.227662366504259E-09  0.948809181665133E-08
 0.560000E+02  0.304753654695326E-07  0.124978591735770E-09  0.644434853400874E-08
 0.570000E+02  0.255275209279747E-07  0.121821995466331E-09  0.526868280755558E-08
 0.580000E+02  0.199039769462682E-07  0.924109499314528E-10  0.395774819929237E-08
 0.590000E+02  0.185874061432318E-07  0.858323583559935E-10  0.396500437194994E-08
 0.600000E+02  0.163000510600762E-07  0.758981404067562E-10  0.266586810949198E-08
 0.610000E+02  0.130677127916125E-07  0.601185727424566E-10  0.218138705090127E-08
 0.620000E+02  0.154196666612475E-07  0.616504148132813E-10  0.304887333393761E-08
 0.630000E+02  0.137506276228122E-07  0.112247677788370E-09  0.442519932513057E-08
 0.640000E+02  0.114947229252343E-10  0.104835313607249E-11  0.104463697891619E-10
 0.650000E+02  0.000000000000000E+00  0.000000000000000E+00  0.000000000000000E+00
 0.660000E+02  0.000000000000000E+00  0.000000000000000E+00  0.000000000000000E+00
 0.670000E+02  0.000000000000000E+00  0.000000000000000E+00  0.000000000000000E+00
 0.680000E+02  0.000000000000000E+00  0.000000000000000E+00  0.000000000000000E+00
 0.690000E+02  0.000000000000000E+00  0.000000000000000E+00  0.000000000000000E+00
 0.700000E+02  0.000000000000000E+00  0.000000000000000E+00  0.000000000000000E+00
 0.710000E+02  0.000000000000000E+00  0.000000000000000E+00  0.000000000000000E+00
 0.720000E+02  0.000000000000000E+00  0.000000000000000E+00  0.000000000000000E+00
 0.730000E+02  0.000000000000000E+00  0.000000000000000E+00  0.000000000000000E+00
 0.740000E+02  0.000000000000000E+00  0.000000000000000E+00  0.000000000000000E+00
 0.750000E+02  0.000000000000000E+00  0.000000000000000E+00  0.000000000000000E+00
 0.760000E+02  0.000000000000000E+00  0.000000000000000E+00  0.000000000000000E+00
 0.770000E+02  0.000000000000000E+00  0.000000000000000E+00  0.000000000000000E+00
 0.780000E+02  0.000000000000000E+00  0.000000000000000E+00  0.000000000000000E+00
 0.790000E+02  0.000000000000000E+00  0.000000000000000E+00  0.000000000000000E+00
 0.800000E+02  0.000000000000000E+00  0.000000000000000E+00  0.000000000000000E+00
 0.810000E+02  0.000000000000000E+00  0.000000000000000E+00  0.000000000000000E+00
 0.820000E+02  0.000000000000000E+00  0.000000000000000E+00  0.000000000000000E+00
 0.830000E+02  0.000000000000000E+00  0.000000000000000E+00  0.000000000000000E+00
 0.840000E+02  0.000000000000000E+00  0.000000000000000E+00  0.000000000000000E+00
 0.850000E+02  0.000000000000000E+00  0.000000000000000E+00  0.000000000000000E+00
 0.860000E+02  0.000000000000000E+00  0.000000000000000E+00  0.000000000000000E+00
 0.870000E+02  0.000000000000000E+00  0.000000000000000E+00  0.000000000000000E+00
 0.880000E+02  0.000000000000000E+00  0.000000000000000E+00  0.000000000000000E+00
 0.890000E+02  0.000000000000000E+00  0.000000000000000E+00  0.000000000000000E+00
 0.900000E+02  0.000000000000000E+00  0.000000000000000E+00  0.000000000000000E+00
 0.910000E+02  0.000000000000000E+00  0.000000000000000E+00  0.000000000000000E+00
 0.920000E+02  0.000000000000000E+00  0.000000000000000E+00  0.000000000000000E+00
 0.930000E+02  0.000000000000000E+00  0.000000000000000E+00  0.000000000000000E+00
 0.940000E+02  0.000000000000000E+00  0.000000000000000E+00  0.000000000000000E+00
 0.950000E+02  0.000000000000000E+00  0.000000000000000E+00  0.000000000000000E+00
 0.960000E+02  0.000000000000000E+00  0.000000000000000E+00  0.000000000000000E+00
