 0.000000E+00  0.134033774157694E-01  0.111021400813289E-01  0.230123733444056E-02
 0.400000E+01  0.529011249919588E-01  0.525034994222603E-01  0.397625569698216E-03
 0.800000E+01  0.121123822291966E-01  0.119785927739430E-01  0.133789455253571E-03
 0.120000E+02  0.431965846619611E-02  0.427426457962905E-02  0.453938865670650E-04
 0.160000E+02  0.164192385982311E-02  0.162426631895408E-02  0.176575408690225E-04
 0.200000E+02  0.570029525781802E-03  0.562245072113649E-03  0.778445366815437E-05
 0.240000E+02  0.234092020455185E-03  0.230850146307253E-03  0.324187414793206E-05
 0.280000E+02  0.991269209742140E-04  0.978065721022948E-04  0.132034887191920E-05
 0.320000E+02  0.400772244276681E-04  0.394499943471116E-04  0.627230080556471E-06
 0.360000E+02  0.155430196105421E-04  0.152595691072709E-04  0.283450503271171E-06
 0.400000E+02  0.650664887923591E-05  0.637814357493227E-05  0.128505304303642E-06
 0.440000E+02  0.283100731210472E-05  0.276766441989785E-05  0.633428922068728E-07
 0.480000E+02  0.127322557674226E-05  0.123981828606519E-05  0.334072906770747E-07
 0.520000E+02  0.591394024697506E-06  0.573182472599202E-06  0.182115520983037E-07
 0.560000E+02  0.295050625928751E-06  0.284818432672510E-06  0.102321932562410E-07
 0.600000E+02  0.167772384967534E-06  0.163478619112731E-06  0.429376585480216E-08
 0.640000E+02  0.533821216397445E-10  0.533821216397445E-10  0.000000000000000E+00
 0.680000E+02  0.000000000000000E+00  0.000000000000000E+00  0.000000000000000E+00
 0.720000E+02  0.000000000000000E+00  0.000000000000000E+00  0.000000000000000E+00
 0.760000E+02  0.000000000000000E+00  0.000000000000000E+00  0.000000000000000E+00
 0.800000E+02  0.000000000000000E+00  0.000000000000000E+00  0.000000000000000E+00
 0.840000E+02  0.000000000000000E+00  0.000000000000000E+00  0.000000000000000E+00
 0.880000E+02  0.000000000000000E+00  0.000000000000000E+00  0.000000000000000E+00
 0.920000E+02  0.000000000000000E+00  0.000000000000000E+00  0.000000000000000E+00
 0.960000E+02  0.000000000000000E+00  0.000000000000000E+00  0.000000000000000E+00
