 0.000000E+00  0.789748933077173E-01  0.000000000000000E+00  0.000000000000000E+00
 0.100000E+01  0.237993944984938E+00  0.582514894194901E-01  0.202507935136964E-02
 0.200000E+01  0.672229036274803E-01  0.111963917424873E-01  0.250000285723218E-02
 0.300000E+01  0.262559684949454E-01  0.786580907879397E-02  0.183167066279566E-02
 0.400000E+01  0.787806330405956E-02  0.120914576837095E-02  0.547928299965861E-03
 0.500000E+01  0.491050408585598E-02  0.291573603675488E-03  0.187081156269642E-03
 0.600000E+01  0.202104810862207E-02  0.731002921270374E-04  0.130136210827914E-03
 0.700000E+01  0.157723095063825E-02  0.109434525811025E-03  0.882920835181267E-04
 0.800000E+01  0.100536386665744E-02  0.520309518776685E-04  0.540022433588305E-04
 0.900000E+01  0.597909048941749E-03  0.433372314283531E-04  0.363612111797806E-04
 0.100000E+02  0.478889987494692E-03  0.264912374063897E-04  0.253879316431949E-04
 0.110000E+02  0.275585853265489E-03  0.119965979528125E-04  0.182612963310902E-04
 0.120000E+02  0.236450654185302E-03  0.775385096363213E-05  0.185558908505357E-04
 0.130000E+02  0.170260370759626E-03  0.575977204986255E-05  0.974482929283482E-05
 0.140000E+02  0.107079201175237E-03  0.369126052394281E-05  0.725023625136600E-05
 0.150000E+02  0.918746757757340E-04  0.303298566761701E-05  0.603784167441113E-05
 0.160000E+02  0.660125213274754E-04  0.214104487017419E-05  0.473324986538515E-05
 0.170000E+02  0.578846196501200E-04  0.184095104627247E-05  0.326830473780168E-05
 0.180000E+02  0.442258013003337E-04  0.114503183087922E-05  0.325490854240912E-05
 0.190000E+02  0.313968789268224E-04  0.900526393204926E-06  0.215631374515801E-05
 0.200000E+02  0.264217387935184E-04  0.705491262499580E-06  0.165065988738666E-05
 0.210000E+02  0.215005446524206E-04  0.578168799489354E-06  0.120113680907030E-05
 0.220000E+02  0.158155597385113E-04  0.406251840261856E-06  0.845123371093909E-06
 0.230000E+02  0.124976543921013E-04  0.312425615347361E-06  0.628863052430650E-06
 0.240000E+02  0.106170093096298E-04  0.244921047498625E-06  0.627246893141354E-06
 0.250000E+02  0.897963975998076E-05  0.186006966268817E-06  0.603378055474141E-06
 0.260000E+02  0.737457591768008E-05  0.136967638249448E-06  0.432023331581322E-06
 0.270000E+02  0.533175856469993E-05  0.946596395139804E-07  0.312914482360205E-06
 0.280000E+02  0.441577410623731E-05  0.871066920121732E-07  0.243881174512620E-06
 0.290000E+02  0.395279396000745E-05  0.684501453469821E-07  0.250053028805555E-06
 0.300000E+02  0.311123977073405E-05  0.535663338338543E-07  0.190523391205982E-06
 0.310000E+02  0.261547808116102E-05  0.381908038284140E-07  0.170911149413805E-06
 0.320000E+02  0.198847360870525E-05  0.305163657780827E-07  0.110944657221151E-06
 0.330000E+02  0.169225428295810E-05  0.240769403471583E-07  0.100130339159444E-06
 0.340000E+02  0.145309532710653E-05  0.212549636619506E-07  0.775962665178426E-07
 0.350000E+02  0.112120836100771E-05  0.156026406929015E-07  0.541663951044921E-07
 0.360000E+02  0.102668822940948E-05  0.119605907613230E-07  0.481420536990372E-07
 0.370000E+02  0.798589202713603E-06  0.106535245389232E-07  0.384980942707462E-07
 0.380000E+02  0.711849983544920E-06  0.890975875871458E-08  0.345239654245353E-07
 0.390000E+02  0.550503628630049E-06  0.692771611647894E-08  0.240077187517972E-07
 0.400000E+02  0.444905969975447E-06  0.542274130834646E-08  0.198224837329500E-07
 0.410000E+02  0.434630369094639E-06  0.545812956631716E-08  0.192280444375284E-07
 0.420000E+02  0.342825759527952E-06  0.489621971715452E-08  0.156000408330531E-07
 0.430000E+02  0.289827197186740E-06  0.389428997290544E-08  0.144545827036602E-07
 0.440000E+02  0.237438763500965E-06  0.348569787356895E-08  0.114876964537615E-07
 0.450000E+02  0.199720683450620E-06  0.285315636836480E-08  0.834840928605842E-08
 0.460000E+02  0.184789735765725E-06  0.255105936221861E-08  0.837293222352311E-08
 0.470000E+02  0.140323934109707E-06  0.202567879208710E-08  0.660157418830989E-08
 0.480000E+02  0.127796103457162E-06  0.190118874313886E-08  0.576579963976836E-08
 0.490000E+02  0.113722769807412E-06  0.143024804144885E-08  0.444464754676080E-08
 0.500000E+02  0.904047093040135E-07  0.144015820760172E-08  0.339752658798948E-08
 0.510000E+02  0.743797097622841E-07  0.115359006719394E-08  0.249794801513155E-08
 0.520000E+02  0.653481412596278E-07  0.904934218717214E-09  0.223218685193666E-08
 0.530000E+02  0.507753015004131E-07  0.903128666828150E-09  0.192159975563559E-08
 0.540000E+02  0.426019454448386E-07  0.863916814139945E-09  0.160364572376011E-08
 0.550000E+02  0.421220279548072E-07  0.782266691189683E-09  0.132870568325631E-08
 0.560000E+02  0.294849053219454E-07  0.581233851759016E-09  0.115437762831504E-08
 0.570000E+02  0.262620645503007E-07  0.428203709496241E-09  0.122237906081576E-08
 0.580000E+02  0.206405989925621E-07  0.415553953146073E-09  0.961602962522837E-09
 0.590000E+02  0.181823247313739E-07  0.337409576573090E-09  0.927995044040501E-09
 0.600000E+02  0.167163655469142E-07  0.401718680416182E-09  0.998260994829619E-09
 0.610000E+02  0.147443672137580E-07  0.392990822326491E-09  0.105102932366167E-08
 0.620000E+02  0.130622832221976E-07  0.434431916345750E-09  0.131030495246017E-08
 0.630000E+02  0.113810970024075E-07  0.923186417611278E-09  0.230979622659367E-08
 0.640000E+02  0.310198605693525E-10  0.829101993630272E-11  0.227288406330498E-10
 0.650000E+02  0.000000000000000E+00  0.000000000000000E+00  0.000000000000000E+00
 0.660000E+02  0.000000000000000E+00  0.000000000000000E+00  0.000000000000000E+00
 0.670000E+02  0.000000000000000E+00  0.000000000000000E+00  0.000000000000000E+00
 0.680000E+02  0.000000000000000E+00  0.000000000000000E+00  0.000000000000000E+00
 0.690000E+02  0.000000000000000E+00  0.000000000000000E+00  0.000000000000000E+00
 0.700000E+02  0.000000000000000E+00  0.000000000000000E+00  0.000000000000000E+00
 0.710000E+02  0.000000000000000E+00  0.000000000000000E+00  0.000000000000000E+00
 0.720000E+02  0.000000000000000E+00  0.000000000000000E+00  0.000000000000000E+00
 0.730000E+02  0.000000000000000E+00  0.000000000000000E+00  0.000000000000000E+00
 0.740000E+02  0.000000000000000E+00  0.000000000000000E+00  0.000000000000000E+00
 0.750000E+02  0.000000000000000E+00  0.000000000000000E+00  0.000000000000000E+00
 0.760000E+02  0.000000000000000E+00  0.000000000000000E+00  0.000000000000000E+00
 0.770000E+02  0.000000000000000E+00  0.000000000000000E+00  0.000000000000000E+00
 0.780000E+02  0.000000000000000E+00  0.000000000000000E+00  0.000000000000000E+00
 0.790000E+02  0.000000000000000E+00  0.000000000000000E+00  0.000000000000000E+00
 0.800000E+02  0.000000000000000E+00  0.000000000000000E+00  0.000000000000000E+00
 0.810000E+02  0.000000000000000E+00  0.000000000000000E+00  0.000000000000000E+00
 0.820000E+02  0.000000000000000E+00  0.000000000000000E+00  0.000000000000000E+00
 0.830000E+02  0.000000000000000E+00  0.000000000000000E+00  0.000000000000000E+00
 0.840000E+02  0.000000000000000E+00  0.000000000000000E+00  0.000000000000000E+00
 0.850000E+02  0.000000000000000E+00  0.000000000000000E+00  0.000000000000000E+00
 0.860000E+02  0.000000000000000E+00  0.000000000000000E+00  0.000000000000000E+00
 0.870000E+02  0.000000000000000E+00  0.000000000000000E+00  0.000000000000000E+00
 0.880000E+02  0.000000000000000E+00  0.000000000000000E+00  0.000000000000000E+00
 0.890000E+02  0.000000000000000E+00  0.000000000000000E+00  0.000000000000000E+00
 0.900000E+02  0.000000000000000E+00  0.000000000000000E+00  0.000000000000000E+00
 0.910000E+02  0.000000000000000E+00  0.000000000000000E+00  0.000000000000000E+00
 0.920000E+02  0.000000000000000E+00  0.000000000000000E+00  0.000000000000000E+00
 0.930000E+02  0.000000000000000E+00  0.000000000000000E+00  0.000000000000000E+00
 0.940000E+02  0.000000000000000E+00  0.000000000000000E+00  0.000000000000000E+00
 0.950000E+02  0.000000000000000E+00  0.000000000000000E+00  0.000000000000000E+00
 0.960000E+02  0.000000000000000E+00  0.000000000000000E+00  0.000000000000000E+00
