 0.100000E+01  0.184314017967814E-01
 0.200000E+01  0.152926472503822E-01
 0.300000E+01  0.111553871729723E-01
 0.400000E+01  0.206126543988910E+00
 0.500000E+01  0.208176671685751E-01
 0.600000E+01  0.230844518225237E-02
 0.700000E+01  0.562426195264641E-03
 0.800000E+01  0.440891570338548E-01
 0.900000E+01  0.481380877431745E-02
 0.100000E+02  0.483352714650310E-03
 0.110000E+02  0.256789873855371E-03
 0.120000E+02  0.158692387157548E-01
 0.130000E+02  0.221081044830761E-02
 0.140000E+02  0.256992661984643E-03
 0.150000E+02  0.926509779942300E-04
 0.160000E+02  0.615967925905840E-02
 0.170000E+02  0.964878956567887E-03
 0.180000E+02  0.127209208098317E-03
 0.190000E+02  0.510517583436239E-04
 0.200000E+02  0.231815378610803E-02
 0.210000E+02  0.359470110031747E-03
 0.220000E+02  0.663096236543349E-04
 0.230000E+02  0.232757049117929E-04
 0.240000E+02  0.890839035228323E-03
 0.250000E+02  0.233927404552578E-03
 0.260000E+02  0.282636315418810E-04
 0.270000E+02  0.123140585818251E-04
 0.280000E+02  0.284777117637156E-03
 0.290000E+02  0.919307192417785E-04
 0.300000E+02  0.155232963058384E-04
 0.310000E+02  0.641158173015857E-05
 0.320000E+02  0.982447476202139E-04
 0.330000E+02  0.437597899206883E-04
 0.340000E+02  0.877932576871520E-05
 0.350000E+02  0.362518850925800E-05
 0.360000E+02  0.393560470592713E-04
 0.370000E+02  0.223611320899060E-04
 0.380000E+02  0.489623647772742E-05
 0.390000E+02  0.169367174099598E-05
 0.400000E+02  0.154706764057789E-04
 0.410000E+02  0.111755286201736E-04
 0.420000E+02  0.268477053895202E-05
 0.430000E+02  0.103774362379675E-05
 0.440000E+02  0.659288590906469E-05
 0.450000E+02  0.546697754235620E-05
 0.460000E+02  0.143639984283344E-05
 0.470000E+02  0.582810340833716E-06
 0.480000E+02  0.277787739967643E-05
 0.490000E+02  0.255079608205309E-05
 0.500000E+02  0.747301390673076E-06
 0.510000E+02  0.327777151476086E-06
 0.520000E+02  0.120109425533521E-05
 0.530000E+02  0.117724513841767E-05
 0.540000E+02  0.447674000873674E-06
 0.550000E+02  0.191904709903465E-06
 0.560000E+02  0.490273846336021E-06
 0.570000E+02  0.635874895616151E-06
 0.580000E+02  0.247989471095575E-06
 0.590000E+02  0.136722257435285E-06
 0.600000E+02  0.261882857968920E-06
 0.610000E+02  0.420284312969913E-06
 0.620000E+02  0.193561250049254E-06
 0.630000E+02  0.931805885504985E-07
 0.640000E+02  0.374227232033611E-07
 0.650000E+02  0.000000000000000E+00
 0.660000E+02  0.000000000000000E+00
 0.670000E+02  0.000000000000000E+00
 0.680000E+02  0.000000000000000E+00
 0.690000E+02  0.000000000000000E+00
 0.700000E+02  0.000000000000000E+00
 0.710000E+02  0.000000000000000E+00
 0.720000E+02  0.000000000000000E+00
 0.730000E+02  0.000000000000000E+00
 0.740000E+02  0.000000000000000E+00
 0.750000E+02  0.000000000000000E+00
 0.760000E+02  0.000000000000000E+00
 0.770000E+02  0.000000000000000E+00
 0.780000E+02  0.000000000000000E+00
 0.790000E+02  0.000000000000000E+00
 0.800000E+02  0.000000000000000E+00
 0.810000E+02  0.000000000000000E+00
 0.820000E+02  0.000000000000000E+00
 0.830000E+02  0.000000000000000E+00
 0.840000E+02  0.000000000000000E+00
 0.850000E+02  0.000000000000000E+00
 0.860000E+02  0.000000000000000E+00
 0.870000E+02  0.000000000000000E+00
 0.880000E+02  0.000000000000000E+00
 0.890000E+02  0.000000000000000E+00
 0.900000E+02  0.000000000000000E+00
 0.910000E+02  0.000000000000000E+00
 0.920000E+02  0.000000000000000E+00
 0.930000E+02  0.000000000000000E+00
 0.940000E+02  0.000000000000000E+00
 0.950000E+02  0.000000000000000E+00
 0.960000E+02  0.000000000000000E+00
 0.970000E+02  0.000000000000000E+00
