 0.100000E+01  0.211414929433998E-01
 0.200000E+01  0.155972713916772E-01
 0.300000E+01  0.206472167211413E-01
 0.400000E+01  0.152430755605389E+00
 0.500000E+01  0.335696096317536E-01
 0.600000E+01  0.329897735086560E-02
 0.700000E+01  0.806735006365940E-03
 0.800000E+01  0.425781325978371E-01
 0.900000E+01  0.734031373228902E-02
 0.100000E+02  0.695679789829960E-03
 0.110000E+02  0.330896667465496E-03
 0.120000E+02  0.172446937447325E-01
 0.130000E+02  0.314734823668196E-02
 0.140000E+02  0.397729245749843E-03
 0.150000E+02  0.129123737116742E-03
 0.160000E+02  0.534412776428970E-02
 0.170000E+02  0.121221770089793E-02
 0.180000E+02  0.166737804105771E-03
 0.190000E+02  0.690569646415436E-04
 0.200000E+02  0.220672200594909E-02
 0.210000E+02  0.431633303543832E-03
 0.220000E+02  0.910805119355574E-04
 0.230000E+02  0.330792522557696E-04
 0.240000E+02  0.844529634672705E-03
 0.250000E+02  0.257274633548637E-03
 0.260000E+02  0.435180711538737E-04
 0.270000E+02  0.182437430682010E-04
 0.280000E+02  0.328537211229152E-03
 0.290000E+02  0.104957594856820E-03
 0.300000E+02  0.215222108781410E-04
 0.310000E+02  0.953127396621300E-05
 0.320000E+02  0.128684958212214E-03
 0.330000E+02  0.467216957216955E-04
 0.340000E+02  0.119044735646044E-04
 0.350000E+02  0.514032409604308E-05
 0.360000E+02  0.454276876997708E-04
 0.370000E+02  0.241744079880285E-04
 0.380000E+02  0.620185375082399E-05
 0.390000E+02  0.271108078367483E-05
 0.400000E+02  0.188338672242374E-04
 0.410000E+02  0.118649220928812E-04
 0.420000E+02  0.342799427173203E-05
 0.430000E+02  0.155149016924203E-05
 0.440000E+02  0.789203995820359E-05
 0.450000E+02  0.607983600377054E-05
 0.460000E+02  0.187643726722788E-05
 0.470000E+02  0.862480984428817E-06
 0.480000E+02  0.312304433387021E-05
 0.490000E+02  0.296393108059920E-05
 0.500000E+02  0.995756077647703E-06
 0.510000E+02  0.475003446587735E-06
 0.520000E+02  0.142349801980902E-05
 0.530000E+02  0.131309049421149E-05
 0.540000E+02  0.537239545860758E-06
 0.550000E+02  0.296737498052839E-06
 0.560000E+02  0.627539682309337E-06
 0.570000E+02  0.743765935186089E-06
 0.580000E+02  0.300990246220991E-06
 0.590000E+02  0.199120703792574E-06
 0.600000E+02  0.338116289879477E-06
 0.610000E+02  0.550946840900335E-06
 0.620000E+02  0.272018242978906E-06
 0.630000E+02  0.155116352941522E-06
 0.640000E+02  0.704121063089698E-07
 0.650000E+02  0.000000000000000E+00
 0.660000E+02  0.000000000000000E+00
 0.670000E+02  0.000000000000000E+00
 0.680000E+02  0.000000000000000E+00
 0.690000E+02  0.000000000000000E+00
 0.700000E+02  0.000000000000000E+00
 0.710000E+02  0.000000000000000E+00
 0.720000E+02  0.000000000000000E+00
 0.730000E+02  0.000000000000000E+00
 0.740000E+02  0.000000000000000E+00
 0.750000E+02  0.000000000000000E+00
 0.760000E+02  0.000000000000000E+00
 0.770000E+02  0.000000000000000E+00
 0.780000E+02  0.000000000000000E+00
 0.790000E+02  0.000000000000000E+00
 0.800000E+02  0.000000000000000E+00
 0.810000E+02  0.000000000000000E+00
 0.820000E+02  0.000000000000000E+00
 0.830000E+02  0.000000000000000E+00
 0.840000E+02  0.000000000000000E+00
 0.850000E+02  0.000000000000000E+00
 0.860000E+02  0.000000000000000E+00
 0.870000E+02  0.000000000000000E+00
 0.880000E+02  0.000000000000000E+00
 0.890000E+02  0.000000000000000E+00
 0.900000E+02  0.000000000000000E+00
 0.910000E+02  0.000000000000000E+00
 0.920000E+02  0.000000000000000E+00
 0.930000E+02  0.000000000000000E+00
 0.940000E+02  0.000000000000000E+00
 0.950000E+02  0.000000000000000E+00
 0.960000E+02  0.000000000000000E+00
 0.970000E+02  0.000000000000000E+00
