 0.000000E+00  0.917044087574296E-01  0.000000000000000E+00  0.000000000000000E+00
 0.100000E+01  0.248094814924177E+00  0.810682177543640E-01  0.200227364530292E-02
 0.200000E+01  0.916312192353282E-01  0.274418765293376E-01  0.212680454569636E-02
 0.300000E+01  0.375349585361835E-01  0.955455312214326E-02  0.129205075791106E-02
 0.400000E+01  0.136325584863517E-01  0.166914165492926E-02  0.591996845628273E-03
 0.500000E+01  0.696315187602822E-02  0.769614940395513E-03  0.439516630308390E-03
 0.600000E+01  0.238962589592902E-02  0.173294602575425E-03  0.146184510128933E-03
 0.700000E+01  0.181027056281277E-02  0.730125286807493E-04  0.170267733125229E-03
 0.800000E+01  0.105995532036535E-02  0.447826098763926E-04  0.918982453299577E-04
 0.900000E+01  0.666763183856458E-03  0.208554107103964E-04  0.524626794238259E-04
 0.100000E+02  0.504225424852937E-03  0.277611524645352E-04  0.328182231825735E-04
 0.110000E+02  0.281305040821594E-03  0.176616137128605E-04  0.211784340486965E-04
 0.120000E+02  0.262602586469430E-03  0.144460836983829E-04  0.183230891115382E-04
 0.130000E+02  0.177688094342874E-03  0.735574180055210E-05  0.154634076855696E-04
 0.140000E+02  0.115420564939712E-03  0.257763424799107E-05  0.102731885831542E-04
 0.150000E+02  0.900672824948046E-04  0.239094176569116E-05  0.745750334141260E-05
 0.160000E+02  0.637979292989489E-04  0.158124334009857E-05  0.618002732999390E-05
 0.170000E+02  0.517460610242780E-04  0.114760794933666E-05  0.342375529244210E-05
 0.180000E+02  0.360545630145132E-04  0.100162210923266E-05  0.253919143339276E-05
 0.190000E+02  0.278892097872692E-04  0.543445990548730E-06  0.119226352397750E-05
 0.200000E+02  0.198818506680520E-04  0.553357795040482E-06  0.955842038949384E-06
 0.210000E+02  0.176357451974095E-04  0.418205019721979E-06  0.856665331311346E-06
 0.220000E+02  0.124655598743128E-04  0.233167914063387E-06  0.749526819859847E-06
 0.230000E+02  0.928054304808433E-05  0.238721901163474E-06  0.480955552231710E-06
 0.240000E+02  0.854339773148107E-05  0.192081749650439E-06  0.446771909025714E-06
 0.250000E+02  0.670720348453583E-05  0.141567464006717E-06  0.346098655932409E-06
 0.260000E+02  0.585242123145304E-05  0.106992366486012E-06  0.255194662687665E-06
 0.270000E+02  0.400199051753243E-05  0.737425278280260E-07  0.225208499345791E-06
 0.280000E+02  0.315695982404308E-05  0.644974935261160E-07  0.170956989085924E-06
 0.290000E+02  0.313562839713753E-05  0.546055749935624E-07  0.169182216770486E-06
 0.300000E+02  0.228283656780439E-05  0.417178763424859E-07  0.146529008907882E-06
 0.310000E+02  0.206978206138086E-05  0.406226711119166E-07  0.127232926884751E-06
 0.320000E+02  0.148953456274417E-05  0.262378272147118E-07  0.853450315169580E-07
 0.330000E+02  0.132414895513842E-05  0.246991679246720E-07  0.720303881922291E-07
 0.340000E+02  0.117658056606582E-05  0.164549769118665E-07  0.756432079510819E-07
 0.350000E+02  0.881370249080512E-06  0.142115355605154E-07  0.409472836090637E-07
 0.360000E+02  0.874166899820560E-06  0.128681548911013E-07  0.371959852060776E-07
 0.370000E+02  0.659682665676725E-06  0.101779916382281E-07  0.289228669169534E-07
 0.380000E+02  0.636686326337789E-06  0.106227349186801E-07  0.306646993866082E-07
 0.390000E+02  0.469204918395486E-06  0.796072306943267E-08  0.206324702147539E-07
 0.400000E+02  0.371616218903260E-06  0.623286612933308E-08  0.183033599798895E-07
 0.410000E+02  0.389312823368996E-06  0.627771830970670E-08  0.184723026741150E-07
 0.420000E+02  0.279427135904047E-06  0.390086598999023E-08  0.131931561146970E-07
 0.430000E+02  0.262105110031991E-06  0.416100771967096E-08  0.944579526022341E-08
 0.440000E+02  0.194312597098136E-06  0.302468296874245E-08  0.765573553046539E-08
 0.450000E+02  0.171905261303847E-06  0.298075039942226E-08  0.649045611014558E-08
 0.460000E+02  0.156799646705297E-06  0.265954100399088E-08  0.572311712430262E-08
 0.470000E+02  0.117202335677538E-06  0.193439870115311E-08  0.516273198413538E-08
 0.480000E+02  0.115905434799721E-06  0.163154212418983E-08  0.499964632194933E-08
 0.490000E+02  0.917679087684491E-07  0.129351503142108E-08  0.333488876280480E-08
 0.500000E+02  0.870309248685534E-07  0.147411285703727E-08  0.347924800435391E-08
 0.510000E+02  0.672136130503426E-07  0.115791607594614E-08  0.251067246322129E-08
 0.520000E+02  0.567640633900113E-07  0.890119572708316E-09  0.199188000184264E-08
 0.530000E+02  0.534330389065332E-07  0.896195868053899E-09  0.208689912475140E-08
 0.540000E+02  0.404509618019280E-07  0.661835101758720E-09  0.140813739566378E-08
 0.550000E+02  0.430594859939047E-07  0.702253732322524E-09  0.139793466678980E-08
 0.560000E+02  0.300491958177856E-07  0.551128041883877E-09  0.106302247172513E-08
 0.570000E+02  0.287128658536418E-07  0.477658186616277E-09  0.118873071193678E-08
 0.580000E+02  0.258439127199333E-07  0.494082137705492E-09  0.130337584903910E-08
 0.590000E+02  0.204028625269604E-07  0.638179134525081E-09  0.103016825851385E-08
 0.600000E+02  0.228303067415514E-07  0.542620299174848E-09  0.903896355559668E-09
 0.610000E+02  0.181851909052078E-07  0.888704773600558E-09  0.102503641077101E-08
 0.620000E+02  0.200386839762153E-07  0.881007507083307E-09  0.123022246734643E-08
 0.630000E+02  0.222020329736332E-07  0.238560117142782E-08  0.441214791934016E-08
 0.640000E+02  0.167179799463648E-11  0.125660365359742E-11  0.415194341039059E-12
 0.650000E+02  0.000000000000000E+00  0.000000000000000E+00  0.000000000000000E+00
 0.660000E+02  0.000000000000000E+00  0.000000000000000E+00  0.000000000000000E+00
 0.670000E+02  0.000000000000000E+00  0.000000000000000E+00  0.000000000000000E+00
 0.680000E+02  0.000000000000000E+00  0.000000000000000E+00  0.000000000000000E+00
 0.690000E+02  0.000000000000000E+00  0.000000000000000E+00  0.000000000000000E+00
 0.700000E+02  0.000000000000000E+00  0.000000000000000E+00  0.000000000000000E+00
 0.710000E+02  0.000000000000000E+00  0.000000000000000E+00  0.000000000000000E+00
 0.720000E+02  0.000000000000000E+00  0.000000000000000E+00  0.000000000000000E+00
 0.730000E+02  0.000000000000000E+00  0.000000000000000E+00  0.000000000000000E+00
 0.740000E+02  0.000000000000000E+00  0.000000000000000E+00  0.000000000000000E+00
 0.750000E+02  0.000000000000000E+00  0.000000000000000E+00  0.000000000000000E+00
 0.760000E+02  0.000000000000000E+00  0.000000000000000E+00  0.000000000000000E+00
 0.770000E+02  0.000000000000000E+00  0.000000000000000E+00  0.000000000000000E+00
 0.780000E+02  0.000000000000000E+00  0.000000000000000E+00  0.000000000000000E+00
 0.790000E+02  0.000000000000000E+00  0.000000000000000E+00  0.000000000000000E+00
 0.800000E+02  0.000000000000000E+00  0.000000000000000E+00  0.000000000000000E+00
 0.810000E+02  0.000000000000000E+00  0.000000000000000E+00  0.000000000000000E+00
 0.820000E+02  0.000000000000000E+00  0.000000000000000E+00  0.000000000000000E+00
 0.830000E+02  0.000000000000000E+00  0.000000000000000E+00  0.000000000000000E+00
 0.840000E+02  0.000000000000000E+00  0.000000000000000E+00  0.000000000000000E+00
 0.850000E+02  0.000000000000000E+00  0.000000000000000E+00  0.000000000000000E+00
 0.860000E+02  0.000000000000000E+00  0.000000000000000E+00  0.000000000000000E+00
 0.870000E+02  0.000000000000000E+00  0.000000000000000E+00  0.000000000000000E+00
 0.880000E+02  0.000000000000000E+00  0.000000000000000E+00  0.000000000000000E+00
 0.890000E+02  0.000000000000000E+00  0.000000000000000E+00  0.000000000000000E+00
 0.900000E+02  0.000000000000000E+00  0.000000000000000E+00  0.000000000000000E+00
 0.910000E+02  0.000000000000000E+00  0.000000000000000E+00  0.000000000000000E+00
 0.920000E+02  0.000000000000000E+00  0.000000000000000E+00  0.000000000000000E+00
 0.930000E+02  0.000000000000000E+00  0.000000000000000E+00  0.000000000000000E+00
 0.940000E+02  0.000000000000000E+00  0.000000000000000E+00  0.000000000000000E+00
 0.950000E+02  0.000000000000000E+00  0.000000000000000E+00  0.000000000000000E+00
 0.960000E+02  0.000000000000000E+00  0.000000000000000E+00  0.000000000000000E+00
