 0.000000E+00  0.774457312082954E-01  0.757168442312122E-01  0.172888697708366E-02
 0.400000E+01  0.119130309393636E-01  0.116030949713850E-01  0.309935967978649E-03
 0.800000E+01  0.118656911740006E-02  0.111821843643007E-02  0.683506809699983E-04
 0.120000E+02  0.192870980541531E-03  0.173946160577522E-03  0.189248199640087E-04
 0.160000E+02  0.448095357652980E-04  0.386575036201443E-04  0.615203214515376E-05
 0.200000E+02  0.134516643899513E-04  0.113012080238712E-04  0.215045636608010E-05
 0.240000E+02  0.454166455564517E-05  0.373536405406417E-05  0.806300501580994E-06
 0.280000E+02  0.169940322357855E-05  0.137598649482690E-05  0.323416728751650E-06
 0.320000E+02  0.646983398562570E-06  0.519072384023316E-06  0.127911014539254E-06
 0.360000E+02  0.248044699801680E-06  0.195098337662098E-06  0.529463621395821E-07
 0.400000E+02  0.100409712675066E-06  0.774670456203856E-07  0.229426670546803E-07
 0.440000E+02  0.433352115522492E-07  0.330936909870140E-07  0.102415205652352E-07
 0.480000E+02  0.205475985873020E-07  0.156139973344987E-07  0.493360125280325E-08
 0.520000E+02  0.838152199462418E-08  0.660780857378366E-08  0.177371342084052E-08
 0.560000E+02  0.185124291422147E-08  0.160484756592339E-08  0.246395348298077E-09
 0.600000E+02  0.561980678918521E-10  0.522330710220410E-10  0.396499686981113E-11
 0.640000E+02  0.123926205668895E-13  0.123926205668895E-13  0.000000000000000E+00
 0.680000E+02  0.000000000000000E+00  0.000000000000000E+00  0.000000000000000E+00
 0.720000E+02  0.000000000000000E+00  0.000000000000000E+00  0.000000000000000E+00
 0.760000E+02  0.000000000000000E+00  0.000000000000000E+00  0.000000000000000E+00
 0.800000E+02  0.000000000000000E+00  0.000000000000000E+00  0.000000000000000E+00
 0.840000E+02  0.000000000000000E+00  0.000000000000000E+00  0.000000000000000E+00
 0.880000E+02  0.000000000000000E+00  0.000000000000000E+00  0.000000000000000E+00
 0.920000E+02  0.000000000000000E+00  0.000000000000000E+00  0.000000000000000E+00
 0.960000E+02  0.000000000000000E+00  0.000000000000000E+00  0.000000000000000E+00
