 0.000000E+00  0.174343590392878E-01  0.154818617721866E-01  0.195249726710137E-02
 0.400000E+01  0.451766024442154E-01  0.447986903034016E-01  0.377912140813626E-03
 0.800000E+01  0.105075930257360E-01  0.103610039645990E-01  0.146589061136966E-03
 0.120000E+02  0.549388932358182E-02  0.542764324502140E-02  0.662460785604264E-04
 0.160000E+02  0.170328763801751E-02  0.167948584826790E-02  0.238017897496039E-04
 0.200000E+02  0.659294004588094E-03  0.648956197970796E-03  0.103378066172948E-04
 0.240000E+02  0.270274721857530E-03  0.265607176549064E-03  0.466754530846622E-05
 0.280000E+02  0.100969073344772E-03  0.989139708324763E-04  0.205510251229553E-05
 0.320000E+02  0.449268778934568E-04  0.439542746709966E-04  0.972603222460331E-06
 0.360000E+02  0.187851494610292E-04  0.183187409906183E-04  0.466408470410891E-06
 0.400000E+02  0.815093915730260E-05  0.792485006256742E-05  0.226089094735179E-06
 0.440000E+02  0.358460630882368E-05  0.347165946089180E-05  0.112946847931875E-06
 0.480000E+02  0.167436104285616E-05  0.161682785333782E-05  0.575331895183344E-07
 0.520000E+02  0.865578559075021E-06  0.834173181274333E-06  0.314053778006875E-07
 0.560000E+02  0.452272577060576E-06  0.435741919087471E-06  0.165306579731058E-07
 0.600000E+02  0.254934492244679E-06  0.247167787615439E-06  0.776670462924048E-08
 0.640000E+02  0.130822184682411E-10  0.130822184682411E-10  0.000000000000000E+00
 0.680000E+02  0.000000000000000E+00  0.000000000000000E+00  0.000000000000000E+00
 0.720000E+02  0.000000000000000E+00  0.000000000000000E+00  0.000000000000000E+00
 0.760000E+02  0.000000000000000E+00  0.000000000000000E+00  0.000000000000000E+00
 0.800000E+02  0.000000000000000E+00  0.000000000000000E+00  0.000000000000000E+00
 0.840000E+02  0.000000000000000E+00  0.000000000000000E+00  0.000000000000000E+00
 0.880000E+02  0.000000000000000E+00  0.000000000000000E+00  0.000000000000000E+00
 0.920000E+02  0.000000000000000E+00  0.000000000000000E+00  0.000000000000000E+00
 0.960000E+02  0.000000000000000E+00  0.000000000000000E+00  0.000000000000000E+00
