 0.100000E+01  0.401089273087073E-01
 0.200000E+01  0.612052316129512E-01
 0.300000E+01  0.493490404043814E-01
 0.400000E+01  0.464032981225188E-01
 0.500000E+01  0.897479804486392E-02
 0.600000E+01  0.352047940653939E-02
 0.700000E+01  0.603292175299983E-03
 0.800000E+01  0.401546076583783E-03
 0.900000E+01  0.412538633148679E-03
 0.100000E+02  0.126530358391306E-03
 0.110000E+02  0.868530201092797E-04
 0.120000E+02  0.528558050193614E-04
 0.130000E+02  0.439002425831087E-04
 0.140000E+02  0.273067741850486E-04
 0.150000E+02  0.177018677860811E-04
 0.160000E+02  0.192339741972731E-04
 0.170000E+02  0.150511023883137E-04
 0.180000E+02  0.107455977855840E-04
 0.190000E+02  0.768234286232255E-05
 0.200000E+02  0.663156145992230E-05
 0.210000E+02  0.536570426451068E-05
 0.220000E+02  0.417425510669785E-05
 0.230000E+02  0.345768527285892E-05
 0.240000E+02  0.264112164534572E-05
 0.250000E+02  0.229594924246087E-05
 0.260000E+02  0.167354915057234E-05
 0.270000E+02  0.140574831989278E-05
 0.280000E+02  0.115779531603697E-05
 0.290000E+02  0.939347683358625E-06
 0.300000E+02  0.739757790000711E-06
 0.310000E+02  0.605338409278344E-06
 0.320000E+02  0.493071472785143E-06
 0.330000E+02  0.384403109344437E-06
 0.340000E+02  0.321413412360687E-06
 0.350000E+02  0.248126307008023E-06
 0.360000E+02  0.210786529944604E-06
 0.370000E+02  0.157526175333022E-06
 0.380000E+02  0.138497461110515E-06
 0.390000E+02  0.105619031237991E-06
 0.400000E+02  0.847868230086240E-07
 0.410000E+02  0.716485101895081E-07
 0.420000E+02  0.537152685710963E-07
 0.430000E+02  0.457739296972723E-07
 0.440000E+02  0.333539092003210E-07
 0.450000E+02  0.294298873948144E-07
 0.460000E+02  0.217783591237982E-07
 0.470000E+02  0.176316959776352E-07
 0.480000E+02  0.144653338722058E-07
 0.490000E+02  0.120162563177371E-07
 0.500000E+02  0.921498344548279E-08
 0.510000E+02  0.713428976984753E-08
 0.520000E+02  0.619075279249947E-08
 0.530000E+02  0.466964211923724E-08
 0.540000E+02  0.389488177904443E-08
 0.550000E+02  0.303647313539185E-08
 0.560000E+02  0.249616447349285E-08
 0.570000E+02  0.200376658325098E-08
 0.580000E+02  0.166529196269943E-08
 0.590000E+02  0.142265994057808E-08
 0.600000E+02  0.957922913577129E-09
 0.610000E+02  0.739555380426966E-09
 0.620000E+02  0.992216021187550E-09
 0.630000E+02  0.149808765783711E-08
 0.640000E+02  0.862205762916722E-09
 0.650000E+02  0.000000000000000E+00
 0.660000E+02  0.000000000000000E+00
 0.670000E+02  0.000000000000000E+00
 0.680000E+02  0.000000000000000E+00
 0.690000E+02  0.000000000000000E+00
 0.700000E+02  0.000000000000000E+00
 0.710000E+02  0.000000000000000E+00
 0.720000E+02  0.000000000000000E+00
 0.730000E+02  0.000000000000000E+00
 0.740000E+02  0.000000000000000E+00
 0.750000E+02  0.000000000000000E+00
 0.760000E+02  0.000000000000000E+00
 0.770000E+02  0.000000000000000E+00
 0.780000E+02  0.000000000000000E+00
 0.790000E+02  0.000000000000000E+00
 0.800000E+02  0.000000000000000E+00
 0.810000E+02  0.000000000000000E+00
 0.820000E+02  0.000000000000000E+00
 0.830000E+02  0.000000000000000E+00
 0.840000E+02  0.000000000000000E+00
 0.850000E+02  0.000000000000000E+00
 0.860000E+02  0.000000000000000E+00
 0.870000E+02  0.000000000000000E+00
 0.880000E+02  0.000000000000000E+00
 0.890000E+02  0.000000000000000E+00
 0.900000E+02  0.000000000000000E+00
 0.910000E+02  0.000000000000000E+00
 0.920000E+02  0.000000000000000E+00
 0.930000E+02  0.000000000000000E+00
 0.940000E+02  0.000000000000000E+00
 0.950000E+02  0.000000000000000E+00
 0.960000E+02  0.000000000000000E+00
 0.970000E+02  0.000000000000000E+00
