 0.100000E+01  0.288836167469330E-01
 0.200000E+01  0.303786314003656E-01
 0.300000E+01  0.224926179067396E-01
 0.400000E+01  0.153216754618279E+00
 0.500000E+01  0.313891301892749E-01
 0.600000E+01  0.314320153672694E-02
 0.700000E+01  0.917866534619881E-03
 0.800000E+01  0.480242325117711E-01
 0.900000E+01  0.869839417147091E-02
 0.100000E+02  0.951693901576969E-03
 0.110000E+02  0.409984923092580E-03
 0.120000E+02  0.168559789033693E-01
 0.130000E+02  0.270748642418653E-02
 0.140000E+02  0.400769771952165E-03
 0.150000E+02  0.121605627688244E-03
 0.160000E+02  0.644572573320017E-02
 0.170000E+02  0.132194133811934E-02
 0.180000E+02  0.167709047812071E-03
 0.190000E+02  0.577375422780188E-04
 0.200000E+02  0.222040542765621E-02
 0.210000E+02  0.427443265665019E-03
 0.220000E+02  0.882468990737258E-04
 0.230000E+02  0.302792058433928E-04
 0.240000E+02  0.814083550456151E-03
 0.250000E+02  0.318014885394279E-03
 0.260000E+02  0.420139409329514E-04
 0.270000E+02  0.165021686996613E-04
 0.280000E+02  0.362461420492794E-03
 0.290000E+02  0.135323923285320E-03
 0.300000E+02  0.231203156038407E-04
 0.310000E+02  0.884748730019829E-05
 0.320000E+02  0.130294495209782E-03
 0.330000E+02  0.621228563118771E-04
 0.340000E+02  0.127595142385235E-04
 0.350000E+02  0.534052069868935E-05
 0.360000E+02  0.532028932940756E-04
 0.370000E+02  0.312270337566061E-04
 0.380000E+02  0.636876275201947E-05
 0.390000E+02  0.269210074761607E-05
 0.400000E+02  0.209148972236501E-04
 0.410000E+02  0.137209812886062E-04
 0.420000E+02  0.365045378408791E-05
 0.430000E+02  0.161120449036120E-05
 0.440000E+02  0.810659643250240E-05
 0.450000E+02  0.680497261292436E-05
 0.460000E+02  0.202034670843349E-05
 0.470000E+02  0.922843719752224E-06
 0.480000E+02  0.335966042050649E-05
 0.490000E+02  0.323896935658969E-05
 0.500000E+02  0.113090465022801E-05
 0.510000E+02  0.558128327448143E-06
 0.520000E+02  0.153856840384582E-05
 0.530000E+02  0.157414523026889E-05
 0.540000E+02  0.665287568322840E-06
 0.550000E+02  0.331348976916632E-06
 0.560000E+02  0.717789263900475E-06
 0.570000E+02  0.848758186250330E-06
 0.580000E+02  0.400116800765633E-06
 0.590000E+02  0.235786007054951E-06
 0.600000E+02  0.407719892187200E-06
 0.610000E+02  0.538475386347585E-06
 0.620000E+02  0.310875093296633E-06
 0.630000E+02  0.175098050251820E-06
 0.640000E+02  0.751655561581312E-07
 0.650000E+02  0.000000000000000E+00
 0.660000E+02  0.000000000000000E+00
 0.670000E+02  0.000000000000000E+00
 0.680000E+02  0.000000000000000E+00
 0.690000E+02  0.000000000000000E+00
 0.700000E+02  0.000000000000000E+00
 0.710000E+02  0.000000000000000E+00
 0.720000E+02  0.000000000000000E+00
 0.730000E+02  0.000000000000000E+00
 0.740000E+02  0.000000000000000E+00
 0.750000E+02  0.000000000000000E+00
 0.760000E+02  0.000000000000000E+00
 0.770000E+02  0.000000000000000E+00
 0.780000E+02  0.000000000000000E+00
 0.790000E+02  0.000000000000000E+00
 0.800000E+02  0.000000000000000E+00
 0.810000E+02  0.000000000000000E+00
 0.820000E+02  0.000000000000000E+00
 0.830000E+02  0.000000000000000E+00
 0.840000E+02  0.000000000000000E+00
 0.850000E+02  0.000000000000000E+00
 0.860000E+02  0.000000000000000E+00
 0.870000E+02  0.000000000000000E+00
 0.880000E+02  0.000000000000000E+00
 0.890000E+02  0.000000000000000E+00
 0.900000E+02  0.000000000000000E+00
 0.910000E+02  0.000000000000000E+00
 0.920000E+02  0.000000000000000E+00
 0.930000E+02  0.000000000000000E+00
 0.940000E+02  0.000000000000000E+00
 0.950000E+02  0.000000000000000E+00
 0.960000E+02  0.000000000000000E+00
 0.970000E+02  0.000000000000000E+00
