 0.000000E+00  0.146408877276472E-01  0.133946530850484E-01  0.124623464259884E-02
 0.400000E+01  0.664629696958327E-03  0.663678910933038E-03  0.950786025296962E-06
 0.800000E+01  0.762496204768294E-07  0.755822725433454E-07  0.667347933485454E-09
 0.120000E+02  0.511396462419856E-10  0.502388115904332E-10  0.900834651553161E-12
 0.160000E+02  0.278316885144042E-13  0.262612943748426E-13  0.157039413956164E-14
 0.200000E+02  0.221320741485643E-16  0.186298745229722E-16  0.350219962559208E-17
 0.240000E+02  0.513818751136822E-19  0.416821354769329E-19  0.969973963674924E-20
 0.280000E+02  0.110847462341789E-19  0.105248508591408E-19  0.559895375038097E-21
 0.320000E+02  0.668123464137096E-20  0.623169136231037E-20  0.449543279060591E-21
 0.360000E+02  0.111052495818743E-19  0.107279842774305E-19  0.377265304443761E-21
 0.400000E+02  0.653577086393326E-20  0.624803013732461E-20  0.287740726608646E-21
 0.440000E+02  0.441947268903117E-20  0.420876448867935E-20  0.210708200351815E-21
 0.480000E+02  0.193841697743236E-19  0.191202150183194E-19  0.263954756004124E-21
 0.520000E+02  0.328184420695849E-20  0.318486704777934E-20  0.969771591791514E-22
 0.560000E+02  0.326611502283795E-20  0.320488294352448E-20  0.612320793134707E-22
 0.600000E+02  0.160049684949089E-20  0.157733677556385E-20  0.231600739270315E-22
 0.640000E+02  0.156731263302545E-22  0.156731263302545E-22  0.000000000000000E+00
 0.680000E+02  0.000000000000000E+00  0.000000000000000E+00  0.000000000000000E+00
 0.720000E+02  0.000000000000000E+00  0.000000000000000E+00  0.000000000000000E+00
 0.760000E+02  0.000000000000000E+00  0.000000000000000E+00  0.000000000000000E+00
 0.800000E+02  0.000000000000000E+00  0.000000000000000E+00  0.000000000000000E+00
 0.840000E+02  0.000000000000000E+00  0.000000000000000E+00  0.000000000000000E+00
 0.880000E+02  0.000000000000000E+00  0.000000000000000E+00  0.000000000000000E+00
 0.920000E+02  0.000000000000000E+00  0.000000000000000E+00  0.000000000000000E+00
 0.960000E+02  0.000000000000000E+00  0.000000000000000E+00  0.000000000000000E+00
