 0.100000E+01  0.256524699116178E-01
 0.200000E+01  0.325531256603237E-01
 0.300000E+01  0.274864529534429E-01
 0.400000E+01  0.149936427311056E+00
 0.500000E+01  0.431124732802973E-01
 0.600000E+01  0.408973864316510E-02
 0.700000E+01  0.687775395159125E-03
 0.800000E+01  0.308446885522072E-01
 0.900000E+01  0.884434904259707E-02
 0.100000E+02  0.852866520833084E-03
 0.110000E+02  0.307201431184360E-03
 0.120000E+02  0.168312445575714E-01
 0.130000E+02  0.309478192395571E-02
 0.140000E+02  0.341572268749835E-03
 0.150000E+02  0.132972836359337E-03
 0.160000E+02  0.589487509956300E-02
 0.170000E+02  0.128321793391321E-02
 0.180000E+02  0.170318603940789E-03
 0.190000E+02  0.546627089164093E-04
 0.200000E+02  0.219421767116799E-02
 0.210000E+02  0.479662065478032E-03
 0.220000E+02  0.873505318857359E-04
 0.230000E+02  0.297075385455879E-04
 0.240000E+02  0.810558985193332E-03
 0.250000E+02  0.261127092096714E-03
 0.260000E+02  0.408308139710071E-04
 0.270000E+02  0.163386253017568E-04
 0.280000E+02  0.329746597465065E-03
 0.290000E+02  0.104691415444787E-03
 0.300000E+02  0.244350348691892E-04
 0.310000E+02  0.972313606181815E-05
 0.320000E+02  0.118938909401801E-03
 0.330000E+02  0.557234977541738E-04
 0.340000E+02  0.142342934752809E-04
 0.350000E+02  0.558266782416410E-05
 0.360000E+02  0.449947429540965E-04
 0.370000E+02  0.266697403041869E-04
 0.380000E+02  0.706716456077927E-05
 0.390000E+02  0.269256897949783E-05
 0.400000E+02  0.170606180701074E-04
 0.410000E+02  0.116403756275610E-04
 0.420000E+02  0.365980864681592E-05
 0.430000E+02  0.157474617319188E-05
 0.440000E+02  0.643275994529053E-05
 0.450000E+02  0.612474833904103E-05
 0.460000E+02  0.214434107296758E-05
 0.470000E+02  0.891909742547987E-06
 0.480000E+02  0.281262344748215E-05
 0.490000E+02  0.302726167002678E-05
 0.500000E+02  0.112132946078685E-05
 0.510000E+02  0.552675401259155E-06
 0.520000E+02  0.127550842310385E-05
 0.530000E+02  0.139705035089954E-05
 0.540000E+02  0.636807143058201E-06
 0.550000E+02  0.326958045770850E-06
 0.560000E+02  0.634867237866567E-06
 0.570000E+02  0.792449219454788E-06
 0.580000E+02  0.374381937257703E-06
 0.590000E+02  0.222364793417167E-06
 0.600000E+02  0.371663040922731E-06
 0.610000E+02  0.554040624172298E-06
 0.620000E+02  0.321286753891939E-06
 0.630000E+02  0.205877455532393E-06
 0.640000E+02  0.106015825966140E-06
 0.650000E+02  0.000000000000000E+00
 0.660000E+02  0.000000000000000E+00
 0.670000E+02  0.000000000000000E+00
 0.680000E+02  0.000000000000000E+00
 0.690000E+02  0.000000000000000E+00
 0.700000E+02  0.000000000000000E+00
 0.710000E+02  0.000000000000000E+00
 0.720000E+02  0.000000000000000E+00
 0.730000E+02  0.000000000000000E+00
 0.740000E+02  0.000000000000000E+00
 0.750000E+02  0.000000000000000E+00
 0.760000E+02  0.000000000000000E+00
 0.770000E+02  0.000000000000000E+00
 0.780000E+02  0.000000000000000E+00
 0.790000E+02  0.000000000000000E+00
 0.800000E+02  0.000000000000000E+00
 0.810000E+02  0.000000000000000E+00
 0.820000E+02  0.000000000000000E+00
 0.830000E+02  0.000000000000000E+00
 0.840000E+02  0.000000000000000E+00
 0.850000E+02  0.000000000000000E+00
 0.860000E+02  0.000000000000000E+00
 0.870000E+02  0.000000000000000E+00
 0.880000E+02  0.000000000000000E+00
 0.890000E+02  0.000000000000000E+00
 0.900000E+02  0.000000000000000E+00
 0.910000E+02  0.000000000000000E+00
 0.920000E+02  0.000000000000000E+00
 0.930000E+02  0.000000000000000E+00
 0.940000E+02  0.000000000000000E+00
 0.950000E+02  0.000000000000000E+00
 0.960000E+02  0.000000000000000E+00
 0.970000E+02  0.000000000000000E+00
