 0.000000E+00  0.844381652365085E-01  0.824386350590116E-01  0.199953017749677E-02
 0.400000E+01  0.536559690320848E-02  0.514325775586655E-02  0.222339147341889E-03
 0.800000E+01  0.374053764823170E-03  0.337318015733716E-03  0.367357490894549E-04
 0.120000E+02  0.549185733841019E-04  0.466833045445170E-04  0.823526883958487E-05
 0.160000E+02  0.131837593492203E-04  0.109732226023070E-04  0.221053674691323E-05
 0.200000E+02  0.347886620288030E-05  0.280720153970099E-05  0.671664663179310E-06
 0.240000E+02  0.942249605200324E-06  0.728059199512652E-06  0.214190405687671E-06
 0.280000E+02  0.272526880382112E-06  0.202690694808469E-06  0.698361855736428E-07
 0.320000E+02  0.825112118961792E-07  0.594743918209027E-07  0.230368200752765E-07
 0.360000E+02  0.256206937121349E-07  0.180508857376425E-07  0.756980797449246E-08
 0.400000E+02  0.790043746633632E-08  0.551517777246389E-08  0.238525969387243E-08
 0.440000E+02  0.241481385612444E-08  0.169203231414910E-08  0.722781541975338E-09
 0.480000E+02  0.737146775477938E-09  0.527071233951904E-09  0.210075541526033E-09
 0.520000E+02  0.120296081404774E-09  0.973830723265887E-10  0.229130090781854E-10
 0.560000E+02  0.155053606114852E-10  0.138559862939263E-10  0.164937431755892E-11
 0.600000E+02  0.775205544543889E-12  0.722026431513182E-12  0.531791130307063E-13
 0.640000E+02  0.767455856220984E-17  0.767455856220984E-17  0.000000000000000E+00
 0.680000E+02  0.000000000000000E+00  0.000000000000000E+00  0.000000000000000E+00
 0.720000E+02  0.000000000000000E+00  0.000000000000000E+00  0.000000000000000E+00
 0.760000E+02  0.000000000000000E+00  0.000000000000000E+00  0.000000000000000E+00
 0.800000E+02  0.000000000000000E+00  0.000000000000000E+00  0.000000000000000E+00
 0.840000E+02  0.000000000000000E+00  0.000000000000000E+00  0.000000000000000E+00
 0.880000E+02  0.000000000000000E+00  0.000000000000000E+00  0.000000000000000E+00
 0.920000E+02  0.000000000000000E+00  0.000000000000000E+00  0.000000000000000E+00
 0.960000E+02  0.000000000000000E+00  0.000000000000000E+00  0.000000000000000E+00
