 0.100000E+01  0.602765688616758E-01
 0.200000E+01  0.133708653239358E-01
 0.300000E+01  0.476450065871283E-02
 0.400000E+01  0.230951121737079E+00
 0.500000E+01  0.219808476787762E-01
 0.600000E+01  0.311167816029769E-02
 0.700000E+01  0.106137934981101E-02
 0.800000E+01  0.521376367507258E-01
 0.900000E+01  0.761521018001131E-02
 0.100000E+02  0.951180598136145E-03
 0.110000E+02  0.592423735795662E-03
 0.120000E+02  0.146534565273330E-01
 0.130000E+02  0.305467248935919E-02
 0.140000E+02  0.686362192827895E-03
 0.150000E+02  0.236710154740095E-03
 0.160000E+02  0.696410054414118E-02
 0.170000E+02  0.146371450007788E-02
 0.180000E+02  0.332268731515302E-03
 0.190000E+02  0.123230685759986E-03
 0.200000E+02  0.248254342561654E-02
 0.210000E+02  0.637919607151249E-03
 0.220000E+02  0.156076655835843E-03
 0.230000E+02  0.675250633162236E-04
 0.240000E+02  0.826454829436838E-03
 0.250000E+02  0.386224837501727E-03
 0.260000E+02  0.790471337469140E-04
 0.270000E+02  0.377582126317929E-04
 0.280000E+02  0.369564580930496E-03
 0.290000E+02  0.166772283318984E-03
 0.300000E+02  0.467818797641551E-04
 0.310000E+02  0.209447721549259E-04
 0.320000E+02  0.146356961974449E-03
 0.330000E+02  0.879558028166620E-04
 0.340000E+02  0.280788888160801E-04
 0.350000E+02  0.121804545806714E-04
 0.360000E+02  0.645505707298608E-04
 0.370000E+02  0.401412004478454E-04
 0.380000E+02  0.141196596149098E-04
 0.390000E+02  0.623907204976400E-05
 0.400000E+02  0.306715578361573E-04
 0.410000E+02  0.208454516618665E-04
 0.420000E+02  0.761188939178242E-05
 0.430000E+02  0.404300954347131E-05
 0.440000E+02  0.135805893922237E-04
 0.450000E+02  0.107128415121103E-04
 0.460000E+02  0.425500026612022E-05
 0.470000E+02  0.235839587223660E-05
 0.480000E+02  0.578600290785041E-05
 0.490000E+02  0.542576249218584E-05
 0.500000E+02  0.254103526406588E-05
 0.510000E+02  0.134716514395146E-05
 0.520000E+02  0.319530881033311E-05
 0.530000E+02  0.273350734905363E-05
 0.540000E+02  0.150341366227864E-05
 0.550000E+02  0.976938283916400E-06
 0.560000E+02  0.172651287824089E-05
 0.570000E+02  0.179646904924181E-05
 0.580000E+02  0.101135961396278E-05
 0.590000E+02  0.715749716082754E-06
 0.600000E+02  0.117925691912089E-05
 0.610000E+02  0.134033404133830E-05
 0.620000E+02  0.948256901016577E-06
 0.630000E+02  0.658611594288011E-06
 0.640000E+02  0.369940493291822E-06
 0.650000E+02  0.000000000000000E+00
 0.660000E+02  0.000000000000000E+00
 0.670000E+02  0.000000000000000E+00
 0.680000E+02  0.000000000000000E+00
 0.690000E+02  0.000000000000000E+00
 0.700000E+02  0.000000000000000E+00
 0.710000E+02  0.000000000000000E+00
 0.720000E+02  0.000000000000000E+00
 0.730000E+02  0.000000000000000E+00
 0.740000E+02  0.000000000000000E+00
 0.750000E+02  0.000000000000000E+00
 0.760000E+02  0.000000000000000E+00
 0.770000E+02  0.000000000000000E+00
 0.780000E+02  0.000000000000000E+00
 0.790000E+02  0.000000000000000E+00
 0.800000E+02  0.000000000000000E+00
 0.810000E+02  0.000000000000000E+00
 0.820000E+02  0.000000000000000E+00
 0.830000E+02  0.000000000000000E+00
 0.840000E+02  0.000000000000000E+00
 0.850000E+02  0.000000000000000E+00
 0.860000E+02  0.000000000000000E+00
 0.870000E+02  0.000000000000000E+00
 0.880000E+02  0.000000000000000E+00
 0.890000E+02  0.000000000000000E+00
 0.900000E+02  0.000000000000000E+00
 0.910000E+02  0.000000000000000E+00
 0.920000E+02  0.000000000000000E+00
 0.930000E+02  0.000000000000000E+00
 0.940000E+02  0.000000000000000E+00
 0.950000E+02  0.000000000000000E+00
 0.960000E+02  0.000000000000000E+00
 0.970000E+02  0.000000000000000E+00
