 0.000000E+00  0.847394833384389E-01  0.000000000000000E+00  0.000000000000000E+00
 0.100000E+01  0.156259154125287E+00  0.100435657077469E-01  0.584829063154757E-02
 0.200000E+01  0.536654969728087E-01  0.180712263882015E-01  0.143777252651489E-02
 0.300000E+01  0.316812218073668E-01  0.137120738800149E-01  0.910115172246151E-03
 0.400000E+01  0.903140069824356E-02  0.223770690627134E-02  0.554249565425380E-03
 0.500000E+01  0.330450008554020E-02  0.204598936477396E-03  0.217181569581726E-03
 0.600000E+01  0.996302118495311E-03  0.601946530025543E-04  0.103759032754169E-03
 0.700000E+01  0.660312046799841E-03  0.331867508864825E-04  0.481373902374571E-04
 0.800000E+01  0.412433504224209E-03  0.216213014656574E-04  0.366217317520068E-04
 0.900000E+01  0.199880287141471E-03  0.733044571149533E-05  0.145970426750353E-04
 0.100000E+02  0.147386357607986E-03  0.654285785935127E-05  0.102436664808359E-04
 0.110000E+02  0.805615978474872E-04  0.349882997729978E-05  0.635817516414505E-05
 0.120000E+02  0.637132819365066E-04  0.242449091447661E-05  0.476157579543113E-05
 0.130000E+02  0.456959767370988E-04  0.138317384886302E-05  0.432615989374866E-05
 0.140000E+02  0.283211973786905E-04  0.979566453951364E-06  0.259721856921136E-05
 0.150000E+02  0.209225451054593E-04  0.769135080312677E-06  0.161057263925457E-05
 0.160000E+02  0.139892030111493E-04  0.440594100654945E-06  0.111067402282228E-05
 0.170000E+02  0.115862210959516E-04  0.293384313593270E-06  0.892821448715206E-06
 0.180000E+02  0.816704193795816E-05  0.201718715087465E-06  0.546847016016927E-06
 0.190000E+02  0.604513658785206E-05  0.124514261626990E-06  0.526683782628434E-06
 0.200000E+02  0.429862209764180E-05  0.904189539473882E-07  0.272316327118091E-06
 0.210000E+02  0.351220495062354E-05  0.733014486370594E-07  0.219329807104457E-06
 0.220000E+02  0.251932329720247E-05  0.614415312416745E-07  0.155514880001428E-06
 0.230000E+02  0.190234497200715E-05  0.461184132974704E-07  0.135221583237935E-06
 0.240000E+02  0.154224469136521E-05  0.269810804111141E-07  0.112763122020465E-06
 0.250000E+02  0.127780584579537E-05  0.264523158013258E-07  0.918496157256699E-07
 0.260000E+02  0.936618887625663E-06  0.171244020907575E-07  0.572823132493055E-07
 0.270000E+02  0.671721191589997E-06  0.133082458367344E-07  0.397526738962089E-07
 0.280000E+02  0.545322479951862E-06  0.100528141667717E-07  0.347716036112119E-07
 0.290000E+02  0.473765802499285E-06  0.776642552271231E-08  0.318508563124900E-07
 0.300000E+02  0.328673546611359E-06  0.560668144127408E-08  0.175767352629237E-07
 0.310000E+02  0.291492142595976E-06  0.485008943495676E-08  0.163896083942218E-07
 0.320000E+02  0.213560483067221E-06  0.316819778888749E-08  0.146032664709609E-07
 0.330000E+02  0.166856630541613E-06  0.265169786102466E-08  0.885568946187745E-08
 0.340000E+02  0.150275070506922E-06  0.169864455899947E-08  0.875600899579343E-08
 0.350000E+02  0.105016824960846E-06  0.132069452931109E-08  0.652005523166634E-08
 0.360000E+02  0.934654990722897E-07  0.961942351732000E-09  0.530420554023135E-08
 0.370000E+02  0.725095644824813E-07  0.740333772661266E-09  0.401672509318875E-08
 0.380000E+02  0.631293399483758E-07  0.586968076362343E-09  0.381920400913235E-08
 0.390000E+02  0.464170782690477E-07  0.499499634376240E-09  0.237579150981571E-08
 0.400000E+02  0.368178843837526E-07  0.346696247748460E-09  0.183358847754363E-08
 0.410000E+02  0.363748942037966E-07  0.342993492190325E-09  0.196597083352293E-08
 0.420000E+02  0.252767850192777E-07  0.235730626791070E-09  0.129763017784089E-08
 0.430000E+02  0.226725984900565E-07  0.175527003830567E-09  0.108675104039308E-08
 0.440000E+02  0.168699564255578E-07  0.169853412251177E-09  0.803058073178494E-09
 0.450000E+02  0.138650141830213E-07  0.115474746342406E-09  0.678187629108964E-09
 0.460000E+02  0.121704009482775E-07  0.108212633614491E-09  0.561688457094589E-09
 0.470000E+02  0.885347196140287E-08  0.822475428615991E-10  0.501662697529228E-09
 0.480000E+02  0.828339209020644E-08  0.716452916421903E-10  0.424477031917671E-09
 0.490000E+02  0.618471246312018E-08  0.622599420296021E-10  0.333753357816322E-09
 0.500000E+02  0.555278148094554E-08  0.524927800728131E-10  0.316286073152538E-09
 0.510000E+02  0.399780437655870E-08  0.413402391127781E-10  0.237419548987373E-09
 0.520000E+02  0.323627293163120E-08  0.400305882923028E-10  0.180483443006223E-09
 0.530000E+02  0.298522454375540E-08  0.321655313730959E-10  0.177030766205058E-09
 0.540000E+02  0.207232308668381E-08  0.237231421702998E-10  0.971122889215752E-10
 0.550000E+02  0.214655227442478E-08  0.222752266153172E-10  0.110541393572982E-09
 0.560000E+02  0.149944541829740E-08  0.181579037163898E-10  0.950672165953178E-10
 0.570000E+02  0.133580990096939E-08  0.120848464134757E-10  0.938464171855620E-10
 0.580000E+02  0.124227374392956E-08  0.141524921669412E-10  0.101877392743171E-09
 0.590000E+02  0.944511577310647E-09  0.104923331019495E-10  0.627134082553348E-10
 0.600000E+02  0.981535857014477E-09  0.153051754978996E-10  0.943496085823095E-10
 0.610000E+02  0.700657989969408E-09  0.117791956580060E-10  0.531753361006503E-10
 0.620000E+02  0.875782283155577E-09  0.147326239908529E-10  0.106094493764633E-09
 0.630000E+02  0.690280286999974E-09  0.200405126770764E-10  0.196938001681015E-09
 0.640000E+02  0.657948358999855E-12  0.218277222180694E-12  0.439671136819161E-12
 0.650000E+02  0.000000000000000E+00  0.000000000000000E+00  0.000000000000000E+00
 0.660000E+02  0.000000000000000E+00  0.000000000000000E+00  0.000000000000000E+00
 0.670000E+02  0.000000000000000E+00  0.000000000000000E+00  0.000000000000000E+00
 0.680000E+02  0.000000000000000E+00  0.000000000000000E+00  0.000000000000000E+00
 0.690000E+02  0.000000000000000E+00  0.000000000000000E+00  0.000000000000000E+00
 0.700000E+02  0.000000000000000E+00  0.000000000000000E+00  0.000000000000000E+00
 0.710000E+02  0.000000000000000E+00  0.000000000000000E+00  0.000000000000000E+00
 0.720000E+02  0.000000000000000E+00  0.000000000000000E+00  0.000000000000000E+00
 0.730000E+02  0.000000000000000E+00  0.000000000000000E+00  0.000000000000000E+00
 0.740000E+02  0.000000000000000E+00  0.000000000000000E+00  0.000000000000000E+00
 0.750000E+02  0.000000000000000E+00  0.000000000000000E+00  0.000000000000000E+00
 0.760000E+02  0.000000000000000E+00  0.000000000000000E+00  0.000000000000000E+00
 0.770000E+02  0.000000000000000E+00  0.000000000000000E+00  0.000000000000000E+00
 0.780000E+02  0.000000000000000E+00  0.000000000000000E+00  0.000000000000000E+00
 0.790000E+02  0.000000000000000E+00  0.000000000000000E+00  0.000000000000000E+00
 0.800000E+02  0.000000000000000E+00  0.000000000000000E+00  0.000000000000000E+00
 0.810000E+02  0.000000000000000E+00  0.000000000000000E+00  0.000000000000000E+00
 0.820000E+02  0.000000000000000E+00  0.000000000000000E+00  0.000000000000000E+00
 0.830000E+02  0.000000000000000E+00  0.000000000000000E+00  0.000000000000000E+00
 0.840000E+02  0.000000000000000E+00  0.000000000000000E+00  0.000000000000000E+00
 0.850000E+02  0.000000000000000E+00  0.000000000000000E+00  0.000000000000000E+00
 0.860000E+02  0.000000000000000E+00  0.000000000000000E+00  0.000000000000000E+00
 0.870000E+02  0.000000000000000E+00  0.000000000000000E+00  0.000000000000000E+00
 0.880000E+02  0.000000000000000E+00  0.000000000000000E+00  0.000000000000000E+00
 0.890000E+02  0.000000000000000E+00  0.000000000000000E+00  0.000000000000000E+00
 0.900000E+02  0.000000000000000E+00  0.000000000000000E+00  0.000000000000000E+00
 0.910000E+02  0.000000000000000E+00  0.000000000000000E+00  0.000000000000000E+00
 0.920000E+02  0.000000000000000E+00  0.000000000000000E+00  0.000000000000000E+00
 0.930000E+02  0.000000000000000E+00  0.000000000000000E+00  0.000000000000000E+00
 0.940000E+02  0.000000000000000E+00  0.000000000000000E+00  0.000000000000000E+00
 0.950000E+02  0.000000000000000E+00  0.000000000000000E+00  0.000000000000000E+00
 0.960000E+02  0.000000000000000E+00  0.000000000000000E+00  0.000000000000000E+00
