 0.000000E+00  0.453333901042936E-01  0.435305088354080E-01  0.180288126888571E-02
 0.400000E+01  0.196051926995903E-02  0.192666204491803E-02  0.338572250409970E-04
 0.800000E+01  0.140071181069622E-04  0.126594271674751E-04  0.134769093948715E-05
 0.120000E+02  0.227540568628175E-06  0.142389803367767E-06  0.851507652604086E-07
 0.160000E+02  0.130397562318383E-07  0.506372875014070E-08  0.797602748169762E-08
 0.200000E+02  0.151954220348982E-08  0.473692620542075E-09  0.104584958294774E-08
 0.240000E+02  0.227037774854666E-09  0.667870906370283E-10  0.160250684217638E-09
 0.280000E+02  0.351549522572778E-10  0.105761001920384E-10  0.245788520652394E-10
 0.320000E+02  0.482638514483062E-11  0.156532309517052E-11  0.326106204966011E-11
 0.360000E+02  0.485011912529195E-12  0.177854098491644E-12  0.307157814037550E-12
 0.400000E+02  0.284695561338925E-13  0.121715384872140E-13  0.162980176466785E-13
 0.440000E+02  0.804812147527295E-15  0.404951915170338E-15  0.399860232356957E-15
 0.480000E+02  0.859166542041862E-17  0.520142319737645E-17  0.339024222304217E-17
 0.520000E+02  0.861901743019356E-19  0.741120643574965E-19  0.120781099444391E-19
 0.560000E+02  0.565851296745419E-19  0.555707111250070E-19  0.101441854953495E-20
 0.600000E+02  0.311883557802236E-19  0.308068233324058E-19  0.381532447817807E-21
 0.640000E+02  0.210247359920798E-21  0.210247359920798E-21  0.000000000000000E+00
 0.680000E+02  0.000000000000000E+00  0.000000000000000E+00  0.000000000000000E+00
 0.720000E+02  0.000000000000000E+00  0.000000000000000E+00  0.000000000000000E+00
 0.760000E+02  0.000000000000000E+00  0.000000000000000E+00  0.000000000000000E+00
 0.800000E+02  0.000000000000000E+00  0.000000000000000E+00  0.000000000000000E+00
 0.840000E+02  0.000000000000000E+00  0.000000000000000E+00  0.000000000000000E+00
 0.880000E+02  0.000000000000000E+00  0.000000000000000E+00  0.000000000000000E+00
 0.920000E+02  0.000000000000000E+00  0.000000000000000E+00  0.000000000000000E+00
 0.960000E+02  0.000000000000000E+00  0.000000000000000E+00  0.000000000000000E+00
