 0.000000E+00  0.139642273843886E-02  0.000000000000000E+00  0.000000000000000E+00
 0.100000E+01  0.587724630771615E-01  0.576497418805957E-01  0.694450997912099E-03
 0.200000E+01  0.574069034220765E-01  0.519094050687272E-01  0.273846539971601E-02
 0.300000E+01  0.836083440126546E-01  0.774432092439383E-01  0.114567552100198E-02
 0.400000E+01  0.189473374655696E-01  0.144738864328247E-01  0.121063936740029E-02
 0.500000E+01  0.608530163550096E-02  0.385903591768511E-02  0.640449537627319E-03
 0.600000E+01  0.143155521795244E-02  0.592593648775619E-03  0.450672069746361E-03
 0.700000E+01  0.102669630407783E-02  0.270639136147111E-03  0.384429041019985E-03
 0.800000E+01  0.502579267982169E-03  0.127352114120072E-03  0.182015588848117E-03
 0.900000E+01  0.276644426152020E-03  0.405400708222148E-04  0.989608940145104E-04
 0.100000E+02  0.217687490630421E-03  0.253167831517631E-04  0.829897583560779E-04
 0.110000E+02  0.143558483678354E-03  0.946130871959383E-05  0.489369131706496E-04
 0.120000E+02  0.123885076176163E-03  0.788752743141607E-05  0.462696247618410E-04
 0.130000E+02  0.740480211762372E-04  0.428826374798685E-05  0.194093010228436E-04
 0.140000E+02  0.560522873120822E-04  0.211631341734408E-05  0.160809661364780E-04
 0.150000E+02  0.467817049280745E-04  0.140924767080830E-05  0.103915920806052E-04
 0.160000E+02  0.252481551664935E-04  0.948934588816674E-06  0.687299607404768E-05
 0.170000E+02  0.282382064256751E-04  0.615359401207180E-06  0.515455637561946E-05
 0.180000E+02  0.217262969545514E-04  0.502637455297196E-06  0.521767630667913E-05
 0.190000E+02  0.149902281108336E-04  0.276172747851189E-06  0.346580341154847E-05
 0.200000E+02  0.135281017081087E-04  0.172486120155304E-06  0.272268846512880E-05
 0.210000E+02  0.111299989800794E-04  0.135290538759783E-06  0.203951067870300E-05
 0.220000E+02  0.885063680987150E-05  0.864645380502238E-07  0.165441594063287E-05
 0.230000E+02  0.512233866178399E-05  0.483582740964765E-07  0.956443681719710E-06
 0.240000E+02  0.472063177279382E-05  0.405257973936680E-07  0.744563107599183E-06
 0.250000E+02  0.389071968414347E-05  0.272530476450039E-07  0.682454899446350E-06
 0.260000E+02  0.330914653045479E-05  0.179707602201984E-07  0.500309922985345E-06
 0.270000E+02  0.234758406994999E-05  0.102624610794490E-07  0.320210264113246E-06
 0.280000E+02  0.202713854322880E-05  0.974269774985060E-08  0.297278804249450E-06
 0.290000E+02  0.177401928368099E-05  0.539419145608551E-08  0.264378508809185E-06
 0.300000E+02  0.130137212503923E-05  0.434012651079324E-08  0.183173253433255E-06
 0.310000E+02  0.127980488188594E-05  0.293035545413894E-08  0.171530043942963E-06
 0.320000E+02  0.965388781951572E-06  0.219894032584651E-08  0.127994715346869E-06
 0.330000E+02  0.772844919122047E-06  0.148052298312422E-08  0.101256001549506E-06
 0.340000E+02  0.683148089745977E-06  0.126500655377892E-08  0.893279596676615E-07
 0.350000E+02  0.509077382076861E-06  0.927110186629040E-09  0.706813627722111E-07
 0.360000E+02  0.484155314353699E-06  0.663961691504016E-09  0.665159582020078E-07
 0.370000E+02  0.360260984220106E-06  0.581756728259486E-09  0.534613144443074E-07
 0.380000E+02  0.337117636719766E-06  0.461635648114983E-09  0.506840560646421E-07
 0.390000E+02  0.260772503698713E-06  0.329794390879709E-09  0.406907966269318E-07
 0.400000E+02  0.201120971416437E-06  0.226988183123946E-09  0.314425290712760E-07
 0.410000E+02  0.190763188154270E-06  0.202252587182673E-09  0.305992783283348E-07
 0.420000E+02  0.142981589513718E-06  0.143735982875588E-09  0.227488000943254E-07
 0.430000E+02  0.131518613902217E-06  0.968759096577995E-10  0.200433321044009E-07
 0.440000E+02  0.949081226774046E-07  0.693232269312762E-10  0.137913698896371E-07
 0.450000E+02  0.785768760729687E-07  0.562159741629275E-10  0.108441024543782E-07
 0.460000E+02  0.697748147233472E-07  0.432192066530330E-10  0.910875204386194E-08
 0.470000E+02  0.550212321533091E-07  0.287978797638468E-10  0.714927759793435E-08
 0.480000E+02  0.462665324863734E-07  0.245183583292949E-10  0.534810175929354E-08
 0.490000E+02  0.377906306026334E-07  0.171771418748684E-10  0.408930686020140E-08
 0.500000E+02  0.333812506396618E-07  0.146867909914232E-10  0.376078822376697E-08
 0.510000E+02  0.254989962820523E-07  0.116643822703258E-10  0.275707776627115E-08
 0.520000E+02  0.201946441855889E-07  0.923792027111806E-11  0.201180633774506E-08
 0.530000E+02  0.186421560781287E-07  0.683001093706815E-11  0.178981968633316E-08
 0.540000E+02  0.145669849375373E-07  0.528633812193804E-11  0.140859679108806E-08
 0.550000E+02  0.132705793028048E-07  0.449786789274246E-11  0.121144038392031E-08
 0.560000E+02  0.102158258019714E-07  0.379625116042477E-11  0.963685002524956E-09
 0.570000E+02  0.893061547837530E-08  0.323356899041012E-11  0.927020078065418E-09
 0.580000E+02  0.655110687685159E-08  0.265392357352145E-11  0.765873147201870E-09
 0.590000E+02  0.530711070889965E-08  0.157014773839646E-11  0.496690514837314E-09
 0.600000E+02  0.512967421030229E-08  0.110728533812994E-11  0.385896677960626E-09
 0.610000E+02  0.485072766640261E-08  0.126753409308891E-11  0.414598924696490E-09
 0.620000E+02  0.502242601914931E-08  0.182118213694024E-11  0.667977997010334E-09
 0.630000E+02  0.325982803220405E-08  0.174994521709333E-11  0.735459151287744E-09
 0.640000E+02  0.157335750627406E-10  0.144805638122448E-12  0.155887694246182E-10
 0.650000E+02  0.000000000000000E+00  0.000000000000000E+00  0.000000000000000E+00
 0.660000E+02  0.000000000000000E+00  0.000000000000000E+00  0.000000000000000E+00
 0.670000E+02  0.000000000000000E+00  0.000000000000000E+00  0.000000000000000E+00
 0.680000E+02  0.000000000000000E+00  0.000000000000000E+00  0.000000000000000E+00
 0.690000E+02  0.000000000000000E+00  0.000000000000000E+00  0.000000000000000E+00
 0.700000E+02  0.000000000000000E+00  0.000000000000000E+00  0.000000000000000E+00
 0.710000E+02  0.000000000000000E+00  0.000000000000000E+00  0.000000000000000E+00
 0.720000E+02  0.000000000000000E+00  0.000000000000000E+00  0.000000000000000E+00
 0.730000E+02  0.000000000000000E+00  0.000000000000000E+00  0.000000000000000E+00
 0.740000E+02  0.000000000000000E+00  0.000000000000000E+00  0.000000000000000E+00
 0.750000E+02  0.000000000000000E+00  0.000000000000000E+00  0.000000000000000E+00
 0.760000E+02  0.000000000000000E+00  0.000000000000000E+00  0.000000000000000E+00
 0.770000E+02  0.000000000000000E+00  0.000000000000000E+00  0.000000000000000E+00
 0.780000E+02  0.000000000000000E+00  0.000000000000000E+00  0.000000000000000E+00
 0.790000E+02  0.000000000000000E+00  0.000000000000000E+00  0.000000000000000E+00
 0.800000E+02  0.000000000000000E+00  0.000000000000000E+00  0.000000000000000E+00
 0.810000E+02  0.000000000000000E+00  0.000000000000000E+00  0.000000000000000E+00
 0.820000E+02  0.000000000000000E+00  0.000000000000000E+00  0.000000000000000E+00
 0.830000E+02  0.000000000000000E+00  0.000000000000000E+00  0.000000000000000E+00
 0.840000E+02  0.000000000000000E+00  0.000000000000000E+00  0.000000000000000E+00
 0.850000E+02  0.000000000000000E+00  0.000000000000000E+00  0.000000000000000E+00
 0.860000E+02  0.000000000000000E+00  0.000000000000000E+00  0.000000000000000E+00
 0.870000E+02  0.000000000000000E+00  0.000000000000000E+00  0.000000000000000E+00
 0.880000E+02  0.000000000000000E+00  0.000000000000000E+00  0.000000000000000E+00
 0.890000E+02  0.000000000000000E+00  0.000000000000000E+00  0.000000000000000E+00
 0.900000E+02  0.000000000000000E+00  0.000000000000000E+00  0.000000000000000E+00
 0.910000E+02  0.000000000000000E+00  0.000000000000000E+00  0.000000000000000E+00
 0.920000E+02  0.000000000000000E+00  0.000000000000000E+00  0.000000000000000E+00
 0.930000E+02  0.000000000000000E+00  0.000000000000000E+00  0.000000000000000E+00
 0.940000E+02  0.000000000000000E+00  0.000000000000000E+00  0.000000000000000E+00
 0.950000E+02  0.000000000000000E+00  0.000000000000000E+00  0.000000000000000E+00
 0.960000E+02  0.000000000000000E+00  0.000000000000000E+00  0.000000000000000E+00
