 0.000000E+00  0.261189110564711E-01  0.242047096758223E-01  0.191420138064868E-02
 0.400000E+01  0.378959619591912E-01  0.374847676848087E-01  0.411194274382377E-03
 0.800000E+01  0.909001601486798E-02  0.892615368293056E-02  0.163862331937477E-03
 0.120000E+02  0.422987712617195E-02  0.417116491997523E-02  0.587122061966999E-04
 0.160000E+02  0.176026029280514E-02  0.173345047460888E-02  0.268098181962646E-04
 0.200000E+02  0.595274704002508E-03  0.584964003605956E-03  0.103107003965516E-04
 0.240000E+02  0.250957957381117E-03  0.246059373822805E-03  0.489858355831206E-05
 0.280000E+02  0.100339300058131E-03  0.982243368952112E-04  0.211496316292042E-05
 0.320000E+02  0.423423481591057E-04  0.413535011299626E-04  0.988847029143077E-06
 0.360000E+02  0.189728872293415E-04  0.184672141181166E-04  0.505673111224837E-06
 0.400000E+02  0.818812310549862E-05  0.794866189244974E-05  0.239461213048882E-06
 0.440000E+02  0.392709201792477E-05  0.380551052012280E-05  0.121581497801964E-06
 0.480000E+02  0.184569943615427E-05  0.178336740092302E-05  0.623320352312478E-07
 0.520000E+02  0.878081140087599E-06  0.845972892590765E-06  0.321082474968338E-07
 0.560000E+02  0.486278229376335E-06  0.466813235427084E-06  0.194649939492505E-07
 0.600000E+02  0.304283501923493E-06  0.294842615040317E-06  0.944088688317600E-08
 0.640000E+02  0.245658545589000E-10  0.245658545589000E-10  0.000000000000000E+00
 0.680000E+02  0.000000000000000E+00  0.000000000000000E+00  0.000000000000000E+00
 0.720000E+02  0.000000000000000E+00  0.000000000000000E+00  0.000000000000000E+00
 0.760000E+02  0.000000000000000E+00  0.000000000000000E+00  0.000000000000000E+00
 0.800000E+02  0.000000000000000E+00  0.000000000000000E+00  0.000000000000000E+00
 0.840000E+02  0.000000000000000E+00  0.000000000000000E+00  0.000000000000000E+00
 0.880000E+02  0.000000000000000E+00  0.000000000000000E+00  0.000000000000000E+00
 0.920000E+02  0.000000000000000E+00  0.000000000000000E+00  0.000000000000000E+00
 0.960000E+02  0.000000000000000E+00  0.000000000000000E+00  0.000000000000000E+00
