 0.000000E+00  0.205784505846382E-01  0.187289265605071E-01  0.184952402413105E-02
 0.400000E+01  0.388182528744604E-01  0.384200054126438E-01  0.398247461816595E-03
 0.800000E+01  0.105261352361461E-01  0.103840424938084E-01  0.142092742337668E-03
 0.120000E+02  0.357587733472862E-02  0.352842354254139E-02  0.474537921872104E-04
 0.160000E+02  0.111673688872822E-02  0.109915274236244E-02  0.175841463657798E-04
 0.200000E+02  0.414725015189314E-03  0.408305716092377E-03  0.641929909693746E-05
 0.240000E+02  0.159612143048346E-03  0.156719890032623E-03  0.289225301572347E-05
 0.280000E+02  0.630406819294532E-04  0.617190150549714E-04  0.132166687448175E-05
 0.320000E+02  0.281869235661817E-04  0.276268772209055E-04  0.560046345276176E-06
 0.360000E+02  0.113401947023587E-04  0.110869044332935E-04  0.253290269065224E-06
 0.400000E+02  0.451927472317098E-05  0.440587077155657E-05  0.113403951614410E-06
 0.440000E+02  0.189200322018669E-05  0.183920694983438E-05  0.527962703523140E-07
 0.480000E+02  0.827987256091052E-06  0.803807882972763E-06  0.241793731182896E-07
 0.520000E+02  0.380199927879996E-06  0.367872272760436E-06  0.123276551195602E-07
 0.560000E+02  0.180674148109440E-06  0.174415811762997E-06  0.625833634644294E-08
 0.600000E+02  0.915325906885767E-07  0.892201820999478E-07  0.231240858862887E-08
 0.640000E+02  0.279572510974990E-10  0.279572510974990E-10  0.000000000000000E+00
 0.680000E+02  0.000000000000000E+00  0.000000000000000E+00  0.000000000000000E+00
 0.720000E+02  0.000000000000000E+00  0.000000000000000E+00  0.000000000000000E+00
 0.760000E+02  0.000000000000000E+00  0.000000000000000E+00  0.000000000000000E+00
 0.800000E+02  0.000000000000000E+00  0.000000000000000E+00  0.000000000000000E+00
 0.840000E+02  0.000000000000000E+00  0.000000000000000E+00  0.000000000000000E+00
 0.880000E+02  0.000000000000000E+00  0.000000000000000E+00  0.000000000000000E+00
 0.920000E+02  0.000000000000000E+00  0.000000000000000E+00  0.000000000000000E+00
 0.960000E+02  0.000000000000000E+00  0.000000000000000E+00  0.000000000000000E+00
