 0.000000E+00  0.414903697238614E-01  0.401338964550888E-01  0.135647326877263E-02
 0.400000E+01  0.688866204370829E-01  0.682644294534515E-01  0.622190983631260E-03
 0.800000E+01  0.132661218531914E-01  0.130231698132839E-01  0.242952039907382E-03
 0.120000E+02  0.429942808285826E-02  0.421208254237233E-02  0.873455404859166E-04
 0.160000E+02  0.163318870715694E-02  0.159952817722706E-02  0.336605299298749E-04
 0.200000E+02  0.609716834471820E-03  0.595081577451338E-03  0.146352570204813E-04
 0.240000E+02  0.289385039022312E-03  0.282033338968276E-03  0.735170005403670E-05
 0.280000E+02  0.113469357543144E-03  0.110432303014067E-03  0.303705452907759E-05
 0.320000E+02  0.516148464961627E-04  0.501696082810183E-04  0.144523821514448E-05
 0.360000E+02  0.237559669633597E-04  0.229917499792682E-04  0.764216984091440E-06
 0.400000E+02  0.108176253067877E-04  0.104283187391394E-04  0.389306567648200E-06
 0.440000E+02  0.504007003264437E-05  0.484180030447060E-05  0.198269728173776E-06
 0.480000E+02  0.249216210040605E-05  0.238479727305741E-05  0.107364827348635E-06
 0.520000E+02  0.132257646081492E-05  0.126207170608011E-05  0.605047547348092E-07
 0.560000E+02  0.773189933389845E-06  0.738186163945525E-06  0.350037694443199E-07
 0.600000E+02  0.438304937523866E-06  0.425196611978404E-06  0.131083255454619E-07
 0.640000E+02  0.518191496656772E-10  0.518191496656772E-10  0.000000000000000E+00
 0.680000E+02  0.000000000000000E+00  0.000000000000000E+00  0.000000000000000E+00
 0.720000E+02  0.000000000000000E+00  0.000000000000000E+00  0.000000000000000E+00
 0.760000E+02  0.000000000000000E+00  0.000000000000000E+00  0.000000000000000E+00
 0.800000E+02  0.000000000000000E+00  0.000000000000000E+00  0.000000000000000E+00
 0.840000E+02  0.000000000000000E+00  0.000000000000000E+00  0.000000000000000E+00
 0.880000E+02  0.000000000000000E+00  0.000000000000000E+00  0.000000000000000E+00
 0.920000E+02  0.000000000000000E+00  0.000000000000000E+00  0.000000000000000E+00
 0.960000E+02  0.000000000000000E+00  0.000000000000000E+00  0.000000000000000E+00
