 0.000000E+00  0.228552981909054E-02  0.000000000000000E+00  0.000000000000000E+00
 0.100000E+01  0.150974298929566E-01  0.145685089519247E-01  0.493543510600603E-03
 0.200000E+01  0.405829629602439E-01  0.391556892136578E-01  0.104880965500342E-02
 0.300000E+01  0.509500600907700E-01  0.485654245712794E-01  0.145267064635846E-02
 0.400000E+01  0.149092832608519E-01  0.142757021381072E-01  0.147466825779929E-03
 0.500000E+01  0.494085417179470E-03  0.346723208409117E-03  0.111161086977063E-03
 0.600000E+01  0.102426802922494E-03  0.582545100984433E-04  0.332430866931688E-04
 0.700000E+01  0.451550188368578E-04  0.178332278930604E-04  0.200488873289828E-04
 0.800000E+01  0.133677360680980E-04  0.289742950876359E-05  0.773459217384698E-05
 0.900000E+01  0.782207902577962E-05  0.114098446467314E-05  0.495551128487648E-05
 0.100000E+02  0.368414444507731E-05  0.399135700310249E-06  0.248773487643295E-05
 0.110000E+02  0.227694638252426E-05  0.990537177506662E-07  0.157984589083116E-05
 0.120000E+02  0.159426194449624E-05  0.482359745800423E-07  0.109589443275659E-05
 0.130000E+02  0.114401422085815E-05  0.228392263385428E-07  0.741827588426891E-06
 0.140000E+02  0.656714399056593E-06  0.710926937149336E-08  0.401074564804552E-06
 0.150000E+02  0.442415000635119E-06  0.353423936309873E-08  0.248261299936117E-06
 0.160000E+02  0.308946052990910E-06  0.154401835691524E-08  0.154057784685496E-06
 0.170000E+02  0.220200711290280E-06  0.584750078229840E-09  0.987708628531758E-07
 0.180000E+02  0.160194449433042E-06  0.284317115169789E-09  0.634547651398414E-07
 0.190000E+02  0.107513378327507E-06  0.145201715770124E-09  0.354193099993424E-07
 0.200000E+02  0.769507885520625E-07  0.578295258874741E-10  0.205348393487429E-07
 0.210000E+02  0.547799327703534E-07  0.318776336979259E-10  0.122617028791745E-07
 0.220000E+02  0.404694023614954E-07  0.169721403142871E-10  0.696785317110178E-08
 0.230000E+02  0.284281394241561E-07  0.770628421706948E-11  0.393867447092869E-08
 0.240000E+02  0.200940667662570E-07  0.508226841222943E-11  0.200479494322494E-08
 0.250000E+02  0.154191126940496E-07  0.274947474996734E-11  0.115323801725160E-08
 0.260000E+02  0.105953345483530E-07  0.176042373048366E-11  0.534383697063788E-09
 0.270000E+02  0.733117707633322E-08  0.100454137088041E-11  0.253982980819959E-09
 0.280000E+02  0.531273827196081E-08  0.644504530284475E-12  0.118368762140062E-09
 0.290000E+02  0.375494062969350E-08  0.488023909455168E-12  0.615503278610161E-10
 0.300000E+02  0.262809849523382E-08  0.289239215452619E-12  0.421317475751791E-10
 0.310000E+02  0.189203879843269E-08  0.211767748906512E-12  0.370756870316666E-10
 0.320000E+02  0.143484674232816E-08  0.147924531453473E-12  0.368962904071341E-10
 0.330000E+02  0.907961218237049E-09  0.925511552841629E-13  0.324464598348027E-10
 0.340000E+02  0.644143111217837E-09  0.599601767289220E-13  0.307198377145998E-10
 0.350000E+02  0.447939614745456E-09  0.381862114072929E-13  0.273864837978661E-10
 0.360000E+02  0.311941717311913E-09  0.258306754687490E-13  0.234383166523836E-10
 0.370000E+02  0.220859876643898E-09  0.160537317629183E-13  0.198438729578935E-10
 0.380000E+02  0.152420368308605E-09  0.103149609334304E-13  0.158933184634169E-10
 0.390000E+02  0.106587655638448E-09  0.636037843050965E-14  0.126030580312224E-10
 0.400000E+02  0.741632269927838E-10  0.382834386976595E-14  0.973596204010646E-11
 0.410000E+02  0.582239063636547E-10  0.257273368454029E-14  0.834590151072616E-11
 0.420000E+02  0.340403733640288E-10  0.115336693530415E-14  0.522800668351850E-11
 0.430000E+02  0.237493836169315E-10  0.667582153460670E-15  0.382267102372420E-11
 0.440000E+02  0.161373177272238E-10  0.352443167145837E-15  0.268600645542726E-11
 0.450000E+02  0.110419952748940E-10  0.186603647604805E-15  0.187210419782430E-11
 0.460000E+02  0.759721670094625E-11  0.975747519688995E-16  0.129229405432341E-11
 0.470000E+02  0.521341692508248E-11  0.498729637057005E-16  0.877537995635547E-12
 0.480000E+02  0.355797197817535E-11  0.285467670829307E-16  0.585121342846543E-12
 0.490000E+02  0.243383507161385E-11  0.180266826043965E-16  0.385836523791428E-12
 0.500000E+02  0.187401848065269E-11  0.159679993112710E-16  0.281922217955331E-12
 0.510000E+02  0.104875597966188E-11  0.114663035065258E-16  0.147005829188872E-12
 0.520000E+02  0.710141287532879E-12  0.103471146277741E-16  0.918188400381786E-13
 0.530000E+02  0.478891908469833E-12  0.917135286922779E-17  0.561941147250424E-13
 0.540000E+02  0.323272175718007E-12  0.797956134830290E-17  0.337879736427514E-13
 0.550000E+02  0.219228345410769E-12  0.680249901245445E-17  0.200472655663467E-13
 0.560000E+02  0.145807896293168E-12  0.552504599844284E-17  0.115704574041356E-13
 0.570000E+02  0.986228864149796E-13  0.464426930211404E-17  0.668239754772520E-14
 0.580000E+02  0.636867434232563E-13  0.346250988102585E-17  0.351140877064664E-14
 0.590000E+02  0.452564118011588E-13  0.250854229464822E-17  0.177448280352594E-14
 0.600000E+02  0.363680520211019E-13  0.178978395625021E-17  0.878238751117680E-15
 0.610000E+02  0.300165380995249E-13  0.175786140708727E-17  0.528215709623191E-15
 0.620000E+02  0.125246156675999E-13  0.153482158237337E-17  0.261391966481985E-15
 0.630000E+02  0.476350384672840E-14  0.145808329419115E-17  0.173409816423476E-15
 0.640000E+02  0.157976740931567E-18  0.934603752632386E-21  0.157042137178934E-18
 0.650000E+02  0.000000000000000E+00  0.000000000000000E+00  0.000000000000000E+00
 0.660000E+02  0.000000000000000E+00  0.000000000000000E+00  0.000000000000000E+00
 0.670000E+02  0.000000000000000E+00  0.000000000000000E+00  0.000000000000000E+00
 0.680000E+02  0.000000000000000E+00  0.000000000000000E+00  0.000000000000000E+00
 0.690000E+02  0.000000000000000E+00  0.000000000000000E+00  0.000000000000000E+00
 0.700000E+02  0.000000000000000E+00  0.000000000000000E+00  0.000000000000000E+00
 0.710000E+02  0.000000000000000E+00  0.000000000000000E+00  0.000000000000000E+00
 0.720000E+02  0.000000000000000E+00  0.000000000000000E+00  0.000000000000000E+00
 0.730000E+02  0.000000000000000E+00  0.000000000000000E+00  0.000000000000000E+00
 0.740000E+02  0.000000000000000E+00  0.000000000000000E+00  0.000000000000000E+00
 0.750000E+02  0.000000000000000E+00  0.000000000000000E+00  0.000000000000000E+00
 0.760000E+02  0.000000000000000E+00  0.000000000000000E+00  0.000000000000000E+00
 0.770000E+02  0.000000000000000E+00  0.000000000000000E+00  0.000000000000000E+00
 0.780000E+02  0.000000000000000E+00  0.000000000000000E+00  0.000000000000000E+00
 0.790000E+02  0.000000000000000E+00  0.000000000000000E+00  0.000000000000000E+00
 0.800000E+02  0.000000000000000E+00  0.000000000000000E+00  0.000000000000000E+00
 0.810000E+02  0.000000000000000E+00  0.000000000000000E+00  0.000000000000000E+00
 0.820000E+02  0.000000000000000E+00  0.000000000000000E+00  0.000000000000000E+00
 0.830000E+02  0.000000000000000E+00  0.000000000000000E+00  0.000000000000000E+00
 0.840000E+02  0.000000000000000E+00  0.000000000000000E+00  0.000000000000000E+00
 0.850000E+02  0.000000000000000E+00  0.000000000000000E+00  0.000000000000000E+00
 0.860000E+02  0.000000000000000E+00  0.000000000000000E+00  0.000000000000000E+00
 0.870000E+02  0.000000000000000E+00  0.000000000000000E+00  0.000000000000000E+00
 0.880000E+02  0.000000000000000E+00  0.000000000000000E+00  0.000000000000000E+00
 0.890000E+02  0.000000000000000E+00  0.000000000000000E+00  0.000000000000000E+00
 0.900000E+02  0.000000000000000E+00  0.000000000000000E+00  0.000000000000000E+00
 0.910000E+02  0.000000000000000E+00  0.000000000000000E+00  0.000000000000000E+00
 0.920000E+02  0.000000000000000E+00  0.000000000000000E+00  0.000000000000000E+00
 0.930000E+02  0.000000000000000E+00  0.000000000000000E+00  0.000000000000000E+00
 0.940000E+02  0.000000000000000E+00  0.000000000000000E+00  0.000000000000000E+00
 0.950000E+02  0.000000000000000E+00  0.000000000000000E+00  0.000000000000000E+00
 0.960000E+02  0.000000000000000E+00  0.000000000000000E+00  0.000000000000000E+00
