 0.100000E+01  0.176037731545043E-01
 0.200000E+01  0.138250674027608E-01
 0.300000E+01  0.197776547447383E-01
 0.400000E+01  0.181385645663251E+00
 0.500000E+01  0.244066729222339E-01
 0.600000E+01  0.410424799519044E-02
 0.700000E+01  0.784781601395264E-03
 0.800000E+01  0.476057823965889E-01
 0.900000E+01  0.762772429261195E-02
 0.100000E+02  0.625705095586102E-03
 0.110000E+02  0.233992952414159E-03
 0.120000E+02  0.128761974813448E-01
 0.130000E+02  0.289644093558933E-02
 0.140000E+02  0.306440785350282E-03
 0.150000E+02  0.889973215531751E-04
 0.160000E+02  0.505292533261747E-02
 0.170000E+02  0.119502034493320E-02
 0.180000E+02  0.126981635014739E-03
 0.190000E+02  0.447026158229448E-04
 0.200000E+02  0.177323871521303E-02
 0.210000E+02  0.437005182514189E-03
 0.220000E+02  0.743980182866901E-04
 0.230000E+02  0.241637735429490E-04
 0.240000E+02  0.586351168059011E-03
 0.250000E+02  0.246458022585073E-03
 0.260000E+02  0.349137325071025E-04
 0.270000E+02  0.141518743808380E-04
 0.280000E+02  0.221175716925780E-03
 0.290000E+02  0.966822545671591E-04
 0.300000E+02  0.186722433126806E-04
 0.310000E+02  0.739795239546320E-05
 0.320000E+02  0.100155111534117E-03
 0.330000E+02  0.471290800625026E-04
 0.340000E+02  0.109974817376965E-04
 0.350000E+02  0.451707631594079E-05
 0.360000E+02  0.371914213381504E-04
 0.370000E+02  0.213823547729385E-04
 0.380000E+02  0.542807534383618E-05
 0.390000E+02  0.219643513227299E-05
 0.400000E+02  0.147612468277020E-04
 0.410000E+02  0.980907854712696E-05
 0.420000E+02  0.284787192342583E-05
 0.430000E+02  0.122217006720802E-05
 0.440000E+02  0.572766617146518E-05
 0.450000E+02  0.461215355167220E-05
 0.460000E+02  0.138059854862291E-05
 0.470000E+02  0.656519025280159E-06
 0.480000E+02  0.224039641272985E-05
 0.490000E+02  0.205571974678527E-05
 0.500000E+02  0.698534860824140E-06
 0.510000E+02  0.378888983194584E-06
 0.520000E+02  0.987571023021304E-06
 0.530000E+02  0.868747807120758E-06
 0.540000E+02  0.402072633696455E-06
 0.550000E+02  0.204630948936610E-06
 0.560000E+02  0.443527877599548E-06
 0.570000E+02  0.451581805580501E-06
 0.580000E+02  0.218553015675096E-06
 0.590000E+02  0.133555451386572E-06
 0.600000E+02  0.234375696117910E-06
 0.610000E+02  0.318260596359072E-06
 0.620000E+02  0.173471639803865E-06
 0.630000E+02  0.974926867451882E-07
 0.640000E+02  0.468913837066590E-07
 0.650000E+02  0.000000000000000E+00
 0.660000E+02  0.000000000000000E+00
 0.670000E+02  0.000000000000000E+00
 0.680000E+02  0.000000000000000E+00
 0.690000E+02  0.000000000000000E+00
 0.700000E+02  0.000000000000000E+00
 0.710000E+02  0.000000000000000E+00
 0.720000E+02  0.000000000000000E+00
 0.730000E+02  0.000000000000000E+00
 0.740000E+02  0.000000000000000E+00
 0.750000E+02  0.000000000000000E+00
 0.760000E+02  0.000000000000000E+00
 0.770000E+02  0.000000000000000E+00
 0.780000E+02  0.000000000000000E+00
 0.790000E+02  0.000000000000000E+00
 0.800000E+02  0.000000000000000E+00
 0.810000E+02  0.000000000000000E+00
 0.820000E+02  0.000000000000000E+00
 0.830000E+02  0.000000000000000E+00
 0.840000E+02  0.000000000000000E+00
 0.850000E+02  0.000000000000000E+00
 0.860000E+02  0.000000000000000E+00
 0.870000E+02  0.000000000000000E+00
 0.880000E+02  0.000000000000000E+00
 0.890000E+02  0.000000000000000E+00
 0.900000E+02  0.000000000000000E+00
 0.910000E+02  0.000000000000000E+00
 0.920000E+02  0.000000000000000E+00
 0.930000E+02  0.000000000000000E+00
 0.940000E+02  0.000000000000000E+00
 0.950000E+02  0.000000000000000E+00
 0.960000E+02  0.000000000000000E+00
 0.970000E+02  0.000000000000000E+00
