 0.100000E+01  0.191571665254803E+00
 0.200000E+01  0.452003281369067E-01
 0.300000E+01  0.380961010436774E-01
 0.400000E+01  0.428242543745840E-01
 0.500000E+01  0.234618551675954E-01
 0.600000E+01  0.891856743333435E-02
 0.700000E+01  0.312211210553724E-02
 0.800000E+01  0.257250215390919E-02
 0.900000E+01  0.276363535246662E-02
 0.100000E+02  0.146083508723796E-02
 0.110000E+02  0.761680229704126E-03
 0.120000E+02  0.473247915977655E-03
 0.130000E+02  0.563778414276696E-03
 0.140000E+02  0.338453396798513E-03
 0.150000E+02  0.194154985948721E-03
 0.160000E+02  0.182613976599162E-03
 0.170000E+02  0.144491373279611E-03
 0.180000E+02  0.117383931252725E-03
 0.190000E+02  0.757647982380197E-04
 0.200000E+02  0.725767199186356E-04
 0.210000E+02  0.563637242345371E-04
 0.220000E+02  0.458003552667505E-04
 0.230000E+02  0.356535921918703E-04
 0.240000E+02  0.275610831547624E-04
 0.250000E+02  0.255905328472901E-04
 0.260000E+02  0.193414294976994E-04
 0.270000E+02  0.161273773894655E-04
 0.280000E+02  0.134532813008719E-04
 0.290000E+02  0.110557827489114E-04
 0.300000E+02  0.832511269255087E-05
 0.310000E+02  0.760157998705835E-05
 0.320000E+02  0.559512789886238E-05
 0.330000E+02  0.484435833505656E-05
 0.340000E+02  0.388406841046053E-05
 0.350000E+02  0.298146616050601E-05
 0.360000E+02  0.275963075007035E-05
 0.370000E+02  0.197037922373839E-05
 0.380000E+02  0.188766465241086E-05
 0.390000E+02  0.141203724852810E-05
 0.400000E+02  0.114860296500711E-05
 0.410000E+02  0.102936615468381E-05
 0.420000E+02  0.773995989704227E-06
 0.430000E+02  0.678099872032113E-06
 0.440000E+02  0.524712627862178E-06
 0.450000E+02  0.473016559518221E-06
 0.460000E+02  0.375825767921685E-06
 0.470000E+02  0.308870319974735E-06
 0.480000E+02  0.269856424535459E-06
 0.490000E+02  0.228309270642084E-06
 0.500000E+02  0.181140644381711E-06
 0.510000E+02  0.150385258285177E-06
 0.520000E+02  0.128051324961600E-06
 0.530000E+02  0.103734883380217E-06
 0.540000E+02  0.875196947960003E-07
 0.550000E+02  0.705595109873762E-07
 0.560000E+02  0.602896143657290E-07
 0.570000E+02  0.501098095068063E-07
 0.580000E+02  0.427906589420562E-07
 0.590000E+02  0.382250941760797E-07
 0.600000E+02  0.320036201828799E-07
 0.610000E+02  0.307124498968428E-07
 0.620000E+02  0.346791749731561E-07
 0.630000E+02  0.407724812865309E-07
 0.640000E+02  0.310998060416637E-07
 0.650000E+02  0.000000000000000E+00
 0.660000E+02  0.000000000000000E+00
 0.670000E+02  0.000000000000000E+00
 0.680000E+02  0.000000000000000E+00
 0.690000E+02  0.000000000000000E+00
 0.700000E+02  0.000000000000000E+00
 0.710000E+02  0.000000000000000E+00
 0.720000E+02  0.000000000000000E+00
 0.730000E+02  0.000000000000000E+00
 0.740000E+02  0.000000000000000E+00
 0.750000E+02  0.000000000000000E+00
 0.760000E+02  0.000000000000000E+00
 0.770000E+02  0.000000000000000E+00
 0.780000E+02  0.000000000000000E+00
 0.790000E+02  0.000000000000000E+00
 0.800000E+02  0.000000000000000E+00
 0.810000E+02  0.000000000000000E+00
 0.820000E+02  0.000000000000000E+00
 0.830000E+02  0.000000000000000E+00
 0.840000E+02  0.000000000000000E+00
 0.850000E+02  0.000000000000000E+00
 0.860000E+02  0.000000000000000E+00
 0.870000E+02  0.000000000000000E+00
 0.880000E+02  0.000000000000000E+00
 0.890000E+02  0.000000000000000E+00
 0.900000E+02  0.000000000000000E+00
 0.910000E+02  0.000000000000000E+00
 0.920000E+02  0.000000000000000E+00
 0.930000E+02  0.000000000000000E+00
 0.940000E+02  0.000000000000000E+00
 0.950000E+02  0.000000000000000E+00
 0.960000E+02  0.000000000000000E+00
 0.970000E+02  0.000000000000000E+00
