 0.000000E+00  0.134334783617270E-01  0.110258452784359E-01  0.240763308329106E-02
 0.400000E+01  0.554076043910878E-01  0.549589926208630E-01  0.448611770224558E-03
 0.800000E+01  0.123135194203296E-01  0.122037670866728E-01  0.109752333656886E-03
 0.120000E+02  0.457429858276738E-02  0.452314662058420E-02  0.511519621831913E-04
 0.160000E+02  0.180635749008033E-02  0.178873717944269E-02  0.176203106376342E-04
 0.200000E+02  0.682782572005147E-03  0.674965606977919E-03  0.781696502722595E-05
 0.240000E+02  0.287086480713300E-03  0.283808955747941E-03  0.327752496535692E-05
 0.280000E+02  0.975495954961451E-04  0.961749347866785E-04  0.137466070946630E-05
 0.320000E+02  0.375606392832794E-04  0.369438390556477E-04  0.616800227631527E-06
 0.360000E+02  0.165011069540020E-04  0.162293214732961E-04  0.271785480705874E-06
 0.400000E+02  0.727312834760041E-05  0.713530074074783E-05  0.137827606852577E-06
 0.440000E+02  0.335054955936543E-05  0.328227646633285E-05  0.682730930325850E-07
 0.480000E+02  0.150600981711592E-05  0.147270994790742E-05  0.332998692084980E-07
 0.520000E+02  0.698668315809039E-06  0.681705104848318E-06  0.169632109607212E-07
 0.560000E+02  0.346019166881818E-06  0.336720812809321E-06  0.929835407249755E-08
 0.600000E+02  0.195958217502927E-06  0.191636046919532E-06  0.432217058339538E-08
 0.640000E+02  0.222570625124652E-10  0.222570625124652E-10  0.000000000000000E+00
 0.680000E+02  0.000000000000000E+00  0.000000000000000E+00  0.000000000000000E+00
 0.720000E+02  0.000000000000000E+00  0.000000000000000E+00  0.000000000000000E+00
 0.760000E+02  0.000000000000000E+00  0.000000000000000E+00  0.000000000000000E+00
 0.800000E+02  0.000000000000000E+00  0.000000000000000E+00  0.000000000000000E+00
 0.840000E+02  0.000000000000000E+00  0.000000000000000E+00  0.000000000000000E+00
 0.880000E+02  0.000000000000000E+00  0.000000000000000E+00  0.000000000000000E+00
 0.920000E+02  0.000000000000000E+00  0.000000000000000E+00  0.000000000000000E+00
 0.960000E+02  0.000000000000000E+00  0.000000000000000E+00  0.000000000000000E+00
