 0.100000E+01  0.696202068143124E-01
 0.200000E+01  0.313568606157938E-01
 0.300000E+01  0.192942335482554E-01
 0.400000E+01  0.119760544249313E+00
 0.500000E+01  0.265817762751392E-01
 0.600000E+01  0.543495803771199E-02
 0.700000E+01  0.100556719854451E-02
 0.800000E+01  0.328015829506879E-01
 0.900000E+01  0.979520967392609E-02
 0.100000E+02  0.103884865309332E-02
 0.110000E+02  0.507678464385758E-03
 0.120000E+02  0.172939150009874E-01
 0.130000E+02  0.356975956891423E-02
 0.140000E+02  0.524848806377541E-03
 0.150000E+02  0.183654011815606E-03
 0.160000E+02  0.631118727992765E-02
 0.170000E+02  0.166852300370927E-02
 0.180000E+02  0.318577774060674E-03
 0.190000E+02  0.104605651805510E-03
 0.200000E+02  0.201546503370809E-02
 0.210000E+02  0.630871335206259E-03
 0.220000E+02  0.150191726049452E-03
 0.230000E+02  0.615422012508956E-04
 0.240000E+02  0.869223311928128E-03
 0.250000E+02  0.384704097649788E-03
 0.260000E+02  0.762637731000732E-04
 0.270000E+02  0.326172480140886E-04
 0.280000E+02  0.334391789684543E-03
 0.290000E+02  0.156366014717839E-03
 0.300000E+02  0.414686732553037E-04
 0.310000E+02  0.170104816497386E-04
 0.320000E+02  0.132441572363444E-03
 0.330000E+02  0.753479040680592E-04
 0.340000E+02  0.240429813264685E-04
 0.350000E+02  0.108823209243535E-04
 0.360000E+02  0.576205551235134E-04
 0.370000E+02  0.358131540881176E-04
 0.380000E+02  0.117776545820625E-04
 0.390000E+02  0.599149435512069E-05
 0.400000E+02  0.241519408799351E-04
 0.410000E+02  0.174403007937133E-04
 0.420000E+02  0.667660246721269E-05
 0.430000E+02  0.345593094953739E-05
 0.440000E+02  0.109958409920131E-04
 0.450000E+02  0.886885342029068E-05
 0.460000E+02  0.341607925134402E-05
 0.470000E+02  0.191374143949182E-05
 0.480000E+02  0.506183079122349E-05
 0.490000E+02  0.448902686797341E-05
 0.500000E+02  0.196115293993191E-05
 0.510000E+02  0.120163705995275E-05
 0.520000E+02  0.259986315956593E-05
 0.530000E+02  0.229433678613210E-05
 0.540000E+02  0.123221417710859E-05
 0.550000E+02  0.776232203875943E-06
 0.560000E+02  0.129025271082878E-05
 0.570000E+02  0.136447670210866E-05
 0.580000E+02  0.757792769673182E-06
 0.590000E+02  0.533102561111551E-06
 0.600000E+02  0.798051425036143E-06
 0.610000E+02  0.969555556334746E-06
 0.620000E+02  0.617834375776934E-06
 0.630000E+02  0.432571765116273E-06
 0.640000E+02  0.213637492391314E-06
 0.650000E+02  0.000000000000000E+00
 0.660000E+02  0.000000000000000E+00
 0.670000E+02  0.000000000000000E+00
 0.680000E+02  0.000000000000000E+00
 0.690000E+02  0.000000000000000E+00
 0.700000E+02  0.000000000000000E+00
 0.710000E+02  0.000000000000000E+00
 0.720000E+02  0.000000000000000E+00
 0.730000E+02  0.000000000000000E+00
 0.740000E+02  0.000000000000000E+00
 0.750000E+02  0.000000000000000E+00
 0.760000E+02  0.000000000000000E+00
 0.770000E+02  0.000000000000000E+00
 0.780000E+02  0.000000000000000E+00
 0.790000E+02  0.000000000000000E+00
 0.800000E+02  0.000000000000000E+00
 0.810000E+02  0.000000000000000E+00
 0.820000E+02  0.000000000000000E+00
 0.830000E+02  0.000000000000000E+00
 0.840000E+02  0.000000000000000E+00
 0.850000E+02  0.000000000000000E+00
 0.860000E+02  0.000000000000000E+00
 0.870000E+02  0.000000000000000E+00
 0.880000E+02  0.000000000000000E+00
 0.890000E+02  0.000000000000000E+00
 0.900000E+02  0.000000000000000E+00
 0.910000E+02  0.000000000000000E+00
 0.920000E+02  0.000000000000000E+00
 0.930000E+02  0.000000000000000E+00
 0.940000E+02  0.000000000000000E+00
 0.950000E+02  0.000000000000000E+00
 0.960000E+02  0.000000000000000E+00
 0.970000E+02  0.000000000000000E+00
