 0.000000E+00  0.174893393719466E-01  0.146736852955975E-01  0.281565407634908E-02
 0.400000E+01  0.449124994867105E-01  0.444685742019977E-01  0.443925284712923E-03
 0.800000E+01  0.145741593826936E-01  0.144334752012809E-01  0.140684181412809E-03
 0.120000E+02  0.477549988921909E-02  0.472645279612096E-02  0.490470930981628E-04
 0.160000E+02  0.174765190982141E-02  0.172611976798387E-02  0.215321418375408E-04
 0.200000E+02  0.581651452342113E-03  0.573661270146058E-03  0.799018219605242E-05
 0.240000E+02  0.220098586133738E-03  0.216829362859176E-03  0.326922327456241E-05
 0.280000E+02  0.904312082062134E-04  0.888840315547582E-04  0.154717665145462E-05
 0.320000E+02  0.367594965812376E-04  0.360517333506779E-04  0.707763230559823E-06
 0.360000E+02  0.168242500455857E-04  0.165005090558895E-04  0.323740989696114E-06
 0.400000E+02  0.721955865980629E-05  0.704828782324589E-05  0.171270836560409E-06
 0.440000E+02  0.319097899545833E-05  0.310414402823298E-05  0.868349672253429E-07
 0.480000E+02  0.137175479080679E-05  0.132854041500594E-05  0.432143758008551E-07
 0.520000E+02  0.704161386650182E-06  0.679373952405503E-06  0.247874342446793E-07
 0.560000E+02  0.387202233794642E-06  0.372411388461534E-06  0.147908453331077E-07
 0.600000E+02  0.225584613866923E-06  0.218779699329180E-06  0.680491453774331E-08
 0.640000E+02  0.400451199977780E-10  0.400451199977780E-10  0.000000000000000E+00
 0.680000E+02  0.000000000000000E+00  0.000000000000000E+00  0.000000000000000E+00
 0.720000E+02  0.000000000000000E+00  0.000000000000000E+00  0.000000000000000E+00
 0.760000E+02  0.000000000000000E+00  0.000000000000000E+00  0.000000000000000E+00
 0.800000E+02  0.000000000000000E+00  0.000000000000000E+00  0.000000000000000E+00
 0.840000E+02  0.000000000000000E+00  0.000000000000000E+00  0.000000000000000E+00
 0.880000E+02  0.000000000000000E+00  0.000000000000000E+00  0.000000000000000E+00
 0.920000E+02  0.000000000000000E+00  0.000000000000000E+00  0.000000000000000E+00
 0.960000E+02  0.000000000000000E+00  0.000000000000000E+00  0.000000000000000E+00
