 0.000000E+00  0.300798362789165E-01  0.292481892071949E-01  0.831647071721865E-03
 0.400000E+01  0.104269471157204E-02  0.103660432914500E-02  0.609038242707524E-05
 0.800000E+01  0.220678394856653E-05  0.213109979313721E-05  0.756841554293338E-07
 0.120000E+02  0.971890348536510E-08  0.762883625247907E-08  0.209006723288610E-08
 0.160000E+02  0.147371487924394E-09  0.630355210284940E-10  0.843359668958997E-10
 0.200000E+02  0.557219972817417E-11  0.191415554102851E-11  0.365804418714566E-11
 0.240000E+02  0.234488025174600E-12  0.797282578929929E-13  0.154759767281607E-12
 0.280000E+02  0.950468669899862E-14  0.332689181245206E-14  0.617779488654656E-14
 0.320000E+02  0.352170695272807E-15  0.129767012106204E-15  0.222403683166603E-15
 0.360000E+02  0.109919427774724E-16  0.442977904888330E-17  0.656216372858911E-17
 0.400000E+02  0.276399815553651E-18  0.140255476936935E-18  0.136144338616716E-18
 0.440000E+02  0.256819167815396E-19  0.229394793261114E-19  0.274243745542820E-20
 0.480000E+02  0.680033637974671E-19  0.667651270536786E-19  0.123823674378852E-20
 0.520000E+02  0.159516382803750E-19  0.153849220069851E-19  0.566716273389876E-21
 0.560000E+02  0.185134041721675E-19  0.181486915723576E-19  0.364712599809903E-21
 0.600000E+02  0.894267380857260E-20  0.881808748215949E-20  0.124586326413107E-21
 0.640000E+02  0.734348344750833E-22  0.734348344750833E-22  0.000000000000000E+00
 0.680000E+02  0.000000000000000E+00  0.000000000000000E+00  0.000000000000000E+00
 0.720000E+02  0.000000000000000E+00  0.000000000000000E+00  0.000000000000000E+00
 0.760000E+02  0.000000000000000E+00  0.000000000000000E+00  0.000000000000000E+00
 0.800000E+02  0.000000000000000E+00  0.000000000000000E+00  0.000000000000000E+00
 0.840000E+02  0.000000000000000E+00  0.000000000000000E+00  0.000000000000000E+00
 0.880000E+02  0.000000000000000E+00  0.000000000000000E+00  0.000000000000000E+00
 0.920000E+02  0.000000000000000E+00  0.000000000000000E+00  0.000000000000000E+00
 0.960000E+02  0.000000000000000E+00  0.000000000000000E+00  0.000000000000000E+00
