 0.100000E+01  0.191835994837101E-01
 0.200000E+01  0.288532944195599E-01
 0.300000E+01  0.268339110064474E-01
 0.400000E+01  0.153182464940384E+00
 0.500000E+01  0.488060352937118E-01
 0.600000E+01  0.361825229213522E-02
 0.700000E+01  0.985342482306612E-03
 0.800000E+01  0.353906151958775E-01
 0.900000E+01  0.918333538029005E-02
 0.100000E+02  0.785031749185428E-03
 0.110000E+02  0.351257775388341E-03
 0.120000E+02  0.163691110953432E-01
 0.130000E+02  0.350768850898867E-02
 0.140000E+02  0.460099043391008E-03
 0.150000E+02  0.139644057207529E-03
 0.160000E+02  0.577030885300967E-02
 0.170000E+02  0.140019394566333E-02
 0.180000E+02  0.193634772365465E-03
 0.190000E+02  0.671662042418738E-04
 0.200000E+02  0.201625657045971E-02
 0.210000E+02  0.533423383628059E-03
 0.220000E+02  0.111015208292685E-03
 0.230000E+02  0.348766378977410E-04
 0.240000E+02  0.819219049939631E-03
 0.250000E+02  0.348846418708567E-03
 0.260000E+02  0.550045532304380E-04
 0.270000E+02  0.199983422240937E-04
 0.280000E+02  0.337587176714296E-03
 0.290000E+02  0.137544849246797E-03
 0.300000E+02  0.280456677236714E-04
 0.310000E+02  0.110453654814645E-04
 0.320000E+02  0.129224719638517E-03
 0.330000E+02  0.621423931817755E-04
 0.340000E+02  0.157592562340778E-04
 0.350000E+02  0.598209058848669E-05
 0.360000E+02  0.499747906047122E-04
 0.370000E+02  0.320304146065652E-04
 0.380000E+02  0.823711554020492E-05
 0.390000E+02  0.311233933633918E-05
 0.400000E+02  0.175041454576273E-04
 0.410000E+02  0.143611878304864E-04
 0.420000E+02  0.474249698267124E-05
 0.430000E+02  0.194609254457103E-05
 0.440000E+02  0.748836471758580E-05
 0.450000E+02  0.682499868154584E-05
 0.460000E+02  0.265477663332266E-05
 0.470000E+02  0.116859227605227E-05
 0.480000E+02  0.298513489549318E-05
 0.490000E+02  0.349561664038720E-05
 0.500000E+02  0.141958469004968E-05
 0.510000E+02  0.688031129196205E-06
 0.520000E+02  0.157279008532840E-05
 0.530000E+02  0.164450746377846E-05
 0.540000E+02  0.829932208819301E-06
 0.550000E+02  0.410450119760067E-06
 0.560000E+02  0.816778994592186E-06
 0.570000E+02  0.103299639226693E-05
 0.580000E+02  0.509162644610734E-06
 0.590000E+02  0.309574383874181E-06
 0.600000E+02  0.537329385024474E-06
 0.610000E+02  0.784528879955402E-06
 0.620000E+02  0.434654800564595E-06
 0.630000E+02  0.231155144566065E-06
 0.640000E+02  0.118825224413119E-06
 0.650000E+02  0.000000000000000E+00
 0.660000E+02  0.000000000000000E+00
 0.670000E+02  0.000000000000000E+00
 0.680000E+02  0.000000000000000E+00
 0.690000E+02  0.000000000000000E+00
 0.700000E+02  0.000000000000000E+00
 0.710000E+02  0.000000000000000E+00
 0.720000E+02  0.000000000000000E+00
 0.730000E+02  0.000000000000000E+00
 0.740000E+02  0.000000000000000E+00
 0.750000E+02  0.000000000000000E+00
 0.760000E+02  0.000000000000000E+00
 0.770000E+02  0.000000000000000E+00
 0.780000E+02  0.000000000000000E+00
 0.790000E+02  0.000000000000000E+00
 0.800000E+02  0.000000000000000E+00
 0.810000E+02  0.000000000000000E+00
 0.820000E+02  0.000000000000000E+00
 0.830000E+02  0.000000000000000E+00
 0.840000E+02  0.000000000000000E+00
 0.850000E+02  0.000000000000000E+00
 0.860000E+02  0.000000000000000E+00
 0.870000E+02  0.000000000000000E+00
 0.880000E+02  0.000000000000000E+00
 0.890000E+02  0.000000000000000E+00
 0.900000E+02  0.000000000000000E+00
 0.910000E+02  0.000000000000000E+00
 0.920000E+02  0.000000000000000E+00
 0.930000E+02  0.000000000000000E+00
 0.940000E+02  0.000000000000000E+00
 0.950000E+02  0.000000000000000E+00
 0.960000E+02  0.000000000000000E+00
 0.970000E+02  0.000000000000000E+00
