 0.100000E+01  0.165068484914687E+00
 0.200000E+01  0.411286407495091E-01
 0.300000E+01  0.349667633310452E-01
 0.400000E+01  0.135974864165446E+00
 0.500000E+01  0.369836693076229E-01
 0.600000E+01  0.778927258678433E-02
 0.700000E+01  0.165188652356115E-02
 0.800000E+01  0.183831630455810E-01
 0.900000E+01  0.755789325080000E-02
 0.100000E+02  0.156142035974607E-02
 0.110000E+02  0.705862339752513E-03
 0.120000E+02  0.350815689498830E-02
 0.130000E+02  0.256758388836850E-02
 0.140000E+02  0.668715772299735E-03
 0.150000E+02  0.266100331315775E-03
 0.160000E+02  0.123054804787626E-02
 0.170000E+02  0.109027741812202E-02
 0.180000E+02  0.297405714810925E-03
 0.190000E+02  0.140729484626360E-03
 0.200000E+02  0.459221610720569E-03
 0.210000E+02  0.369706467695709E-03
 0.220000E+02  0.141167607593564E-03
 0.230000E+02  0.666724813682787E-04
 0.240000E+02  0.142270059202802E-03
 0.250000E+02  0.172119926210811E-03
 0.260000E+02  0.711524811573922E-04
 0.270000E+02  0.351631169015842E-04
 0.280000E+02  0.634070010192866E-04
 0.290000E+02  0.768498867701258E-04
 0.300000E+02  0.382644666335884E-04
 0.310000E+02  0.209678308454920E-04
 0.320000E+02  0.295027626915586E-04
 0.330000E+02  0.368430159711917E-04
 0.340000E+02  0.218481651708561E-04
 0.350000E+02  0.109075532621884E-04
 0.360000E+02  0.128890379060701E-04
 0.370000E+02  0.180335516015307E-04
 0.380000E+02  0.117828497084872E-04
 0.390000E+02  0.529627595138604E-05
 0.400000E+02  0.567219445151613E-05
 0.410000E+02  0.908352512877298E-05
 0.420000E+02  0.586405145415097E-05
 0.430000E+02  0.312542457055922E-05
 0.440000E+02  0.259897480765729E-05
 0.450000E+02  0.450229581681206E-05
 0.460000E+02  0.321608486068714E-05
 0.470000E+02  0.168479299090652E-05
 0.480000E+02  0.144420146523233E-05
 0.490000E+02  0.240179336480930E-05
 0.500000E+02  0.170674882553744E-05
 0.510000E+02  0.923469158853064E-06
 0.520000E+02  0.931400581040321E-06
 0.530000E+02  0.117533569305635E-05
 0.540000E+02  0.833670790387740E-06
 0.550000E+02  0.538071213472869E-06
 0.560000E+02  0.482009876613127E-06
 0.570000E+02  0.711735793650633E-06
 0.580000E+02  0.494861507710751E-06
 0.590000E+02  0.394349958782083E-06
 0.600000E+02  0.341012413491193E-06
 0.610000E+02  0.614756728243552E-06
 0.620000E+02  0.447035609868658E-06
 0.630000E+02  0.351557205887825E-06
 0.640000E+02  0.207806596402424E-06
 0.650000E+02  0.000000000000000E+00
 0.660000E+02  0.000000000000000E+00
 0.670000E+02  0.000000000000000E+00
 0.680000E+02  0.000000000000000E+00
 0.690000E+02  0.000000000000000E+00
 0.700000E+02  0.000000000000000E+00
 0.710000E+02  0.000000000000000E+00
 0.720000E+02  0.000000000000000E+00
 0.730000E+02  0.000000000000000E+00
 0.740000E+02  0.000000000000000E+00
 0.750000E+02  0.000000000000000E+00
 0.760000E+02  0.000000000000000E+00
 0.770000E+02  0.000000000000000E+00
 0.780000E+02  0.000000000000000E+00
 0.790000E+02  0.000000000000000E+00
 0.800000E+02  0.000000000000000E+00
 0.810000E+02  0.000000000000000E+00
 0.820000E+02  0.000000000000000E+00
 0.830000E+02  0.000000000000000E+00
 0.840000E+02  0.000000000000000E+00
 0.850000E+02  0.000000000000000E+00
 0.860000E+02  0.000000000000000E+00
 0.870000E+02  0.000000000000000E+00
 0.880000E+02  0.000000000000000E+00
 0.890000E+02  0.000000000000000E+00
 0.900000E+02  0.000000000000000E+00
 0.910000E+02  0.000000000000000E+00
 0.920000E+02  0.000000000000000E+00
 0.930000E+02  0.000000000000000E+00
 0.940000E+02  0.000000000000000E+00
 0.950000E+02  0.000000000000000E+00
 0.960000E+02  0.000000000000000E+00
 0.970000E+02  0.000000000000000E+00
