 0.000000E+00  0.467865945145690E-01  0.446808920075371E-01  0.210570250703188E-02
 0.400000E+01  0.628262749530455E-01  0.621328176954440E-01  0.693457257601809E-03
 0.800000E+01  0.114140926473707E-01  0.111685638553400E-01  0.245528792030665E-03
 0.120000E+02  0.399898739858084E-02  0.390788697629110E-02  0.911004222897719E-04
 0.160000E+02  0.135240633353073E-02  0.131924463811369E-02  0.331616954170456E-04
 0.200000E+02  0.564616977555791E-03  0.549109281646816E-03  0.155076959089762E-04
 0.240000E+02  0.234201834403531E-03  0.226943303447670E-03  0.725853095586053E-05
 0.280000E+02  0.105627516608964E-03  0.102279811954668E-03  0.334770465429670E-05
 0.320000E+02  0.487990295584994E-04  0.470914777802459E-04  0.170755177825349E-05
 0.360000E+02  0.231684359565742E-04  0.223127180347905E-04  0.855717921783674E-06
 0.400000E+02  0.110921851611816E-04  0.106698179125350E-04  0.422367248646552E-06
 0.440000E+02  0.553107080350754E-05  0.531364209944370E-05  0.217428704063847E-06
 0.480000E+02  0.273296616868232E-05  0.261939473713866E-05  0.113571431543668E-06
 0.520000E+02  0.147066655254505E-05  0.140905477413816E-05  0.616117784068857E-07
 0.560000E+02  0.831274984609685E-06  0.797396243170409E-06  0.338787414392760E-07
 0.600000E+02  0.537536389662210E-06  0.522292053655761E-06  0.152443360064491E-07
 0.640000E+02  0.373932579345038E-09  0.373932579345038E-09  0.000000000000000E+00
 0.680000E+02  0.000000000000000E+00  0.000000000000000E+00  0.000000000000000E+00
 0.720000E+02  0.000000000000000E+00  0.000000000000000E+00  0.000000000000000E+00
 0.760000E+02  0.000000000000000E+00  0.000000000000000E+00  0.000000000000000E+00
 0.800000E+02  0.000000000000000E+00  0.000000000000000E+00  0.000000000000000E+00
 0.840000E+02  0.000000000000000E+00  0.000000000000000E+00  0.000000000000000E+00
 0.880000E+02  0.000000000000000E+00  0.000000000000000E+00  0.000000000000000E+00
 0.920000E+02  0.000000000000000E+00  0.000000000000000E+00  0.000000000000000E+00
 0.960000E+02  0.000000000000000E+00  0.000000000000000E+00  0.000000000000000E+00
