 0.000000E+00  0.190296468378856E-01  0.173303698265483E-01  0.169927701133731E-02
 0.400000E+01  0.434057302730194E-01  0.429236123503340E-01  0.482117922685366E-03
 0.800000E+01  0.143457156676889E-01  0.142008065055390E-01  0.144909162149911E-03
 0.120000E+02  0.516129928788540E-02  0.509618091981500E-02  0.651183680704089E-04
 0.160000E+02  0.184885382622196E-02  0.182446870858256E-02  0.243851176394031E-04
 0.200000E+02  0.710739386702193E-03  0.701235723337365E-03  0.950366336482260E-05
 0.240000E+02  0.292152226759219E-03  0.287856243281767E-03  0.429598347745087E-05
 0.280000E+02  0.110892534774639E-03  0.109070004767370E-03  0.182253000726945E-05
 0.320000E+02  0.450974267114621E-04  0.442790035985957E-04  0.818423112866449E-06
 0.360000E+02  0.212411848030772E-04  0.208163596930922E-04  0.424825109985012E-06
 0.400000E+02  0.902433240617691E-05  0.881737152781042E-05  0.206960878366502E-06
 0.440000E+02  0.389895952772541E-05  0.379921817234933E-05  0.997413553760884E-07
 0.480000E+02  0.185420137586433E-05  0.180165053202963E-05  0.525508438346921E-07
 0.520000E+02  0.869192939792139E-06  0.840933297187829E-06  0.282596426043092E-07
 0.560000E+02  0.443399601757962E-06  0.428259259590104E-06  0.151403421678577E-07
 0.600000E+02  0.259602759294259E-06  0.253045429452977E-06  0.655732984128109E-08
 0.640000E+02  0.134229303019873E-10  0.134229303019873E-10  0.000000000000000E+00
 0.680000E+02  0.000000000000000E+00  0.000000000000000E+00  0.000000000000000E+00
 0.720000E+02  0.000000000000000E+00  0.000000000000000E+00  0.000000000000000E+00
 0.760000E+02  0.000000000000000E+00  0.000000000000000E+00  0.000000000000000E+00
 0.800000E+02  0.000000000000000E+00  0.000000000000000E+00  0.000000000000000E+00
 0.840000E+02  0.000000000000000E+00  0.000000000000000E+00  0.000000000000000E+00
 0.880000E+02  0.000000000000000E+00  0.000000000000000E+00  0.000000000000000E+00
 0.920000E+02  0.000000000000000E+00  0.000000000000000E+00  0.000000000000000E+00
 0.960000E+02  0.000000000000000E+00  0.000000000000000E+00  0.000000000000000E+00
