 0.000000E+00  0.808236549834928E-01  0.000000000000000E+00  0.000000000000000E+00
 0.100000E+01  0.115918335305505E+00  0.613410926889628E-01  0.232478453108342E-02
 0.200000E+01  0.637334495133311E-01  0.211561977630481E-01  0.261582568418817E-02
 0.300000E+01  0.374955831284591E-01  0.109212408024177E-01  0.126867359972493E-02
 0.400000E+01  0.128023336208356E-01  0.283987674674790E-02  0.918173874538297E-03
 0.500000E+01  0.478772849465264E-02  0.292381207898984E-03  0.222955407139125E-03
 0.600000E+01  0.157184384746108E-02  0.108458847591919E-03  0.940959590920443E-04
 0.700000E+01  0.123903672377923E-02  0.676287898215833E-04  0.670142876373347E-04
 0.800000E+01  0.694834233416285E-03  0.284011128677264E-04  0.492919514735179E-04
 0.900000E+01  0.403516318120480E-03  0.217153540731374E-04  0.196021772094213E-04
 0.100000E+02  0.294976385661769E-03  0.152468285787855E-04  0.213317434543114E-04
 0.110000E+02  0.174869951209066E-03  0.833731002192195E-05  0.119300728007588E-04
 0.120000E+02  0.143714329624506E-03  0.606787222015570E-05  0.115321948994662E-04
 0.130000E+02  0.105932642710681E-03  0.401821020368232E-05  0.935084079722870E-05
 0.140000E+02  0.669742892821818E-04  0.220034726472473E-05  0.669217118609566E-05
 0.150000E+02  0.497043181607634E-04  0.131509657103068E-05  0.361558518196733E-05
 0.160000E+02  0.344163010249000E-04  0.101519773726411E-05  0.250126539813600E-05
 0.170000E+02  0.298316711214652E-04  0.118884430250210E-05  0.227756773379939E-05
 0.180000E+02  0.227076397840177E-04  0.600418813369308E-06  0.132103516370385E-05
 0.190000E+02  0.161917998192001E-04  0.469595667865197E-06  0.109772898237992E-05
 0.200000E+02  0.130763471052241E-04  0.365712635936807E-06  0.108541992893674E-05
 0.210000E+02  0.111198816929596E-04  0.304608682728802E-06  0.851593195246025E-06
 0.220000E+02  0.805972260165553E-05  0.156306448277632E-06  0.518405764649010E-06
 0.230000E+02  0.596660038404628E-05  0.109805972179494E-06  0.407984919632842E-06
 0.240000E+02  0.514997478652868E-05  0.112176793747205E-06  0.363167178954460E-06
 0.250000E+02  0.411710647399198E-05  0.872338613245802E-07  0.263151979221221E-06
 0.260000E+02  0.342333913994059E-05  0.535034494902886E-07  0.242227275544429E-06
 0.270000E+02  0.246017586535632E-05  0.360877338096625E-07  0.205908888013112E-06
 0.280000E+02  0.196697562310185E-05  0.279465223765817E-07  0.128949774251715E-06
 0.290000E+02  0.179197460823891E-05  0.280907804825307E-07  0.123965282795846E-06
 0.300000E+02  0.136557239070259E-05  0.193191055551320E-07  0.111567710943047E-06
 0.310000E+02  0.113239162571351E-05  0.150048587100791E-07  0.856702320932781E-07
 0.320000E+02  0.879513114519568E-06  0.110346413051531E-07  0.595409314576472E-07
 0.330000E+02  0.714829273260989E-06  0.963983906815489E-08  0.631714195701780E-07
 0.340000E+02  0.642057456940143E-06  0.107605044460745E-07  0.511151903605494E-07
 0.350000E+02  0.446658662995383E-06  0.667876101680663E-08  0.310380428377062E-07
 0.360000E+02  0.415482345649625E-06  0.515610560624931E-08  0.263969330595304E-07
 0.370000E+02  0.311609127495259E-06  0.401448705096514E-08  0.232016994617485E-07
 0.380000E+02  0.287038633228508E-06  0.399654079485067E-08  0.192139974934530E-07
 0.390000E+02  0.214871648517325E-06  0.363041052134480E-08  0.132420858354424E-07
 0.400000E+02  0.162480589956690E-06  0.287126192105287E-08  0.987401544728927E-08
 0.410000E+02  0.153237446417120E-06  0.231390821688873E-08  0.114788662605118E-07
 0.420000E+02  0.119643655990805E-06  0.152907133364120E-08  0.708598176607711E-08
 0.430000E+02  0.102958731286025E-06  0.135912672518881E-08  0.612821887544445E-08
 0.440000E+02  0.808505592541206E-07  0.119697911923623E-08  0.570732924087120E-08
 0.450000E+02  0.638287432958586E-07  0.923652134877394E-09  0.383451169168986E-08
 0.460000E+02  0.573656493654143E-07  0.737212270246434E-09  0.346981279320170E-08
 0.470000E+02  0.451332880864070E-07  0.565048905324796E-09  0.301451090063925E-08
 0.480000E+02  0.384274742903220E-07  0.460891971514545E-09  0.233520177224763E-08
 0.490000E+02  0.312232419597976E-07  0.357542590094782E-09  0.165234690041133E-08
 0.500000E+02  0.256114070830498E-07  0.299306455911612E-09  0.139779417921771E-08
 0.510000E+02  0.214397275352262E-07  0.299513360864679E-09  0.128420053647569E-08
 0.520000E+02  0.168780106091104E-07  0.264125039781285E-09  0.823300996303323E-09
 0.530000E+02  0.143056138049061E-07  0.202262689665199E-09  0.777095339720015E-09
 0.540000E+02  0.112010319595452E-07  0.177693376911227E-09  0.574378204729197E-09
 0.550000E+02  0.107577664196615E-07  0.219853295461325E-09  0.489186458785428E-09
 0.560000E+02  0.785678939827042E-08  0.165922916232215E-09  0.335261281247897E-09
 0.570000E+02  0.684394487715295E-08  0.142648750131660E-09  0.344441793527972E-09
 0.580000E+02  0.568355879841804E-08  0.139209501305057E-09  0.341379268952536E-09
 0.590000E+02  0.486584027836096E-08  0.137498119534947E-09  0.328583063784597E-09
 0.600000E+02  0.443256321628983E-08  0.102035736267941E-09  0.290756773553078E-09
 0.610000E+02  0.362632957738946E-08  0.101938350579575E-09  0.328613429055382E-09
 0.620000E+02  0.357440118907613E-08  0.155241243492211E-09  0.382770191913946E-09
 0.630000E+02  0.327541468652862E-08  0.237279778296896E-09  0.631170333937481E-09
 0.640000E+02  0.387227245711094E-11  0.111951788984987E-11  0.275275456726107E-11
 0.650000E+02  0.000000000000000E+00  0.000000000000000E+00  0.000000000000000E+00
 0.660000E+02  0.000000000000000E+00  0.000000000000000E+00  0.000000000000000E+00
 0.670000E+02  0.000000000000000E+00  0.000000000000000E+00  0.000000000000000E+00
 0.680000E+02  0.000000000000000E+00  0.000000000000000E+00  0.000000000000000E+00
 0.690000E+02  0.000000000000000E+00  0.000000000000000E+00  0.000000000000000E+00
 0.700000E+02  0.000000000000000E+00  0.000000000000000E+00  0.000000000000000E+00
 0.710000E+02  0.000000000000000E+00  0.000000000000000E+00  0.000000000000000E+00
 0.720000E+02  0.000000000000000E+00  0.000000000000000E+00  0.000000000000000E+00
 0.730000E+02  0.000000000000000E+00  0.000000000000000E+00  0.000000000000000E+00
 0.740000E+02  0.000000000000000E+00  0.000000000000000E+00  0.000000000000000E+00
 0.750000E+02  0.000000000000000E+00  0.000000000000000E+00  0.000000000000000E+00
 0.760000E+02  0.000000000000000E+00  0.000000000000000E+00  0.000000000000000E+00
 0.770000E+02  0.000000000000000E+00  0.000000000000000E+00  0.000000000000000E+00
 0.780000E+02  0.000000000000000E+00  0.000000000000000E+00  0.000000000000000E+00
 0.790000E+02  0.000000000000000E+00  0.000000000000000E+00  0.000000000000000E+00
 0.800000E+02  0.000000000000000E+00  0.000000000000000E+00  0.000000000000000E+00
 0.810000E+02  0.000000000000000E+00  0.000000000000000E+00  0.000000000000000E+00
 0.820000E+02  0.000000000000000E+00  0.000000000000000E+00  0.000000000000000E+00
 0.830000E+02  0.000000000000000E+00  0.000000000000000E+00  0.000000000000000E+00
 0.840000E+02  0.000000000000000E+00  0.000000000000000E+00  0.000000000000000E+00
 0.850000E+02  0.000000000000000E+00  0.000000000000000E+00  0.000000000000000E+00
 0.860000E+02  0.000000000000000E+00  0.000000000000000E+00  0.000000000000000E+00
 0.870000E+02  0.000000000000000E+00  0.000000000000000E+00  0.000000000000000E+00
 0.880000E+02  0.000000000000000E+00  0.000000000000000E+00  0.000000000000000E+00
 0.890000E+02  0.000000000000000E+00  0.000000000000000E+00  0.000000000000000E+00
 0.900000E+02  0.000000000000000E+00  0.000000000000000E+00  0.000000000000000E+00
 0.910000E+02  0.000000000000000E+00  0.000000000000000E+00  0.000000000000000E+00
 0.920000E+02  0.000000000000000E+00  0.000000000000000E+00  0.000000000000000E+00
 0.930000E+02  0.000000000000000E+00  0.000000000000000E+00  0.000000000000000E+00
 0.940000E+02  0.000000000000000E+00  0.000000000000000E+00  0.000000000000000E+00
 0.950000E+02  0.000000000000000E+00  0.000000000000000E+00  0.000000000000000E+00
 0.960000E+02  0.000000000000000E+00  0.000000000000000E+00  0.000000000000000E+00
