 0.000000E+00  0.772407671034966E-01  0.757122620216949E-01  0.152850508180184E-02
 0.400000E+01  0.146008682650340E-01  0.142808755026752E-01  0.319992762358758E-03
 0.800000E+01  0.188591288447973E-02  0.181015609076993E-02  0.757567937097978E-04
 0.120000E+02  0.463753245390768E-03  0.439526619336225E-03  0.242266260545431E-04
 0.160000E+02  0.124117651794323E-03  0.115391057191633E-03  0.872659460269014E-05
 0.200000E+02  0.335291466079152E-04  0.300018346294138E-04  0.352731197850135E-05
 0.240000E+02  0.112886715209905E-04  0.979040899641113E-05  0.149826252457941E-05
 0.280000E+02  0.426315737435763E-05  0.364419502717824E-05  0.618962347179396E-06
 0.320000E+02  0.171474480938778E-05  0.144457353311623E-05  0.270171276271559E-06
 0.360000E+02  0.725192893538152E-06  0.602437315640462E-06  0.122755577897690E-06
 0.400000E+02  0.313371349193438E-06  0.258348866978035E-06  0.550224822154036E-07
 0.440000E+02  0.133145803402549E-06  0.110043807655861E-06  0.231019957466881E-07
 0.480000E+02  0.589964096733456E-07  0.487853471196218E-07  0.102110625537238E-07
 0.520000E+02  0.271061151730811E-07  0.225893405218069E-07  0.451677465127418E-08
 0.560000E+02  0.134326725430772E-07  0.116835143148079E-07  0.174915822826930E-08
 0.600000E+02  0.175213638444635E-08  0.161761020368574E-08  0.134526180760601E-09
 0.640000E+02  0.960933467671586E-14  0.960933467671586E-14  0.000000000000000E+00
 0.680000E+02  0.000000000000000E+00  0.000000000000000E+00  0.000000000000000E+00
 0.720000E+02  0.000000000000000E+00  0.000000000000000E+00  0.000000000000000E+00
 0.760000E+02  0.000000000000000E+00  0.000000000000000E+00  0.000000000000000E+00
 0.800000E+02  0.000000000000000E+00  0.000000000000000E+00  0.000000000000000E+00
 0.840000E+02  0.000000000000000E+00  0.000000000000000E+00  0.000000000000000E+00
 0.880000E+02  0.000000000000000E+00  0.000000000000000E+00  0.000000000000000E+00
 0.920000E+02  0.000000000000000E+00  0.000000000000000E+00  0.000000000000000E+00
 0.960000E+02  0.000000000000000E+00  0.000000000000000E+00  0.000000000000000E+00
