 0.000000E+00  0.903614004550705E-01  0.000000000000000E+00  0.000000000000000E+00
 0.100000E+01  0.168247074067844E+00  0.156379587133415E-01  0.279344316732022E-02
 0.200000E+01  0.542571674088135E-01  0.145775756682269E-01  0.392626526445383E-02
 0.300000E+01  0.282578694340470E-01  0.116178514072089E-01  0.184127255488420E-02
 0.400000E+01  0.728634535106612E-02  0.175702331057437E-02  0.537314978373615E-03
 0.500000E+01  0.325480603783174E-02  0.345083832272053E-03  0.280104486115818E-03
 0.600000E+01  0.112363007567780E-02  0.735744461053400E-04  0.116232769698854E-03
 0.700000E+01  0.706621354178006E-03  0.378762051624904E-04  0.494384771378975E-04
 0.800000E+01  0.397594493851785E-03  0.229334842990481E-04  0.282954078087982E-04
 0.900000E+01  0.225362038409613E-03  0.134791520562949E-04  0.148202111738271E-04
 0.100000E+02  0.181236364314311E-03  0.824295929446883E-05  0.126838149014930E-04
 0.110000E+02  0.977055464939912E-04  0.349385073061814E-05  0.810714344834373E-05
 0.120000E+02  0.783152639404618E-04  0.199828057145801E-05  0.629973859153643E-05
 0.130000E+02  0.617080223553843E-04  0.216021389848331E-05  0.559842435021718E-05
 0.140000E+02  0.380923296927898E-04  0.140155752673121E-05  0.297219901744528E-05
 0.150000E+02  0.260141908362687E-04  0.848965238968089E-06  0.187231970893986E-05
 0.160000E+02  0.179980450473989E-04  0.488658144904772E-06  0.163445216316838E-05
 0.170000E+02  0.158401021657209E-04  0.323952157349483E-06  0.116385987392054E-05
 0.180000E+02  0.111126445723502E-04  0.293076613842175E-06  0.586868003610297E-06
 0.190000E+02  0.787822083935023E-05  0.204998772668913E-06  0.555872739348845E-06
 0.200000E+02  0.580423888307761E-05  0.145714766437016E-06  0.424943599082288E-06
 0.210000E+02  0.472231386313808E-05  0.123276868389637E-06  0.385639541203298E-06
 0.220000E+02  0.337763775400353E-05  0.693978399260442E-07  0.227461188807843E-06
 0.230000E+02  0.258999924976191E-05  0.554093858148516E-07  0.205972951850680E-06
 0.240000E+02  0.212034664222607E-05  0.357495654771875E-07  0.133847362463867E-06
 0.250000E+02  0.176329836958923E-05  0.313684886209644E-07  0.114691725533467E-06
 0.260000E+02  0.133709406041067E-05  0.263380193851357E-07  0.872155046550971E-07
 0.270000E+02  0.967444389549679E-06  0.164060171181819E-07  0.546908939004498E-07
 0.280000E+02  0.736590238500111E-06  0.135559577009794E-07  0.431578957465258E-07
 0.290000E+02  0.671610043172219E-06  0.131897089774240E-07  0.403260041275354E-07
 0.300000E+02  0.492568877502195E-06  0.791574552259922E-08  0.277489928465768E-07
 0.310000E+02  0.418110531372832E-06  0.694567711147492E-08  0.260593594267734E-07
 0.320000E+02  0.314347215626133E-06  0.431998657668669E-08  0.216921216246595E-07
 0.330000E+02  0.257174262927564E-06  0.436405042685733E-08  0.154101270664420E-07
 0.340000E+02  0.220802523775720E-06  0.339233526598834E-08  0.128959425321182E-07
 0.350000E+02  0.149531182008461E-06  0.212594377054008E-08  0.861313705519682E-08
 0.360000E+02  0.138554687121431E-06  0.201720540906163E-08  0.796328057959877E-08
 0.370000E+02  0.996845253200071E-07  0.127011447716765E-08  0.530541195849742E-08
 0.380000E+02  0.980887901019470E-07  0.122917057592377E-08  0.494706054962335E-08
 0.390000E+02  0.677648268987069E-07  0.796277695625810E-09  0.397211399084669E-08
 0.400000E+02  0.519980306512404E-07  0.662879488098893E-09  0.288877372787684E-08
 0.410000E+02  0.519625955930250E-07  0.611733394063169E-09  0.271417582108606E-08
 0.420000E+02  0.375070692761749E-07  0.407722391644831E-09  0.205347156287524E-08
 0.430000E+02  0.337309354062314E-07  0.368016802834079E-09  0.161464965241548E-08
 0.440000E+02  0.247239789549263E-07  0.276535957822240E-09  0.141343074876475E-08
 0.450000E+02  0.206645296461033E-07  0.198152561659800E-09  0.113657011195485E-08
 0.460000E+02  0.183507404383467E-07  0.185019406616036E-09  0.886238079033801E-09
 0.470000E+02  0.133388999369154E-07  0.118439436125279E-09  0.712631768624404E-09
 0.480000E+02  0.131406167287942E-07  0.129630457588291E-09  0.703689835798737E-09
 0.490000E+02  0.964889065028834E-08  0.882094702444335E-10  0.506240889318541E-09
 0.500000E+02  0.848650280562470E-08  0.857844366904851E-10  0.487864550320119E-09
 0.510000E+02  0.675425706305206E-08  0.642117962576540E-10  0.401595709980468E-09
 0.520000E+02  0.518922692601676E-08  0.502710784947359E-10  0.298440933211007E-09
 0.530000E+02  0.496131234125228E-08  0.543497033627165E-10  0.319990019601304E-09
 0.540000E+02  0.363436740305865E-08  0.415181323552705E-10  0.209995942000648E-09
 0.550000E+02  0.338722816027542E-08  0.396673013407106E-10  0.176765078444684E-09
 0.560000E+02  0.249411023208074E-08  0.312471881038009E-10  0.164344788426795E-09
 0.570000E+02  0.205545613129583E-08  0.252376398600849E-10  0.156051848981908E-09
 0.580000E+02  0.179346498891847E-08  0.317040796425225E-10  0.151770672757586E-09
 0.590000E+02  0.135322989292948E-08  0.222452849287152E-10  0.101798349568451E-09
 0.600000E+02  0.128084857774513E-08  0.254904193242487E-10  0.100095132050512E-09
 0.610000E+02  0.103009486745618E-08  0.237454138394685E-10  0.789627108205646E-10
 0.620000E+02  0.942009654238267E-09  0.238715927092131E-10  0.115892596324328E-09
 0.630000E+02  0.113909680648796E-08  0.327175287641457E-10  0.375706720187701E-09
 0.640000E+02  0.583512999254883E-13  0.214543842303475E-13  0.368969156951408E-13
 0.650000E+02  0.000000000000000E+00  0.000000000000000E+00  0.000000000000000E+00
 0.660000E+02  0.000000000000000E+00  0.000000000000000E+00  0.000000000000000E+00
 0.670000E+02  0.000000000000000E+00  0.000000000000000E+00  0.000000000000000E+00
 0.680000E+02  0.000000000000000E+00  0.000000000000000E+00  0.000000000000000E+00
 0.690000E+02  0.000000000000000E+00  0.000000000000000E+00  0.000000000000000E+00
 0.700000E+02  0.000000000000000E+00  0.000000000000000E+00  0.000000000000000E+00
 0.710000E+02  0.000000000000000E+00  0.000000000000000E+00  0.000000000000000E+00
 0.720000E+02  0.000000000000000E+00  0.000000000000000E+00  0.000000000000000E+00
 0.730000E+02  0.000000000000000E+00  0.000000000000000E+00  0.000000000000000E+00
 0.740000E+02  0.000000000000000E+00  0.000000000000000E+00  0.000000000000000E+00
 0.750000E+02  0.000000000000000E+00  0.000000000000000E+00  0.000000000000000E+00
 0.760000E+02  0.000000000000000E+00  0.000000000000000E+00  0.000000000000000E+00
 0.770000E+02  0.000000000000000E+00  0.000000000000000E+00  0.000000000000000E+00
 0.780000E+02  0.000000000000000E+00  0.000000000000000E+00  0.000000000000000E+00
 0.790000E+02  0.000000000000000E+00  0.000000000000000E+00  0.000000000000000E+00
 0.800000E+02  0.000000000000000E+00  0.000000000000000E+00  0.000000000000000E+00
 0.810000E+02  0.000000000000000E+00  0.000000000000000E+00  0.000000000000000E+00
 0.820000E+02  0.000000000000000E+00  0.000000000000000E+00  0.000000000000000E+00
 0.830000E+02  0.000000000000000E+00  0.000000000000000E+00  0.000000000000000E+00
 0.840000E+02  0.000000000000000E+00  0.000000000000000E+00  0.000000000000000E+00
 0.850000E+02  0.000000000000000E+00  0.000000000000000E+00  0.000000000000000E+00
 0.860000E+02  0.000000000000000E+00  0.000000000000000E+00  0.000000000000000E+00
 0.870000E+02  0.000000000000000E+00  0.000000000000000E+00  0.000000000000000E+00
 0.880000E+02  0.000000000000000E+00  0.000000000000000E+00  0.000000000000000E+00
 0.890000E+02  0.000000000000000E+00  0.000000000000000E+00  0.000000000000000E+00
 0.900000E+02  0.000000000000000E+00  0.000000000000000E+00  0.000000000000000E+00
 0.910000E+02  0.000000000000000E+00  0.000000000000000E+00  0.000000000000000E+00
 0.920000E+02  0.000000000000000E+00  0.000000000000000E+00  0.000000000000000E+00
 0.930000E+02  0.000000000000000E+00  0.000000000000000E+00  0.000000000000000E+00
 0.940000E+02  0.000000000000000E+00  0.000000000000000E+00  0.000000000000000E+00
 0.950000E+02  0.000000000000000E+00  0.000000000000000E+00  0.000000000000000E+00
 0.960000E+02  0.000000000000000E+00  0.000000000000000E+00  0.000000000000000E+00
