 0.000000E+00  0.215031867019636E-01  0.198507303880496E-01  0.165245631391404E-02
 0.400000E+01  0.491294387727699E-01  0.487376738145752E-01  0.391764958194526E-03
 0.800000E+01  0.112696993575236E-01  0.111163694451613E-01  0.153329912362248E-03
 0.120000E+02  0.506834993530158E-02  0.500272240378418E-02  0.656275315174368E-04
 0.160000E+02  0.182837419215342E-02  0.180240135888354E-02  0.259728332698837E-04
 0.200000E+02  0.659474106737067E-03  0.647334543799283E-03  0.121395629377873E-04
 0.240000E+02  0.304437251374874E-03  0.299020107640253E-03  0.541714373462110E-05
 0.280000E+02  0.125056907075696E-03  0.122620902151066E-03  0.243600492462960E-05
 0.320000E+02  0.512991473097593E-04  0.502345574950623E-04  0.106458981469705E-05
 0.360000E+02  0.222437675046258E-04  0.217394972134218E-04  0.504270291204013E-06
 0.400000E+02  0.904090540617377E-05  0.879120229392677E-05  0.249703112247007E-06
 0.440000E+02  0.419768110912912E-05  0.407229757027843E-05  0.125383538850684E-06
 0.480000E+02  0.193947055421685E-05  0.187431584101046E-05  0.651547132063894E-07
 0.520000E+02  0.993195921785482E-06  0.956635807056088E-06  0.365601147293934E-07
 0.560000E+02  0.601828139771181E-06  0.577412478407372E-06  0.244156613638093E-07
 0.600000E+02  0.371933438503896E-06  0.361377264066170E-06  0.105561744377257E-07
 0.640000E+02  0.364094449034624E-09  0.364094449034624E-09  0.000000000000000E+00
 0.680000E+02  0.000000000000000E+00  0.000000000000000E+00  0.000000000000000E+00
 0.720000E+02  0.000000000000000E+00  0.000000000000000E+00  0.000000000000000E+00
 0.760000E+02  0.000000000000000E+00  0.000000000000000E+00  0.000000000000000E+00
 0.800000E+02  0.000000000000000E+00  0.000000000000000E+00  0.000000000000000E+00
 0.840000E+02  0.000000000000000E+00  0.000000000000000E+00  0.000000000000000E+00
 0.880000E+02  0.000000000000000E+00  0.000000000000000E+00  0.000000000000000E+00
 0.920000E+02  0.000000000000000E+00  0.000000000000000E+00  0.000000000000000E+00
 0.960000E+02  0.000000000000000E+00  0.000000000000000E+00  0.000000000000000E+00
