 0.000000E+00  0.172265420115178E-01  0.152681191008572E-01  0.195842291066050E-02
 0.400000E+01  0.380895876658921E-01  0.376853118616072E-01  0.404275804285007E-03
 0.800000E+01  0.796431549760917E-02  0.784365973041983E-02  0.120655767189340E-03
 0.120000E+02  0.377826897546209E-02  0.373338308228489E-02  0.448858931771962E-04
 0.160000E+02  0.132905776266694E-02  0.130953730160627E-02  0.195204610606704E-04
 0.200000E+02  0.479120146944643E-03  0.471611773525832E-03  0.750837341881124E-05
 0.240000E+02  0.181205397809590E-03  0.177745210264998E-03  0.346018754459101E-05
 0.280000E+02  0.812205953341246E-04  0.797134103143269E-04  0.150718501979758E-05
 0.320000E+02  0.335709632322450E-04  0.328795198482298E-04  0.691443384015315E-06
 0.360000E+02  0.146441321170654E-04  0.143238980611232E-04  0.320234055942167E-06
 0.400000E+02  0.582232067474380E-05  0.567682204997731E-05  0.145498624766493E-06
 0.440000E+02  0.268277949796211E-05  0.260998470184663E-05  0.727947961154739E-07
 0.480000E+02  0.123836755385152E-05  0.120238323136851E-05  0.359843224830066E-07
 0.520000E+02  0.580030871631707E-06  0.561793319872292E-06  0.182375517594152E-07
 0.560000E+02  0.284899691409578E-06  0.274819385726903E-06  0.100803056826751E-07
 0.600000E+02  0.156969213868663E-06  0.153010416021625E-06  0.395879784703741E-08
 0.640000E+02  0.365144477154633E-10  0.365144477154633E-10  0.000000000000000E+00
 0.680000E+02  0.000000000000000E+00  0.000000000000000E+00  0.000000000000000E+00
 0.720000E+02  0.000000000000000E+00  0.000000000000000E+00  0.000000000000000E+00
 0.760000E+02  0.000000000000000E+00  0.000000000000000E+00  0.000000000000000E+00
 0.800000E+02  0.000000000000000E+00  0.000000000000000E+00  0.000000000000000E+00
 0.840000E+02  0.000000000000000E+00  0.000000000000000E+00  0.000000000000000E+00
 0.880000E+02  0.000000000000000E+00  0.000000000000000E+00  0.000000000000000E+00
 0.920000E+02  0.000000000000000E+00  0.000000000000000E+00  0.000000000000000E+00
 0.960000E+02  0.000000000000000E+00  0.000000000000000E+00  0.000000000000000E+00
