 0.000000E+00  0.887523923202128E-01  0.000000000000000E+00  0.000000000000000E+00
 0.100000E+01  0.993589729812735E-01  0.195647004147759E-01  0.157679262338206E-02
 0.200000E+01  0.845427161779892E-01  0.213493789196946E-01  0.255208682210650E-02
 0.300000E+01  0.386857257550738E-01  0.148112006281735E-01  0.171011562088097E-02
 0.400000E+01  0.110863766299780E-01  0.360078278799847E-02  0.825239031769343E-03
 0.500000E+01  0.419632556452127E-02  0.368186439317242E-03  0.241014404252837E-03
 0.600000E+01  0.145933152428519E-02  0.135842875039316E-03  0.140777345393417E-03
 0.700000E+01  0.954947843255368E-03  0.629535991194530E-04  0.807773709938786E-04
 0.800000E+01  0.608797589935305E-03  0.366357310070953E-04  0.576464485142480E-04
 0.900000E+01  0.343512813969825E-03  0.182556136394396E-04  0.271658620931703E-04
 0.100000E+02  0.257894630665168E-03  0.129981900860443E-04  0.200983312446112E-04
 0.110000E+02  0.156619633882766E-03  0.526707168946317E-05  0.100003823571004E-04
 0.120000E+02  0.127815673161379E-03  0.488143117610695E-05  0.105461978332499E-04
 0.130000E+02  0.962347884243960E-04  0.379637240160990E-05  0.847527337821674E-05
 0.140000E+02  0.605348259358900E-04  0.245461485903764E-05  0.443612168410379E-05
 0.150000E+02  0.447039474092547E-04  0.132839852237665E-05  0.324743204593858E-05
 0.160000E+02  0.312180453685457E-04  0.108970900994376E-05  0.223249644926149E-05
 0.170000E+02  0.276942393853825E-04  0.727602669364780E-06  0.240584689109591E-05
 0.180000E+02  0.198308158964885E-04  0.519961448730566E-06  0.155569811495504E-05
 0.190000E+02  0.145121725456544E-04  0.294493659347417E-06  0.117108450548020E-05
 0.200000E+02  0.105427742385645E-04  0.228727326846007E-06  0.677893948190789E-06
 0.210000E+02  0.890565286451439E-05  0.211709425330942E-06  0.512996297882123E-06
 0.220000E+02  0.602873142614214E-05  0.136924138495302E-06  0.379034821737512E-06
 0.230000E+02  0.489666375716073E-05  0.887554836015436E-07  0.325079045071508E-06
 0.240000E+02  0.380055742013723E-05  0.649724019186754E-07  0.281301881241772E-06
 0.250000E+02  0.333231665067921E-05  0.646696385244588E-07  0.280486462220404E-06
 0.260000E+02  0.258630966479264E-05  0.443655319994594E-07  0.179650818714350E-06
 0.270000E+02  0.192992194922234E-05  0.331219230072580E-07  0.159833391304436E-06
 0.280000E+02  0.150935089890690E-05  0.260288334008661E-07  0.981084018860170E-07
 0.290000E+02  0.134394810225995E-05  0.193676707759601E-07  0.816038699807953E-07
 0.300000E+02  0.101259144727655E-05  0.154685117252033E-07  0.573417419900968E-07
 0.310000E+02  0.860761226958668E-06  0.131335465858328E-07  0.593050207766017E-07
 0.320000E+02  0.635022470064408E-06  0.985419075613843E-08  0.382584845559728E-07
 0.330000E+02  0.525863899398995E-06  0.752783436660295E-08  0.321243659577065E-07
 0.340000E+02  0.440474951350444E-06  0.622845498202303E-08  0.257258600689508E-07
 0.350000E+02  0.329801455441636E-06  0.354468057372202E-08  0.188834007701366E-07
 0.360000E+02  0.284277376166823E-06  0.374819314447701E-08  0.160475955935171E-07
 0.370000E+02  0.233191979758961E-06  0.269931404694536E-08  0.132058835259410E-07
 0.380000E+02  0.199287328136772E-06  0.235398702304801E-08  0.118059583909653E-07
 0.390000E+02  0.158417905144140E-06  0.184264442973944E-08  0.935052315257737E-08
 0.400000E+02  0.125428093049223E-06  0.131304899000046E-08  0.690087407307976E-08
 0.410000E+02  0.118508465014268E-06  0.132839666752759E-08  0.653114896930276E-08
 0.420000E+02  0.908111829397159E-07  0.102246591500156E-08  0.482319894052762E-08
 0.430000E+02  0.800956460135236E-07  0.888209973883084E-09  0.481368999906895E-08
 0.440000E+02  0.615775874668438E-07  0.759303434465567E-09  0.352616885252691E-08
 0.450000E+02  0.515144740922309E-07  0.544641193993286E-09  0.290508655708386E-08
 0.460000E+02  0.435529846161569E-07  0.430674099270165E-09  0.246404862389271E-08
 0.470000E+02  0.360604618811842E-07  0.407325896261575E-09  0.213268350979993E-08
 0.480000E+02  0.291932479459473E-07  0.334338016211010E-09  0.151582653113998E-08
 0.490000E+02  0.255371065745129E-07  0.250410624520486E-09  0.131517447312431E-08
 0.500000E+02  0.206395677716176E-07  0.222650071406799E-09  0.121059068029935E-08
 0.510000E+02  0.169393572704587E-07  0.194928735198909E-09  0.100719511658521E-08
 0.520000E+02  0.134585180576028E-07  0.168978309666702E-09  0.740559900658294E-09
 0.530000E+02  0.112460945808530E-07  0.140195955670871E-09  0.765813884428160E-09
 0.540000E+02  0.883244656999903E-08  0.128373988362951E-09  0.551637984897986E-09
 0.550000E+02  0.845154834984389E-08  0.113800994249377E-09  0.570625399286145E-09
 0.560000E+02  0.615856243241183E-08  0.102181750253482E-09  0.343217289740310E-09
 0.570000E+02  0.557842856200455E-08  0.836471050151772E-10  0.348456946751844E-09
 0.580000E+02  0.418058479717111E-08  0.611653297000103E-10  0.254095353696127E-09
 0.590000E+02  0.416139391765992E-08  0.931885449051557E-10  0.281270358592935E-09
 0.600000E+02  0.341412118212376E-08  0.625737560670928E-10  0.232275531975459E-09
 0.610000E+02  0.305965654701735E-08  0.540987003566919E-10  0.205897008532288E-09
 0.620000E+02  0.294763302286499E-08  0.117205590476649E-09  0.339244006168278E-09
 0.630000E+02  0.261791415115536E-08  0.155147626134597E-09  0.584425255736803E-09
 0.640000E+02  0.113036067458201E-10  0.338831148197476E-11  0.791529526384532E-11
 0.650000E+02  0.000000000000000E+00  0.000000000000000E+00  0.000000000000000E+00
 0.660000E+02  0.000000000000000E+00  0.000000000000000E+00  0.000000000000000E+00
 0.670000E+02  0.000000000000000E+00  0.000000000000000E+00  0.000000000000000E+00
 0.680000E+02  0.000000000000000E+00  0.000000000000000E+00  0.000000000000000E+00
 0.690000E+02  0.000000000000000E+00  0.000000000000000E+00  0.000000000000000E+00
 0.700000E+02  0.000000000000000E+00  0.000000000000000E+00  0.000000000000000E+00
 0.710000E+02  0.000000000000000E+00  0.000000000000000E+00  0.000000000000000E+00
 0.720000E+02  0.000000000000000E+00  0.000000000000000E+00  0.000000000000000E+00
 0.730000E+02  0.000000000000000E+00  0.000000000000000E+00  0.000000000000000E+00
 0.740000E+02  0.000000000000000E+00  0.000000000000000E+00  0.000000000000000E+00
 0.750000E+02  0.000000000000000E+00  0.000000000000000E+00  0.000000000000000E+00
 0.760000E+02  0.000000000000000E+00  0.000000000000000E+00  0.000000000000000E+00
 0.770000E+02  0.000000000000000E+00  0.000000000000000E+00  0.000000000000000E+00
 0.780000E+02  0.000000000000000E+00  0.000000000000000E+00  0.000000000000000E+00
 0.790000E+02  0.000000000000000E+00  0.000000000000000E+00  0.000000000000000E+00
 0.800000E+02  0.000000000000000E+00  0.000000000000000E+00  0.000000000000000E+00
 0.810000E+02  0.000000000000000E+00  0.000000000000000E+00  0.000000000000000E+00
 0.820000E+02  0.000000000000000E+00  0.000000000000000E+00  0.000000000000000E+00
 0.830000E+02  0.000000000000000E+00  0.000000000000000E+00  0.000000000000000E+00
 0.840000E+02  0.000000000000000E+00  0.000000000000000E+00  0.000000000000000E+00
 0.850000E+02  0.000000000000000E+00  0.000000000000000E+00  0.000000000000000E+00
 0.860000E+02  0.000000000000000E+00  0.000000000000000E+00  0.000000000000000E+00
 0.870000E+02  0.000000000000000E+00  0.000000000000000E+00  0.000000000000000E+00
 0.880000E+02  0.000000000000000E+00  0.000000000000000E+00  0.000000000000000E+00
 0.890000E+02  0.000000000000000E+00  0.000000000000000E+00  0.000000000000000E+00
 0.900000E+02  0.000000000000000E+00  0.000000000000000E+00  0.000000000000000E+00
 0.910000E+02  0.000000000000000E+00  0.000000000000000E+00  0.000000000000000E+00
 0.920000E+02  0.000000000000000E+00  0.000000000000000E+00  0.000000000000000E+00
 0.930000E+02  0.000000000000000E+00  0.000000000000000E+00  0.000000000000000E+00
 0.940000E+02  0.000000000000000E+00  0.000000000000000E+00  0.000000000000000E+00
 0.950000E+02  0.000000000000000E+00  0.000000000000000E+00  0.000000000000000E+00
 0.960000E+02  0.000000000000000E+00  0.000000000000000E+00  0.000000000000000E+00
