 0.000000E+00  0.253361471727889E-02  0.000000000000000E+00  0.000000000000000E+00
 0.100000E+01  0.230965026460503E-01  0.218854655977339E-01  0.107727683007397E-02
 0.200000E+01  0.673318952485341E-01  0.635704438318498E-01  0.269725060934434E-02
 0.300000E+01  0.772125551383957E-01  0.731808439595625E-01  0.149204052286223E-02
 0.400000E+01  0.160240046312303E-01  0.140475065672945E-01  0.772220333601581E-03
 0.500000E+01  0.170309502828272E-02  0.110775062461244E-02  0.412276001071632E-03
 0.600000E+01  0.446291568747693E-03  0.206601268473605E-03  0.180628613634326E-03
 0.700000E+01  0.394942162608895E-03  0.897392940157893E-04  0.251777812003695E-03
 0.800000E+01  0.161565136962118E-03  0.203035581218813E-04  0.114233363945004E-03
 0.900000E+01  0.106537932504989E-03  0.803431644413877E-05  0.791211145916293E-04
 0.100000E+02  0.671950891777729E-04  0.353670941866113E-05  0.466211480523171E-04
 0.110000E+02  0.445733157421352E-04  0.894457247990754E-06  0.305419668293894E-04
 0.120000E+02  0.324576447947351E-04  0.451797257494668E-06  0.205724919195571E-04
 0.130000E+02  0.228800477518858E-04  0.271187279771157E-06  0.130435239364957E-04
 0.140000E+02  0.156327432534833E-04  0.101012018485780E-06  0.777455115885672E-05
 0.150000E+02  0.974608996883097E-05  0.407970284901156E-07  0.508413059513435E-05
 0.160000E+02  0.743809885175143E-05  0.242690841173454E-07  0.305918070669930E-05
 0.170000E+02  0.588433963448850E-05  0.120785260406767E-07  0.255732076027970E-05
 0.180000E+02  0.388050077611666E-05  0.569097700502163E-08  0.164065062691066E-05
 0.190000E+02  0.294838342681801E-05  0.319139291314846E-08  0.109210831155011E-05
 0.200000E+02  0.208730734146578E-05  0.165201070045782E-08  0.790219230151906E-06
 0.210000E+02  0.167215303501631E-05  0.102196655914840E-08  0.578838019831256E-06
 0.220000E+02  0.118392048424575E-05  0.627162382356921E-09  0.385966718042304E-06
 0.230000E+02  0.924859621805813E-06  0.474722551335261E-09  0.285663470777492E-06
 0.240000E+02  0.685585156623414E-06  0.329669302991911E-09  0.185677831327511E-06
 0.250000E+02  0.577194978309161E-06  0.276197500583523E-09  0.150175144091447E-06
 0.260000E+02  0.426648805038340E-06  0.211417092013009E-09  0.101456313418167E-06
 0.270000E+02  0.320519168083335E-06  0.128639480109208E-09  0.683641277870724E-07
 0.280000E+02  0.240010238360137E-06  0.111582777106871E-09  0.490782936227369E-07
 0.290000E+02  0.193383321686607E-06  0.905949554371042E-10  0.346341732391435E-07
 0.300000E+02  0.155271259394438E-06  0.544925696972258E-10  0.252592502398609E-07
 0.310000E+02  0.118018837642549E-06  0.448493614704959E-10  0.167999478687639E-07
 0.320000E+02  0.909564393498889E-07  0.367538931486564E-10  0.117126747314903E-07
 0.330000E+02  0.699032349963134E-07  0.198778184099102E-10  0.809155727641284E-08
 0.340000E+02  0.566838995368696E-07  0.161513555341189E-10  0.593530002799609E-08
 0.350000E+02  0.418383096305828E-07  0.115531285572544E-10  0.376258021001427E-08
 0.360000E+02  0.334421865223950E-07  0.704985282308290E-11  0.284384232724928E-08
 0.370000E+02  0.252110630089482E-07  0.547826131384774E-11  0.195248350229969E-08
 0.380000E+02  0.211873893624686E-07  0.402396985213108E-11  0.150278969131416E-08
 0.390000E+02  0.159692565767280E-07  0.251831046271183E-11  0.108467899586212E-08
 0.400000E+02  0.117900858951481E-07  0.177699052078506E-11  0.771479836845303E-09
 0.410000E+02  0.100445942788729E-07  0.141455752071031E-11  0.634091977588931E-09
 0.420000E+02  0.731792636141817E-08  0.931059284616448E-12  0.479753552976955E-09
 0.430000E+02  0.601856969990813E-08  0.714467428276372E-12  0.388585221295425E-09
 0.440000E+02  0.444489252727279E-08  0.512483876282001E-12  0.298406523207127E-09
 0.450000E+02  0.334051153757296E-08  0.348605947875253E-12  0.231583644026593E-09
 0.460000E+02  0.272639289257205E-08  0.261678020157894E-12  0.195623345975815E-09
 0.470000E+02  0.205456669389841E-08  0.191859428613026E-12  0.151488932631883E-09
 0.480000E+02  0.163954921389574E-08  0.132179840970090E-12  0.128201240087843E-09
 0.490000E+02  0.124442626381248E-08  0.961029330958332E-13  0.998498270077011E-10
 0.500000E+02  0.100551190977957E-08  0.670911743901721E-13  0.832069115765345E-10
 0.510000E+02  0.747429988029683E-09  0.392769068368223E-13  0.651822583366110E-10
 0.520000E+02  0.542375857458634E-09  0.249590007824258E-13  0.501296978752042E-10
 0.530000E+02  0.440560810464046E-09  0.155881461838068E-13  0.435476419448242E-10
 0.540000E+02  0.330302736877933E-09  0.972993395281504E-14  0.335024338385676E-10
 0.550000E+02  0.264556619953781E-09  0.665400420222379E-14  0.268498175483465E-10
 0.560000E+02  0.198728475748246E-09  0.448771472057161E-14  0.213963779494275E-10
 0.570000E+02  0.165360715119129E-09  0.433662087244723E-14  0.183828109455072E-10
 0.580000E+02  0.124547331627942E-09  0.414284778570708E-14  0.148436378050055E-10
 0.590000E+02  0.903078019512464E-10  0.334154389783021E-14  0.112935671516783E-10
 0.600000E+02  0.693281457963235E-10  0.198490058680765E-14  0.637815352922307E-11
 0.610000E+02  0.735496760365552E-10  0.318801529825475E-14  0.651644251397859E-11
 0.620000E+02  0.745591789421261E-10  0.665201078415632E-14  0.951887476732323E-11
 0.630000E+02  0.368057861463795E-10  0.122645974534486E-13  0.132671625664845E-10
 0.640000E+02  0.102097286920101E-13  0.717597299230106E-17  0.102025527190178E-13
 0.650000E+02  0.000000000000000E+00  0.000000000000000E+00  0.000000000000000E+00
 0.660000E+02  0.000000000000000E+00  0.000000000000000E+00  0.000000000000000E+00
 0.670000E+02  0.000000000000000E+00  0.000000000000000E+00  0.000000000000000E+00
 0.680000E+02  0.000000000000000E+00  0.000000000000000E+00  0.000000000000000E+00
 0.690000E+02  0.000000000000000E+00  0.000000000000000E+00  0.000000000000000E+00
 0.700000E+02  0.000000000000000E+00  0.000000000000000E+00  0.000000000000000E+00
 0.710000E+02  0.000000000000000E+00  0.000000000000000E+00  0.000000000000000E+00
 0.720000E+02  0.000000000000000E+00  0.000000000000000E+00  0.000000000000000E+00
 0.730000E+02  0.000000000000000E+00  0.000000000000000E+00  0.000000000000000E+00
 0.740000E+02  0.000000000000000E+00  0.000000000000000E+00  0.000000000000000E+00
 0.750000E+02  0.000000000000000E+00  0.000000000000000E+00  0.000000000000000E+00
 0.760000E+02  0.000000000000000E+00  0.000000000000000E+00  0.000000000000000E+00
 0.770000E+02  0.000000000000000E+00  0.000000000000000E+00  0.000000000000000E+00
 0.780000E+02  0.000000000000000E+00  0.000000000000000E+00  0.000000000000000E+00
 0.790000E+02  0.000000000000000E+00  0.000000000000000E+00  0.000000000000000E+00
 0.800000E+02  0.000000000000000E+00  0.000000000000000E+00  0.000000000000000E+00
 0.810000E+02  0.000000000000000E+00  0.000000000000000E+00  0.000000000000000E+00
 0.820000E+02  0.000000000000000E+00  0.000000000000000E+00  0.000000000000000E+00
 0.830000E+02  0.000000000000000E+00  0.000000000000000E+00  0.000000000000000E+00
 0.840000E+02  0.000000000000000E+00  0.000000000000000E+00  0.000000000000000E+00
 0.850000E+02  0.000000000000000E+00  0.000000000000000E+00  0.000000000000000E+00
 0.860000E+02  0.000000000000000E+00  0.000000000000000E+00  0.000000000000000E+00
 0.870000E+02  0.000000000000000E+00  0.000000000000000E+00  0.000000000000000E+00
 0.880000E+02  0.000000000000000E+00  0.000000000000000E+00  0.000000000000000E+00
 0.890000E+02  0.000000000000000E+00  0.000000000000000E+00  0.000000000000000E+00
 0.900000E+02  0.000000000000000E+00  0.000000000000000E+00  0.000000000000000E+00
 0.910000E+02  0.000000000000000E+00  0.000000000000000E+00  0.000000000000000E+00
 0.920000E+02  0.000000000000000E+00  0.000000000000000E+00  0.000000000000000E+00
 0.930000E+02  0.000000000000000E+00  0.000000000000000E+00  0.000000000000000E+00
 0.940000E+02  0.000000000000000E+00  0.000000000000000E+00  0.000000000000000E+00
 0.950000E+02  0.000000000000000E+00  0.000000000000000E+00  0.000000000000000E+00
 0.960000E+02  0.000000000000000E+00  0.000000000000000E+00  0.000000000000000E+00
