 0.000000E+00  0.535554136550363E-01  0.516049489920644E-01  0.195046466297203E-02
 0.400000E+01  0.386541474425242E-02  0.368772972444811E-02  0.177685019804313E-03
 0.800000E+01  0.136080209130212E-03  0.116657039769928E-03  0.194231693602845E-04
 0.120000E+02  0.898476373995325E-05  0.560601552283719E-05  0.337874821711608E-05
 0.160000E+02  0.145814790229904E-05  0.666159648755502E-06  0.791988253543535E-06
 0.200000E+02  0.355240913382153E-06  0.141106392347380E-06  0.214134521034773E-06
 0.240000E+02  0.950471362675867E-07  0.367569180348429E-07  0.582902182327439E-07
 0.280000E+02  0.252377863021800E-07  0.980898653857164E-08  0.154287997636084E-07
 0.320000E+02  0.654727642271033E-08  0.259573809795579E-08  0.395153832475455E-08
 0.360000E+02  0.148255397045093E-08  0.630771051134989E-09  0.851782919315946E-09
 0.400000E+02  0.247695183639656E-09  0.119082725742223E-09  0.128612457897432E-09
 0.440000E+02  0.265781872632960E-10  0.147360206597901E-10  0.118421666035059E-10
 0.480000E+02  0.156602283235963E-11  0.100493998654442E-11  0.561082845815212E-12
 0.520000E+02  0.475870348767442E-13  0.360175763350557E-13  0.115694585416886E-13
 0.560000E+02  0.272373277988208E-14  0.251869950853423E-14  0.205033271347846E-15
 0.600000E+02  0.144911270614048E-15  0.140178379545688E-15  0.473289106836044E-17
 0.640000E+02  0.187486334260568E-19  0.187486334260568E-19  0.000000000000000E+00
 0.680000E+02  0.000000000000000E+00  0.000000000000000E+00  0.000000000000000E+00
 0.720000E+02  0.000000000000000E+00  0.000000000000000E+00  0.000000000000000E+00
 0.760000E+02  0.000000000000000E+00  0.000000000000000E+00  0.000000000000000E+00
 0.800000E+02  0.000000000000000E+00  0.000000000000000E+00  0.000000000000000E+00
 0.840000E+02  0.000000000000000E+00  0.000000000000000E+00  0.000000000000000E+00
 0.880000E+02  0.000000000000000E+00  0.000000000000000E+00  0.000000000000000E+00
 0.920000E+02  0.000000000000000E+00  0.000000000000000E+00  0.000000000000000E+00
 0.960000E+02  0.000000000000000E+00  0.000000000000000E+00  0.000000000000000E+00
