 0.000000E+00  0.216667846353358E-01  0.197900379678691E-01  0.187674666746679E-02
 0.400000E+01  0.626319115027609E-01  0.620431580210956E-01  0.588753481664705E-03
 0.800000E+01  0.151320939604233E-01  0.149008221622354E-01  0.231271798187992E-03
 0.120000E+02  0.455400800732121E-02  0.446014939911748E-02  0.938586082036937E-04
 0.160000E+02  0.216030921648203E-02  0.212201516526609E-02  0.382940512159335E-04
 0.200000E+02  0.808425539941738E-03  0.791503443081489E-03  0.169220968602511E-04
 0.240000E+02  0.316634705803876E-03  0.309118954602901E-03  0.751575120097670E-05
 0.280000E+02  0.142155474859308E-03  0.138676905609842E-03  0.347856924946536E-05
 0.320000E+02  0.641945812672986E-04  0.625870952447294E-04  0.160748602256912E-05
 0.360000E+02  0.287890796372100E-04  0.280112374306886E-04  0.777842206521455E-06
 0.400000E+02  0.142908477406508E-04  0.138805002591021E-04  0.410347481548713E-06
 0.440000E+02  0.685697229464192E-05  0.664549202792640E-05  0.211480266715515E-06
 0.480000E+02  0.325595538308338E-05  0.313180596086825E-05  0.124149422215137E-06
 0.520000E+02  0.179121133437745E-05  0.171954157919375E-05  0.716697551836984E-07
 0.560000E+02  0.102947245988186E-05  0.990457695224334E-06  0.390147646575246E-07
 0.600000E+02  0.593525912141664E-06  0.578231138358230E-06  0.152947737834343E-07
 0.640000E+02  0.317204457145337E-09  0.317204457145337E-09  0.000000000000000E+00
 0.680000E+02  0.000000000000000E+00  0.000000000000000E+00  0.000000000000000E+00
 0.720000E+02  0.000000000000000E+00  0.000000000000000E+00  0.000000000000000E+00
 0.760000E+02  0.000000000000000E+00  0.000000000000000E+00  0.000000000000000E+00
 0.800000E+02  0.000000000000000E+00  0.000000000000000E+00  0.000000000000000E+00
 0.840000E+02  0.000000000000000E+00  0.000000000000000E+00  0.000000000000000E+00
 0.880000E+02  0.000000000000000E+00  0.000000000000000E+00  0.000000000000000E+00
 0.920000E+02  0.000000000000000E+00  0.000000000000000E+00  0.000000000000000E+00
 0.960000E+02  0.000000000000000E+00  0.000000000000000E+00  0.000000000000000E+00
