 0.000000E+00  0.232864165976603E-01  0.221153607803879E-01  0.117105581727252E-02
 0.400000E+01  0.478300053676356E-01  0.474930427979164E-01  0.336962569719049E-03
 0.800000E+01  0.100726156534650E-01  0.993022352395732E-02  0.142392129507747E-03
 0.120000E+02  0.505070660318278E-02  0.499221964412247E-02  0.584869590603071E-04
 0.160000E+02  0.182723785878236E-02  0.180275187318521E-02  0.244859855971487E-04
 0.200000E+02  0.686367894863369E-03  0.675652269195426E-03  0.107156256679399E-04
 0.240000E+02  0.276566616654750E-03  0.271935628300734E-03  0.463098835401788E-05
 0.280000E+02  0.114094039564406E-03  0.111941487659795E-03  0.215255190461152E-05
 0.320000E+02  0.469055431234700E-04  0.458600657103177E-04  0.104547741315240E-05
 0.360000E+02  0.193316964272982E-04  0.188867544603836E-04  0.444941966914535E-06
 0.400000E+02  0.790491297257811E-05  0.769343564852076E-05  0.211477324057363E-06
 0.440000E+02  0.359591168829930E-05  0.348406006352489E-05  0.111851624774408E-06
 0.480000E+02  0.170241875167778E-05  0.164405055189304E-05  0.583681997847426E-07
 0.520000E+02  0.800689841095228E-06  0.770639892344784E-06  0.300499487504435E-07
 0.560000E+02  0.432037263156172E-06  0.415454686917893E-06  0.165825762382790E-07
 0.600000E+02  0.258520701282972E-06  0.250632485174185E-06  0.788821610878655E-08
 0.640000E+02  0.868529900777126E-10  0.868529900777126E-10  0.000000000000000E+00
 0.680000E+02  0.000000000000000E+00  0.000000000000000E+00  0.000000000000000E+00
 0.720000E+02  0.000000000000000E+00  0.000000000000000E+00  0.000000000000000E+00
 0.760000E+02  0.000000000000000E+00  0.000000000000000E+00  0.000000000000000E+00
 0.800000E+02  0.000000000000000E+00  0.000000000000000E+00  0.000000000000000E+00
 0.840000E+02  0.000000000000000E+00  0.000000000000000E+00  0.000000000000000E+00
 0.880000E+02  0.000000000000000E+00  0.000000000000000E+00  0.000000000000000E+00
 0.920000E+02  0.000000000000000E+00  0.000000000000000E+00  0.000000000000000E+00
 0.960000E+02  0.000000000000000E+00  0.000000000000000E+00  0.000000000000000E+00
