 0.000000E+00  0.333421200952675E-01  0.317761949685374E-01  0.156592512673035E-02
 0.400000E+01  0.352834831736111E-01  0.347864945602313E-01  0.496988613379939E-03
 0.800000E+01  0.108475603033226E-01  0.106767831097944E-01  0.170777193528216E-03
 0.120000E+02  0.531186974978807E-02  0.523489609783728E-02  0.769736519507940E-04
 0.160000E+02  0.205784687033567E-02  0.202730137853671E-02  0.305454917989575E-04
 0.200000E+02  0.691640551359982E-03  0.678096337230518E-03  0.135442141294674E-04
 0.240000E+02  0.329431431671098E-03  0.322412991343949E-03  0.701844032715075E-05
 0.280000E+02  0.130865977647192E-03  0.127715568447280E-03  0.315040919991096E-05
 0.320000E+02  0.568570968493643E-04  0.554308091225368E-04  0.142628772682755E-05
 0.360000E+02  0.255758115550548E-04  0.249205353872716E-04  0.655276167783177E-06
 0.400000E+02  0.116878480051139E-04  0.113440745891213E-04  0.343773415992612E-06
 0.440000E+02  0.563788215533880E-05  0.545963102472211E-05  0.178251130616688E-06
 0.480000E+02  0.278759333623738E-05  0.268431577624492E-05  0.103277559992466E-06
 0.520000E+02  0.145854500698729E-05  0.139928447822412E-05  0.592605287631731E-07
 0.560000E+02  0.782836011912927E-06  0.750479421415427E-06  0.323565904975003E-07
 0.600000E+02  0.415249217968979E-06  0.404345542220561E-06  0.109036757484189E-07
 0.640000E+02  0.654241660846822E-10  0.654241660846822E-10  0.000000000000000E+00
 0.680000E+02  0.000000000000000E+00  0.000000000000000E+00  0.000000000000000E+00
 0.720000E+02  0.000000000000000E+00  0.000000000000000E+00  0.000000000000000E+00
 0.760000E+02  0.000000000000000E+00  0.000000000000000E+00  0.000000000000000E+00
 0.800000E+02  0.000000000000000E+00  0.000000000000000E+00  0.000000000000000E+00
 0.840000E+02  0.000000000000000E+00  0.000000000000000E+00  0.000000000000000E+00
 0.880000E+02  0.000000000000000E+00  0.000000000000000E+00  0.000000000000000E+00
 0.920000E+02  0.000000000000000E+00  0.000000000000000E+00  0.000000000000000E+00
 0.960000E+02  0.000000000000000E+00  0.000000000000000E+00  0.000000000000000E+00
