 0.100000E+01  0.218595975809862E-01
 0.200000E+01  0.137885944908086E-01
 0.300000E+01  0.108219551120984E-01
 0.400000E+01  0.210787562026945E+00
 0.500000E+01  0.227460646388819E-01
 0.600000E+01  0.344388921263489E-02
 0.700000E+01  0.703955475998305E-03
 0.800000E+01  0.492117304170013E-01
 0.900000E+01  0.507239215124569E-02
 0.100000E+02  0.646391287448601E-03
 0.110000E+02  0.330818614059570E-03
 0.120000E+02  0.160425236289326E-01
 0.130000E+02  0.229436603261960E-02
 0.140000E+02  0.341316707120572E-03
 0.150000E+02  0.125183359065195E-03
 0.160000E+02  0.680768229251419E-02
 0.170000E+02  0.119539526727668E-02
 0.180000E+02  0.162469292417629E-03
 0.190000E+02  0.675007930576190E-04
 0.200000E+02  0.239497626656396E-02
 0.210000E+02  0.396560441960488E-03
 0.220000E+02  0.859557381731942E-04
 0.230000E+02  0.362802781482804E-04
 0.240000E+02  0.740290838435370E-03
 0.250000E+02  0.258958930016091E-03
 0.260000E+02  0.441291330424450E-04
 0.270000E+02  0.195234894558088E-04
 0.280000E+02  0.293785817510427E-03
 0.290000E+02  0.115682089969012E-03
 0.300000E+02  0.241236711130800E-04
 0.310000E+02  0.112839003725575E-04
 0.320000E+02  0.111210008166217E-03
 0.330000E+02  0.598717380114400E-04
 0.340000E+02  0.131290170375050E-04
 0.350000E+02  0.577172914736435E-05
 0.360000E+02  0.484478240631371E-04
 0.370000E+02  0.276642798673869E-04
 0.380000E+02  0.779432838938635E-05
 0.390000E+02  0.282632699376749E-05
 0.400000E+02  0.178902787984992E-04
 0.410000E+02  0.138557021188526E-04
 0.420000E+02  0.417532616823299E-05
 0.430000E+02  0.167875760106575E-05
 0.440000E+02  0.731940322488146E-05
 0.450000E+02  0.645930876037320E-05
 0.460000E+02  0.224573516902057E-05
 0.470000E+02  0.927763356797051E-06
 0.480000E+02  0.337655819759254E-05
 0.490000E+02  0.330608950291433E-05
 0.500000E+02  0.125758656879594E-05
 0.510000E+02  0.513586802306145E-06
 0.520000E+02  0.151362855103013E-05
 0.530000E+02  0.157471800885888E-05
 0.540000E+02  0.747127267000637E-06
 0.550000E+02  0.315314245470780E-06
 0.560000E+02  0.720671793279109E-06
 0.570000E+02  0.873551036252376E-06
 0.580000E+02  0.382113199595837E-06
 0.590000E+02  0.199532352526508E-06
 0.600000E+02  0.403341362209908E-06
 0.610000E+02  0.623024276885035E-06
 0.620000E+02  0.336615282588928E-06
 0.630000E+02  0.151988787164226E-06
 0.640000E+02  0.546258594568839E-07
 0.650000E+02  0.000000000000000E+00
 0.660000E+02  0.000000000000000E+00
 0.670000E+02  0.000000000000000E+00
 0.680000E+02  0.000000000000000E+00
 0.690000E+02  0.000000000000000E+00
 0.700000E+02  0.000000000000000E+00
 0.710000E+02  0.000000000000000E+00
 0.720000E+02  0.000000000000000E+00
 0.730000E+02  0.000000000000000E+00
 0.740000E+02  0.000000000000000E+00
 0.750000E+02  0.000000000000000E+00
 0.760000E+02  0.000000000000000E+00
 0.770000E+02  0.000000000000000E+00
 0.780000E+02  0.000000000000000E+00
 0.790000E+02  0.000000000000000E+00
 0.800000E+02  0.000000000000000E+00
 0.810000E+02  0.000000000000000E+00
 0.820000E+02  0.000000000000000E+00
 0.830000E+02  0.000000000000000E+00
 0.840000E+02  0.000000000000000E+00
 0.850000E+02  0.000000000000000E+00
 0.860000E+02  0.000000000000000E+00
 0.870000E+02  0.000000000000000E+00
 0.880000E+02  0.000000000000000E+00
 0.890000E+02  0.000000000000000E+00
 0.900000E+02  0.000000000000000E+00
 0.910000E+02  0.000000000000000E+00
 0.920000E+02  0.000000000000000E+00
 0.930000E+02  0.000000000000000E+00
 0.940000E+02  0.000000000000000E+00
 0.950000E+02  0.000000000000000E+00
 0.960000E+02  0.000000000000000E+00
 0.970000E+02  0.000000000000000E+00
