 0.000000E+00  0.631417859395778E-02  0.000000000000000E+00  0.000000000000000E+00
 0.100000E+01  0.214602676247063E+00  0.202984580879274E+00  0.826657254947349E-03
 0.200000E+01  0.681913665248419E-01  0.455173891969025E-01  0.200133415273740E-02
 0.300000E+01  0.492343297076026E-01  0.361237467004685E-01  0.130855680254172E-02
 0.400000E+01  0.202178010208817E-01  0.113193082343059E-01  0.514341718144351E-03
 0.500000E+01  0.966876058029208E-02  0.417515926415035E-02  0.445119929850080E-03
 0.600000E+01  0.368587166949597E-02  0.139971019530094E-02  0.266985694537425E-03
 0.700000E+01  0.194938018204875E-02  0.666591317099119E-03  0.191989370023293E-03
 0.800000E+01  0.105751772106168E-02  0.301907489259179E-03  0.151208228402311E-03
 0.900000E+01  0.679605117957653E-03  0.173735202281478E-03  0.957081622896538E-04
 0.100000E+02  0.466980130210407E-03  0.663990488734001E-04  0.749231049894661E-04
 0.110000E+02  0.306540253919024E-03  0.358525135961685E-04  0.607420105893652E-04
 0.120000E+02  0.242286978033053E-03  0.321294442313658E-04  0.297070311177094E-04
 0.130000E+02  0.203522994851895E-03  0.209278629581533E-04  0.384710784743225E-04
 0.140000E+02  0.118053630794862E-03  0.692660347656471E-05  0.189760352320434E-04
 0.150000E+02  0.101948408802199E-03  0.771808467425750E-05  0.182230285015184E-04
 0.160000E+02  0.743213342883156E-04  0.516790336876904E-05  0.116724031424265E-04
 0.170000E+02  0.690931775386920E-04  0.415743424364567E-05  0.122344955880704E-04
 0.180000E+02  0.555323151712538E-04  0.188950790147580E-05  0.121180862393544E-04
 0.190000E+02  0.445890572395170E-04  0.196111474508841E-05  0.846397748402450E-05
 0.200000E+02  0.346688983727312E-04  0.104711831239862E-05  0.599907377776820E-05
 0.210000E+02  0.292985134882062E-04  0.721559077050682E-06  0.387198360898844E-05
 0.220000E+02  0.227955841771303E-04  0.505951082530043E-06  0.377198252422828E-05
 0.230000E+02  0.176559182740618E-04  0.416716115374943E-06  0.231445815517678E-05
 0.240000E+02  0.145774979378507E-04  0.257950532597112E-06  0.226562405447606E-05
 0.250000E+02  0.124034777406268E-04  0.185579594568289E-06  0.174286871171270E-05
 0.260000E+02  0.102938304562354E-04  0.163760453654113E-06  0.118583094713132E-05
 0.270000E+02  0.745709638376591E-05  0.997376646133530E-07  0.941279122364941E-06
 0.280000E+02  0.604373519997899E-05  0.957196362224438E-07  0.578454788761548E-06
 0.290000E+02  0.585217164555355E-05  0.727818346827648E-07  0.813076516482936E-06
 0.300000E+02  0.439844096704704E-05  0.536766671006828E-07  0.578479000888643E-06
 0.310000E+02  0.383996709404010E-05  0.429252753624161E-07  0.503386643091464E-06
 0.320000E+02  0.288647645384123E-05  0.231439403943628E-07  0.378408268124700E-06
 0.330000E+02  0.234335120319325E-05  0.215892914686550E-07  0.306678750616740E-06
 0.340000E+02  0.206821232193616E-05  0.189271447229326E-07  0.267943853764219E-06
 0.350000E+02  0.154572436915288E-05  0.113914025458555E-07  0.163403882132672E-06
 0.360000E+02  0.129422463225783E-05  0.102926149782157E-07  0.159104024110082E-06
 0.370000E+02  0.109934022890275E-05  0.914755636958141E-08  0.157002596037729E-06
 0.380000E+02  0.916834844444532E-06  0.717430778869078E-08  0.117050064222732E-06
 0.390000E+02  0.730045033638817E-06  0.542941256134689E-08  0.864450985106190E-07
 0.400000E+02  0.574706977894286E-06  0.361493902692499E-08  0.712121656224932E-07
 0.410000E+02  0.501279910507780E-06  0.326421852953540E-08  0.511657741040150E-07
 0.420000E+02  0.431503806578119E-06  0.223563883983534E-08  0.536133933377175E-07
 0.430000E+02  0.348045394018509E-06  0.219762922720847E-08  0.393973592174336E-07
 0.440000E+02  0.269699786754231E-06  0.170515330910506E-08  0.320226363979262E-07
 0.450000E+02  0.217975234678433E-06  0.139308463947303E-08  0.282788454713514E-07
 0.460000E+02  0.187363091839957E-06  0.105660925881379E-08  0.186500249896304E-07
 0.470000E+02  0.155457692461125E-06  0.848932190989943E-09  0.160797880280239E-07
 0.480000E+02  0.134817918796506E-06  0.721792238167147E-09  0.143557645504184E-07
 0.490000E+02  0.111528534806480E-06  0.438841879788771E-09  0.887354642116977E-08
 0.500000E+02  0.905390463872803E-07  0.447850722164796E-09  0.105203953860121E-07
 0.510000E+02  0.716824936730047E-07  0.357509407578650E-09  0.790685541082151E-08
 0.520000E+02  0.562930667460602E-07  0.248470009051263E-09  0.555181930794415E-08
 0.530000E+02  0.522815428581240E-07  0.207338724544206E-09  0.592951378780928E-08
 0.540000E+02  0.376144281646926E-07  0.143006159575659E-09  0.323072118902745E-08
 0.550000E+02  0.390305326457981E-07  0.142984367758702E-09  0.369145607358089E-08
 0.560000E+02  0.280504632817312E-07  0.925550983639245E-10  0.259074499531122E-08
 0.570000E+02  0.250467278163306E-07  0.711507892007298E-10  0.186856597981567E-08
 0.580000E+02  0.212924081162259E-07  0.732909387815409E-10  0.204158060711912E-08
 0.590000E+02  0.178069650659025E-07  0.602601473634623E-10  0.169224136822686E-08
 0.600000E+02  0.158838150300552E-07  0.472070956991424E-10  0.143308108939492E-08
 0.610000E+02  0.151095890040835E-07  0.405279576340079E-10  0.131798753683044E-08
 0.620000E+02  0.127244954542283E-07  0.476306576798794E-10  0.135261198781474E-08
 0.630000E+02  0.102380642073315E-07  0.609910829040480E-10  0.242631381248948E-08
 0.640000E+02  0.249404678224867E-10  0.140240846279588E-12  0.248002269762071E-10
 0.650000E+02  0.000000000000000E+00  0.000000000000000E+00  0.000000000000000E+00
 0.660000E+02  0.000000000000000E+00  0.000000000000000E+00  0.000000000000000E+00
 0.670000E+02  0.000000000000000E+00  0.000000000000000E+00  0.000000000000000E+00
 0.680000E+02  0.000000000000000E+00  0.000000000000000E+00  0.000000000000000E+00
 0.690000E+02  0.000000000000000E+00  0.000000000000000E+00  0.000000000000000E+00
 0.700000E+02  0.000000000000000E+00  0.000000000000000E+00  0.000000000000000E+00
 0.710000E+02  0.000000000000000E+00  0.000000000000000E+00  0.000000000000000E+00
 0.720000E+02  0.000000000000000E+00  0.000000000000000E+00  0.000000000000000E+00
 0.730000E+02  0.000000000000000E+00  0.000000000000000E+00  0.000000000000000E+00
 0.740000E+02  0.000000000000000E+00  0.000000000000000E+00  0.000000000000000E+00
 0.750000E+02  0.000000000000000E+00  0.000000000000000E+00  0.000000000000000E+00
 0.760000E+02  0.000000000000000E+00  0.000000000000000E+00  0.000000000000000E+00
 0.770000E+02  0.000000000000000E+00  0.000000000000000E+00  0.000000000000000E+00
 0.780000E+02  0.000000000000000E+00  0.000000000000000E+00  0.000000000000000E+00
 0.790000E+02  0.000000000000000E+00  0.000000000000000E+00  0.000000000000000E+00
 0.800000E+02  0.000000000000000E+00  0.000000000000000E+00  0.000000000000000E+00
 0.810000E+02  0.000000000000000E+00  0.000000000000000E+00  0.000000000000000E+00
 0.820000E+02  0.000000000000000E+00  0.000000000000000E+00  0.000000000000000E+00
 0.830000E+02  0.000000000000000E+00  0.000000000000000E+00  0.000000000000000E+00
 0.840000E+02  0.000000000000000E+00  0.000000000000000E+00  0.000000000000000E+00
 0.850000E+02  0.000000000000000E+00  0.000000000000000E+00  0.000000000000000E+00
 0.860000E+02  0.000000000000000E+00  0.000000000000000E+00  0.000000000000000E+00
 0.870000E+02  0.000000000000000E+00  0.000000000000000E+00  0.000000000000000E+00
 0.880000E+02  0.000000000000000E+00  0.000000000000000E+00  0.000000000000000E+00
 0.890000E+02  0.000000000000000E+00  0.000000000000000E+00  0.000000000000000E+00
 0.900000E+02  0.000000000000000E+00  0.000000000000000E+00  0.000000000000000E+00
 0.910000E+02  0.000000000000000E+00  0.000000000000000E+00  0.000000000000000E+00
 0.920000E+02  0.000000000000000E+00  0.000000000000000E+00  0.000000000000000E+00
 0.930000E+02  0.000000000000000E+00  0.000000000000000E+00  0.000000000000000E+00
 0.940000E+02  0.000000000000000E+00  0.000000000000000E+00  0.000000000000000E+00
 0.950000E+02  0.000000000000000E+00  0.000000000000000E+00  0.000000000000000E+00
 0.960000E+02  0.000000000000000E+00  0.000000000000000E+00  0.000000000000000E+00
