 0.100000E+01  0.274182084318329E-01
 0.200000E+01  0.165649658438718E-01
 0.300000E+01  0.277257103062213E-01
 0.400000E+01  0.147065145311279E+00
 0.500000E+01  0.321775162297458E-01
 0.600000E+01  0.501192755229976E-02
 0.700000E+01  0.107198390750317E-02
 0.800000E+01  0.456463320519049E-01
 0.900000E+01  0.134691426338215E-01
 0.100000E+02  0.103997656063308E-02
 0.110000E+02  0.498374122496218E-03
 0.120000E+02  0.165454699518492E-01
 0.130000E+02  0.524539102823038E-02
 0.140000E+02  0.557552211868742E-03
 0.150000E+02  0.189938925040555E-03
 0.160000E+02  0.698596755348022E-02
 0.170000E+02  0.208042218745465E-02
 0.180000E+02  0.268337982687241E-03
 0.190000E+02  0.928073633325746E-04
 0.200000E+02  0.264005063982338E-02
 0.210000E+02  0.595725040606812E-03
 0.220000E+02  0.129963161009356E-03
 0.230000E+02  0.520554623350721E-04
 0.240000E+02  0.966334527193567E-03
 0.250000E+02  0.395705533972951E-03
 0.260000E+02  0.681286129818838E-04
 0.270000E+02  0.303507280876849E-04
 0.280000E+02  0.383977190823252E-03
 0.290000E+02  0.163346074973293E-03
 0.300000E+02  0.439100302375205E-04
 0.310000E+02  0.182206514014398E-04
 0.320000E+02  0.142314894428165E-03
 0.330000E+02  0.826775265985277E-04
 0.340000E+02  0.257637985253390E-04
 0.350000E+02  0.111009695485071E-04
 0.360000E+02  0.538379935483910E-04
 0.370000E+02  0.379784632142630E-04
 0.380000E+02  0.148127868368788E-04
 0.390000E+02  0.571291182230685E-05
 0.400000E+02  0.229298100588923E-04
 0.410000E+02  0.200391407362624E-04
 0.420000E+02  0.828216829726654E-05
 0.430000E+02  0.342538517027311E-05
 0.440000E+02  0.958684794782155E-05
 0.450000E+02  0.100460499643811E-04
 0.460000E+02  0.435392171191822E-05
 0.470000E+02  0.211659727602604E-05
 0.480000E+02  0.428544339500781E-05
 0.490000E+02  0.535505132783745E-05
 0.500000E+02  0.241438962360078E-05
 0.510000E+02  0.122267079023282E-05
 0.520000E+02  0.231886489684769E-05
 0.530000E+02  0.270331519368000E-05
 0.540000E+02  0.148168098999449E-05
 0.550000E+02  0.806306989191540E-06
 0.560000E+02  0.127877928721258E-05
 0.570000E+02  0.161944163349111E-05
 0.580000E+02  0.907063815743453E-06
 0.590000E+02  0.582545714301051E-06
 0.600000E+02  0.839508929768306E-06
 0.610000E+02  0.119360648187755E-05
 0.620000E+02  0.807246319201825E-06
 0.630000E+02  0.538499533756509E-06
 0.640000E+02  0.258928608025576E-06
 0.650000E+02  0.000000000000000E+00
 0.660000E+02  0.000000000000000E+00
 0.670000E+02  0.000000000000000E+00
 0.680000E+02  0.000000000000000E+00
 0.690000E+02  0.000000000000000E+00
 0.700000E+02  0.000000000000000E+00
 0.710000E+02  0.000000000000000E+00
 0.720000E+02  0.000000000000000E+00
 0.730000E+02  0.000000000000000E+00
 0.740000E+02  0.000000000000000E+00
 0.750000E+02  0.000000000000000E+00
 0.760000E+02  0.000000000000000E+00
 0.770000E+02  0.000000000000000E+00
 0.780000E+02  0.000000000000000E+00
 0.790000E+02  0.000000000000000E+00
 0.800000E+02  0.000000000000000E+00
 0.810000E+02  0.000000000000000E+00
 0.820000E+02  0.000000000000000E+00
 0.830000E+02  0.000000000000000E+00
 0.840000E+02  0.000000000000000E+00
 0.850000E+02  0.000000000000000E+00
 0.860000E+02  0.000000000000000E+00
 0.870000E+02  0.000000000000000E+00
 0.880000E+02  0.000000000000000E+00
 0.890000E+02  0.000000000000000E+00
 0.900000E+02  0.000000000000000E+00
 0.910000E+02  0.000000000000000E+00
 0.920000E+02  0.000000000000000E+00
 0.930000E+02  0.000000000000000E+00
 0.940000E+02  0.000000000000000E+00
 0.950000E+02  0.000000000000000E+00
 0.960000E+02  0.000000000000000E+00
 0.970000E+02  0.000000000000000E+00
