 0.100000E+01  0.830704904521830E-01
 0.200000E+01  0.281555925657958E-01
 0.300000E+01  0.944149741677327E-02
 0.400000E+01  0.240151503745950E+00
 0.500000E+01  0.387188997889630E-01
 0.600000E+01  0.568595862063573E-02
 0.700000E+01  0.145152803753817E-02
 0.800000E+01  0.436482614408642E-01
 0.900000E+01  0.118975948220622E-01
 0.100000E+02  0.103093543670254E-02
 0.110000E+02  0.656769055911557E-03
 0.120000E+02  0.140381255842489E-01
 0.130000E+02  0.465133147690389E-02
 0.140000E+02  0.659747437427512E-03
 0.150000E+02  0.239168862763705E-03
 0.160000E+02  0.605820548045674E-02
 0.170000E+02  0.190077272007961E-02
 0.180000E+02  0.355516244475735E-03
 0.190000E+02  0.126361187200500E-03
 0.200000E+02  0.212704217675467E-02
 0.210000E+02  0.668899300206307E-03
 0.220000E+02  0.171658302089274E-03
 0.230000E+02  0.677015980875771E-04
 0.240000E+02  0.690750868228564E-03
 0.250000E+02  0.376382150588051E-03
 0.260000E+02  0.875063658494277E-04
 0.270000E+02  0.386226127228841E-04
 0.280000E+02  0.301448712998256E-03
 0.290000E+02  0.177595550270233E-03
 0.300000E+02  0.453272697944481E-04
 0.310000E+02  0.229873201972417E-04
 0.320000E+02  0.136082349988577E-03
 0.330000E+02  0.849783036461306E-04
 0.340000E+02  0.282396817357319E-04
 0.350000E+02  0.135479235625829E-04
 0.360000E+02  0.510531607538597E-04
 0.370000E+02  0.433743483949987E-04
 0.380000E+02  0.160467970653392E-04
 0.390000E+02  0.716067667956755E-05
 0.400000E+02  0.217725928808526E-04
 0.410000E+02  0.197696739884035E-04
 0.420000E+02  0.854554612994172E-05
 0.430000E+02  0.436150381817741E-05
 0.440000E+02  0.912579906018151E-05
 0.450000E+02  0.922803391356037E-05
 0.460000E+02  0.499036910989629E-05
 0.470000E+02  0.244890258242075E-05
 0.480000E+02  0.427812482105326E-05
 0.490000E+02  0.491963671001454E-05
 0.500000E+02  0.264672968784377E-05
 0.510000E+02  0.142089019730202E-05
 0.520000E+02  0.221022093661088E-05
 0.530000E+02  0.252786513697013E-05
 0.540000E+02  0.156498229689046E-05
 0.550000E+02  0.913507208717280E-06
 0.560000E+02  0.127998649368061E-05
 0.570000E+02  0.146607946599145E-05
 0.580000E+02  0.954408416075995E-06
 0.590000E+02  0.607507164561081E-06
 0.600000E+02  0.884257316933962E-06
 0.610000E+02  0.121496567585902E-05
 0.620000E+02  0.912276969049919E-06
 0.630000E+02  0.653230547813108E-06
 0.640000E+02  0.371543212849640E-06
 0.650000E+02  0.000000000000000E+00
 0.660000E+02  0.000000000000000E+00
 0.670000E+02  0.000000000000000E+00
 0.680000E+02  0.000000000000000E+00
 0.690000E+02  0.000000000000000E+00
 0.700000E+02  0.000000000000000E+00
 0.710000E+02  0.000000000000000E+00
 0.720000E+02  0.000000000000000E+00
 0.730000E+02  0.000000000000000E+00
 0.740000E+02  0.000000000000000E+00
 0.750000E+02  0.000000000000000E+00
 0.760000E+02  0.000000000000000E+00
 0.770000E+02  0.000000000000000E+00
 0.780000E+02  0.000000000000000E+00
 0.790000E+02  0.000000000000000E+00
 0.800000E+02  0.000000000000000E+00
 0.810000E+02  0.000000000000000E+00
 0.820000E+02  0.000000000000000E+00
 0.830000E+02  0.000000000000000E+00
 0.840000E+02  0.000000000000000E+00
 0.850000E+02  0.000000000000000E+00
 0.860000E+02  0.000000000000000E+00
 0.870000E+02  0.000000000000000E+00
 0.880000E+02  0.000000000000000E+00
 0.890000E+02  0.000000000000000E+00
 0.900000E+02  0.000000000000000E+00
 0.910000E+02  0.000000000000000E+00
 0.920000E+02  0.000000000000000E+00
 0.930000E+02  0.000000000000000E+00
 0.940000E+02  0.000000000000000E+00
 0.950000E+02  0.000000000000000E+00
 0.960000E+02  0.000000000000000E+00
 0.970000E+02  0.000000000000000E+00
