 0.100000E+01  0.229627421930972E-01
 0.200000E+01  0.429200304458921E-01
 0.300000E+01  0.607206721103282E-01
 0.400000E+01  0.548627827484131E-01
 0.500000E+01  0.487390479055485E-02
 0.600000E+01  0.178258545799602E-02
 0.700000E+01  0.436723461792843E-03
 0.800000E+01  0.231417389174314E-03
 0.900000E+01  0.175086730546875E-03
 0.100000E+02  0.693042569067364E-04
 0.110000E+02  0.640819178167378E-04
 0.120000E+02  0.362220624143151E-04
 0.130000E+02  0.278008161637819E-04
 0.140000E+02  0.188282422800925E-04
 0.150000E+02  0.133848694162059E-04
 0.160000E+02  0.998591793360518E-05
 0.170000E+02  0.723932899878172E-05
 0.180000E+02  0.489760657924910E-05
 0.190000E+02  0.343726687723202E-05
 0.200000E+02  0.285615131323527E-05
 0.210000E+02  0.198918453372686E-05
 0.220000E+02  0.157332062249104E-05
 0.230000E+02  0.116683340417612E-05
 0.240000E+02  0.879147734377973E-06
 0.250000E+02  0.696974444563243E-06
 0.260000E+02  0.496263909077378E-06
 0.270000E+02  0.435840207045092E-06
 0.280000E+02  0.298947657923014E-06
 0.290000E+02  0.247410735211746E-06
 0.300000E+02  0.187768072249596E-06
 0.310000E+02  0.143883851867105E-06
 0.320000E+02  0.123371490164558E-06
 0.330000E+02  0.835858674647951E-07
 0.340000E+02  0.739319469662279E-07
 0.350000E+02  0.550967513890504E-07
 0.360000E+02  0.440885438792856E-07
 0.370000E+02  0.337578044676980E-07
 0.380000E+02  0.269902983986516E-07
 0.390000E+02  0.209776437961867E-07
 0.400000E+02  0.167192886440883E-07
 0.410000E+02  0.128547711836486E-07
 0.420000E+02  0.101593227260076E-07
 0.430000E+02  0.824419827408695E-08
 0.440000E+02  0.608551477786959E-08
 0.450000E+02  0.494905035381735E-08
 0.460000E+02  0.389267499759259E-08
 0.470000E+02  0.286201427188507E-08
 0.480000E+02  0.238293358265021E-08
 0.490000E+02  0.186147729477002E-08
 0.500000E+02  0.141534148625679E-08
 0.510000E+02  0.109027035757917E-08
 0.520000E+02  0.878137028948574E-09
 0.530000E+02  0.643365156804597E-09
 0.540000E+02  0.531463927033786E-09
 0.550000E+02  0.397633548010221E-09
 0.560000E+02  0.302966448781998E-09
 0.570000E+02  0.248384767768489E-09
 0.580000E+02  0.189759682610550E-09
 0.590000E+02  0.161987525120463E-09
 0.600000E+02  0.987246147593539E-10
 0.610000E+02  0.626203094799683E-10
 0.620000E+02  0.918134017525022E-10
 0.630000E+02  0.124372009686180E-09
 0.640000E+02  0.880717357728793E-10
 0.650000E+02  0.000000000000000E+00
 0.660000E+02  0.000000000000000E+00
 0.670000E+02  0.000000000000000E+00
 0.680000E+02  0.000000000000000E+00
 0.690000E+02  0.000000000000000E+00
 0.700000E+02  0.000000000000000E+00
 0.710000E+02  0.000000000000000E+00
 0.720000E+02  0.000000000000000E+00
 0.730000E+02  0.000000000000000E+00
 0.740000E+02  0.000000000000000E+00
 0.750000E+02  0.000000000000000E+00
 0.760000E+02  0.000000000000000E+00
 0.770000E+02  0.000000000000000E+00
 0.780000E+02  0.000000000000000E+00
 0.790000E+02  0.000000000000000E+00
 0.800000E+02  0.000000000000000E+00
 0.810000E+02  0.000000000000000E+00
 0.820000E+02  0.000000000000000E+00
 0.830000E+02  0.000000000000000E+00
 0.840000E+02  0.000000000000000E+00
 0.850000E+02  0.000000000000000E+00
 0.860000E+02  0.000000000000000E+00
 0.870000E+02  0.000000000000000E+00
 0.880000E+02  0.000000000000000E+00
 0.890000E+02  0.000000000000000E+00
 0.900000E+02  0.000000000000000E+00
 0.910000E+02  0.000000000000000E+00
 0.920000E+02  0.000000000000000E+00
 0.930000E+02  0.000000000000000E+00
 0.940000E+02  0.000000000000000E+00
 0.950000E+02  0.000000000000000E+00
 0.960000E+02  0.000000000000000E+00
 0.970000E+02  0.000000000000000E+00
