 0.100000E+01  0.636658764555100E-01
 0.200000E+01  0.207525906936812E-01
 0.300000E+01  0.135703017657889E-01
 0.400000E+01  0.119986280898561E+00
 0.500000E+01  0.308579827432752E-01
 0.600000E+01  0.518728272019648E-02
 0.700000E+01  0.747323934817676E-03
 0.800000E+01  0.275268866772897E-01
 0.900000E+01  0.827556932106747E-02
 0.100000E+02  0.922668927524730E-03
 0.110000E+02  0.397955718939326E-03
 0.120000E+02  0.131829755271453E-01
 0.130000E+02  0.337388102774020E-02
 0.140000E+02  0.468044936282109E-03
 0.150000E+02  0.150465930687737E-03
 0.160000E+02  0.541797066703749E-02
 0.170000E+02  0.144072454577765E-02
 0.180000E+02  0.233251242829494E-03
 0.190000E+02  0.817704467578437E-04
 0.200000E+02  0.185617314962680E-02
 0.210000E+02  0.442561398908157E-03
 0.220000E+02  0.107398409034657E-03
 0.230000E+02  0.450777604869310E-04
 0.240000E+02  0.647842183312839E-03
 0.250000E+02  0.313385338971323E-03
 0.260000E+02  0.518539007520820E-04
 0.270000E+02  0.220424937148850E-04
 0.280000E+02  0.259887425956328E-03
 0.290000E+02  0.116243968986609E-03
 0.300000E+02  0.297916161314482E-04
 0.310000E+02  0.130434900791796E-04
 0.320000E+02  0.987885104744362E-04
 0.330000E+02  0.565299197770828E-04
 0.340000E+02  0.162715198301851E-04
 0.350000E+02  0.725407358764668E-05
 0.360000E+02  0.399814345029953E-04
 0.370000E+02  0.277096012177161E-04
 0.380000E+02  0.956343962807610E-05
 0.390000E+02  0.378994944557616E-05
 0.400000E+02  0.148248010743289E-04
 0.410000E+02  0.137453790359907E-04
 0.420000E+02  0.474241475012021E-05
 0.430000E+02  0.227308187693712E-05
 0.440000E+02  0.650553307965437E-05
 0.450000E+02  0.687511975705172E-05
 0.460000E+02  0.267154865923799E-05
 0.470000E+02  0.119128426826802E-05
 0.480000E+02  0.283655522980662E-05
 0.490000E+02  0.335002180119498E-05
 0.500000E+02  0.140467274750627E-05
 0.510000E+02  0.673963955711894E-06
 0.520000E+02  0.135779893083718E-05
 0.530000E+02  0.150579758177008E-05
 0.540000E+02  0.817157937324288E-06
 0.550000E+02  0.403698158952971E-06
 0.560000E+02  0.632761262161616E-06
 0.570000E+02  0.848466788701820E-06
 0.580000E+02  0.489712999817554E-06
 0.590000E+02  0.305436411970527E-06
 0.600000E+02  0.388671775831995E-06
 0.610000E+02  0.586362988462509E-06
 0.620000E+02  0.420856441703360E-06
 0.630000E+02  0.223514403130139E-06
 0.640000E+02  0.103774291760694E-06
 0.650000E+02  0.000000000000000E+00
 0.660000E+02  0.000000000000000E+00
 0.670000E+02  0.000000000000000E+00
 0.680000E+02  0.000000000000000E+00
 0.690000E+02  0.000000000000000E+00
 0.700000E+02  0.000000000000000E+00
 0.710000E+02  0.000000000000000E+00
 0.720000E+02  0.000000000000000E+00
 0.730000E+02  0.000000000000000E+00
 0.740000E+02  0.000000000000000E+00
 0.750000E+02  0.000000000000000E+00
 0.760000E+02  0.000000000000000E+00
 0.770000E+02  0.000000000000000E+00
 0.780000E+02  0.000000000000000E+00
 0.790000E+02  0.000000000000000E+00
 0.800000E+02  0.000000000000000E+00
 0.810000E+02  0.000000000000000E+00
 0.820000E+02  0.000000000000000E+00
 0.830000E+02  0.000000000000000E+00
 0.840000E+02  0.000000000000000E+00
 0.850000E+02  0.000000000000000E+00
 0.860000E+02  0.000000000000000E+00
 0.870000E+02  0.000000000000000E+00
 0.880000E+02  0.000000000000000E+00
 0.890000E+02  0.000000000000000E+00
 0.900000E+02  0.000000000000000E+00
 0.910000E+02  0.000000000000000E+00
 0.920000E+02  0.000000000000000E+00
 0.930000E+02  0.000000000000000E+00
 0.940000E+02  0.000000000000000E+00
 0.950000E+02  0.000000000000000E+00
 0.960000E+02  0.000000000000000E+00
 0.970000E+02  0.000000000000000E+00
