 0.000000E+00  0.305630359180456E-02  0.000000000000000E+00  0.000000000000000E+00
 0.100000E+01  0.181912379972947E+00  0.177460276056081E+00  0.506064121054806E-03
 0.200000E+01  0.594173941945036E-01  0.468899406259879E-01  0.163948081171839E-02
 0.300000E+01  0.511759052743467E-01  0.443724639917491E-01  0.195137258492650E-02
 0.400000E+01  0.178717435531959E-01  0.132619258765772E-01  0.879664004742153E-03
 0.500000E+01  0.117099845519257E-01  0.815534514742922E-02  0.618394035541314E-03
 0.600000E+01  0.377541594432706E-02  0.174811154303001E-02  0.328572286321105E-03
 0.700000E+01  0.264779661834794E-02  0.143284654473064E-02  0.212663354481890E-03
 0.800000E+01  0.129603602618324E-02  0.454452721214693E-03  0.160438427883491E-03
 0.900000E+01  0.740864035780718E-03  0.207056741857059E-03  0.122508078856498E-03
 0.100000E+02  0.486189467866796E-03  0.155949580751269E-03  0.663196626895513E-04
 0.110000E+02  0.302544177585258E-03  0.617229152126697E-04  0.540499211094669E-04
 0.120000E+02  0.249058414203778E-03  0.538154453768591E-04  0.499144712384769E-04
 0.130000E+02  0.200244181114926E-03  0.356452272947116E-04  0.399360579503849E-04
 0.140000E+02  0.126844915727318E-03  0.204027851258282E-04  0.223798112033435E-04
 0.150000E+02  0.978333624417285E-04  0.174669243184766E-04  0.195991502914827E-04
 0.160000E+02  0.655994114849039E-04  0.932845010692684E-05  0.142174647015381E-04
 0.170000E+02  0.579162620704920E-04  0.684076679558637E-05  0.120042473725768E-04
 0.180000E+02  0.466989533556342E-04  0.518809848525092E-05  0.918570484648162E-05
 0.190000E+02  0.322745454034854E-04  0.295439663622332E-05  0.660478720932930E-05
 0.200000E+02  0.263162745658496E-04  0.215535029471359E-05  0.535152823166740E-05
 0.210000E+02  0.235486662908054E-04  0.182721481386573E-05  0.427812478327738E-05
 0.220000E+02  0.159668924701866E-04  0.103863709353144E-05  0.251689183465229E-05
 0.230000E+02  0.123597722793297E-04  0.702979087810821E-06  0.199533124814466E-05
 0.240000E+02  0.114470028175833E-04  0.522819962715110E-06  0.180935338145449E-05
 0.250000E+02  0.900925796819602E-05  0.351375620796183E-06  0.151129697872898E-05
 0.260000E+02  0.716224735149028E-05  0.262990521495560E-06  0.122283242015749E-05
 0.270000E+02  0.514385898945135E-05  0.167268682904620E-06  0.898828147437823E-06
 0.280000E+02  0.452299484467840E-05  0.120319509778002E-06  0.737014722643897E-06
 0.290000E+02  0.391356103011734E-05  0.106306117491424E-06  0.572935440420336E-06
 0.300000E+02  0.273385659662235E-05  0.746056724286329E-07  0.459685345802208E-06
 0.310000E+02  0.250547303718202E-05  0.609971355287377E-07  0.388058595801209E-06
 0.320000E+02  0.175840840827676E-05  0.440572170341044E-07  0.279068849102365E-06
 0.330000E+02  0.154333817291004E-05  0.324867032954661E-07  0.252479678497942E-06
 0.340000E+02  0.130510651589631E-05  0.269962432061788E-07  0.225655948423581E-06
 0.350000E+02  0.910641485971412E-06  0.200680418023389E-07  0.142571692451909E-06
 0.360000E+02  0.859648851817401E-06  0.154054271367604E-07  0.127576602122759E-06
 0.370000E+02  0.620483399054696E-06  0.105527873162147E-07  0.102693780622016E-06
 0.380000E+02  0.627902172145416E-06  0.904310883327494E-08  0.986063472428397E-07
 0.390000E+02  0.452360352086881E-06  0.671054168388031E-08  0.690223362024428E-07
 0.400000E+02  0.353272053582369E-06  0.454250851950749E-08  0.497156576712118E-07
 0.410000E+02  0.358025960819344E-06  0.427289153659466E-08  0.452748300092858E-07
 0.420000E+02  0.269757704053809E-06  0.331770017752273E-08  0.401749312671507E-07
 0.430000E+02  0.244476823862765E-06  0.262169568483907E-08  0.324705954042950E-07
 0.440000E+02  0.191759241536962E-06  0.180603088850684E-08  0.299538799903990E-07
 0.450000E+02  0.161151939320358E-06  0.138462482266362E-08  0.226362708372811E-07
 0.460000E+02  0.145290357361301E-06  0.112660296713398E-08  0.212772073818375E-07
 0.470000E+02  0.111171101463803E-06  0.776822214819464E-09  0.160089736124698E-07
 0.480000E+02  0.999178218980616E-07  0.705450625947948E-09  0.130724152214851E-07
 0.490000E+02  0.756461629736318E-07  0.470337838768773E-09  0.101218382147507E-07
 0.500000E+02  0.679837135279104E-07  0.446937465291226E-09  0.961167252603951E-08
 0.510000E+02  0.552445789615560E-07  0.310064204940046E-09  0.707257912389218E-08
 0.520000E+02  0.421397897551372E-07  0.252255248839374E-09  0.548089170747455E-08
 0.530000E+02  0.376284283988533E-07  0.210594280601803E-09  0.494492897709748E-08
 0.540000E+02  0.281459821581158E-07  0.157057442982973E-09  0.374638443368487E-08
 0.550000E+02  0.285193256769094E-07  0.152341283624112E-09  0.402367064555428E-08
 0.560000E+02  0.208902344055344E-07  0.112044780344239E-09  0.266880496085460E-08
 0.570000E+02  0.173936448323999E-07  0.943311320008571E-10  0.210132794610594E-08
 0.580000E+02  0.150399539524089E-07  0.734382793032619E-10  0.187261019786382E-08
 0.590000E+02  0.121991000894474E-07  0.647352231330811E-10  0.157379815882794E-08
 0.600000E+02  0.113583744588808E-07  0.428217634229288E-10  0.110434867133881E-08
 0.610000E+02  0.923886226582716E-08  0.487262288803606E-10  0.116789146180679E-08
 0.620000E+02  0.885601350485165E-08  0.400336431340211E-10  0.112897734966309E-08
 0.630000E+02  0.748817185669999E-08  0.770086381437935E-10  0.205982381771587E-08
 0.640000E+02  0.117048524718503E-10  0.476947689716646E-12  0.112279047821337E-10
 0.650000E+02  0.000000000000000E+00  0.000000000000000E+00  0.000000000000000E+00
 0.660000E+02  0.000000000000000E+00  0.000000000000000E+00  0.000000000000000E+00
 0.670000E+02  0.000000000000000E+00  0.000000000000000E+00  0.000000000000000E+00
 0.680000E+02  0.000000000000000E+00  0.000000000000000E+00  0.000000000000000E+00
 0.690000E+02  0.000000000000000E+00  0.000000000000000E+00  0.000000000000000E+00
 0.700000E+02  0.000000000000000E+00  0.000000000000000E+00  0.000000000000000E+00
 0.710000E+02  0.000000000000000E+00  0.000000000000000E+00  0.000000000000000E+00
 0.720000E+02  0.000000000000000E+00  0.000000000000000E+00  0.000000000000000E+00
 0.730000E+02  0.000000000000000E+00  0.000000000000000E+00  0.000000000000000E+00
 0.740000E+02  0.000000000000000E+00  0.000000000000000E+00  0.000000000000000E+00
 0.750000E+02  0.000000000000000E+00  0.000000000000000E+00  0.000000000000000E+00
 0.760000E+02  0.000000000000000E+00  0.000000000000000E+00  0.000000000000000E+00
 0.770000E+02  0.000000000000000E+00  0.000000000000000E+00  0.000000000000000E+00
 0.780000E+02  0.000000000000000E+00  0.000000000000000E+00  0.000000000000000E+00
 0.790000E+02  0.000000000000000E+00  0.000000000000000E+00  0.000000000000000E+00
 0.800000E+02  0.000000000000000E+00  0.000000000000000E+00  0.000000000000000E+00
 0.810000E+02  0.000000000000000E+00  0.000000000000000E+00  0.000000000000000E+00
 0.820000E+02  0.000000000000000E+00  0.000000000000000E+00  0.000000000000000E+00
 0.830000E+02  0.000000000000000E+00  0.000000000000000E+00  0.000000000000000E+00
 0.840000E+02  0.000000000000000E+00  0.000000000000000E+00  0.000000000000000E+00
 0.850000E+02  0.000000000000000E+00  0.000000000000000E+00  0.000000000000000E+00
 0.860000E+02  0.000000000000000E+00  0.000000000000000E+00  0.000000000000000E+00
 0.870000E+02  0.000000000000000E+00  0.000000000000000E+00  0.000000000000000E+00
 0.880000E+02  0.000000000000000E+00  0.000000000000000E+00  0.000000000000000E+00
 0.890000E+02  0.000000000000000E+00  0.000000000000000E+00  0.000000000000000E+00
 0.900000E+02  0.000000000000000E+00  0.000000000000000E+00  0.000000000000000E+00
 0.910000E+02  0.000000000000000E+00  0.000000000000000E+00  0.000000000000000E+00
 0.920000E+02  0.000000000000000E+00  0.000000000000000E+00  0.000000000000000E+00
 0.930000E+02  0.000000000000000E+00  0.000000000000000E+00  0.000000000000000E+00
 0.940000E+02  0.000000000000000E+00  0.000000000000000E+00  0.000000000000000E+00
 0.950000E+02  0.000000000000000E+00  0.000000000000000E+00  0.000000000000000E+00
 0.960000E+02  0.000000000000000E+00  0.000000000000000E+00  0.000000000000000E+00
