 0.100000E+01  0.190863222405428E-02
 0.200000E+01  0.769842075722364E-02
 0.300000E+01  0.881199833447580E-02
 0.400000E+01  0.630291930801089E-02
 0.500000E+01  0.167537266330976E-04
 0.600000E+01  0.831616171855972E-05
 0.700000E+01  0.112049541295258E-05
 0.800000E+01  0.785825615697822E-07
 0.900000E+01  0.306125034327653E-07
 0.100000E+02  0.286947820187217E-08
 0.110000E+02  0.472111727325587E-09
 0.120000E+02  0.850211995661718E-10
 0.130000E+02  0.226477091676035E-10
 0.140000E+02  0.313247616038001E-11
 0.150000E+02  0.478516971278128E-12
 0.160000E+02  0.104663561231324E-12
 0.170000E+02  0.171039055145333E-13
 0.180000E+02  0.216375557424075E-14
 0.190000E+02  0.429523582655644E-15
 0.200000E+02  0.826584428879707E-16
 0.210000E+02  0.169204160752691E-16
 0.220000E+02  0.292125331976855E-17
 0.230000E+02  0.440037794884636E-18
 0.240000E+02  0.944946414509098E-19
 0.250000E+02  0.276231754410612E-19
 0.260000E+02  0.105355963049893E-19
 0.270000E+02  0.119633141179616E-19
 0.280000E+02  0.150870709654314E-19
 0.290000E+02  0.922494512104230E-20
 0.300000E+02  0.122476494030886E-19
 0.310000E+02  0.114095417418030E-19
 0.320000E+02  0.113964087921910E-19
 0.330000E+02  0.855780430261095E-20
 0.340000E+02  0.102930367249733E-19
 0.350000E+02  0.857550219264246E-20
 0.360000E+02  0.616691087925442E-20
 0.370000E+02  0.470284956798255E-20
 0.380000E+02  0.566172494683756E-20
 0.390000E+02  0.271854055520544E-20
 0.400000E+02  0.337106535762578E-20
 0.410000E+02  0.200780104888130E-20
 0.420000E+02  0.237461577361058E-20
 0.430000E+02  0.381635398785119E-20
 0.440000E+02  0.432574909996100E-20
 0.450000E+02  0.304793118507554E-20
 0.460000E+02  0.446558880231359E-20
 0.470000E+02  0.313381352013650E-20
 0.480000E+02  0.465331881356256E-20
 0.490000E+02  0.358811866756629E-20
 0.500000E+02  0.368480116015404E-20
 0.510000E+02  0.230943695394507E-20
 0.520000E+02  0.338997616364698E-20
 0.530000E+02  0.151008581631843E-20
 0.540000E+02  0.229829429462329E-20
 0.550000E+02  0.155023996345162E-20
 0.560000E+02  0.372027698760238E-20
 0.570000E+02  0.167404518332215E-20
 0.580000E+02  0.250735114075332E-20
 0.590000E+02  0.180334421055330E-20
 0.600000E+02  0.329508556734689E-20
 0.610000E+02  0.210628110664113E-20
 0.620000E+02  0.378014305471849E-20
 0.630000E+02  0.291213741576118E-20
 0.640000E+02  0.441636593623832E-21
 0.650000E+02  0.000000000000000E+00
 0.660000E+02  0.000000000000000E+00
 0.670000E+02  0.000000000000000E+00
 0.680000E+02  0.000000000000000E+00
 0.690000E+02  0.000000000000000E+00
 0.700000E+02  0.000000000000000E+00
 0.710000E+02  0.000000000000000E+00
 0.720000E+02  0.000000000000000E+00
 0.730000E+02  0.000000000000000E+00
 0.740000E+02  0.000000000000000E+00
 0.750000E+02  0.000000000000000E+00
 0.760000E+02  0.000000000000000E+00
 0.770000E+02  0.000000000000000E+00
 0.780000E+02  0.000000000000000E+00
 0.790000E+02  0.000000000000000E+00
 0.800000E+02  0.000000000000000E+00
 0.810000E+02  0.000000000000000E+00
 0.820000E+02  0.000000000000000E+00
 0.830000E+02  0.000000000000000E+00
 0.840000E+02  0.000000000000000E+00
 0.850000E+02  0.000000000000000E+00
 0.860000E+02  0.000000000000000E+00
 0.870000E+02  0.000000000000000E+00
 0.880000E+02  0.000000000000000E+00
 0.890000E+02  0.000000000000000E+00
 0.900000E+02  0.000000000000000E+00
 0.910000E+02  0.000000000000000E+00
 0.920000E+02  0.000000000000000E+00
 0.930000E+02  0.000000000000000E+00
 0.940000E+02  0.000000000000000E+00
 0.950000E+02  0.000000000000000E+00
 0.960000E+02  0.000000000000000E+00
 0.970000E+02  0.000000000000000E+00
