 0.100000E+01  0.319835777861456E-01
 0.200000E+01  0.154291908315454E-01
 0.300000E+01  0.167324925545180E-01
 0.400000E+01  0.139709112196101E+00
 0.500000E+01  0.353426900136554E-01
 0.600000E+01  0.338954501058634E-02
 0.700000E+01  0.943627812474489E-03
 0.800000E+01  0.227495663933186E-01
 0.900000E+01  0.727906220473640E-02
 0.100000E+02  0.658294767084252E-03
 0.110000E+02  0.386727698760299E-03
 0.120000E+02  0.132427674985378E-01
 0.130000E+02  0.267704436002574E-02
 0.140000E+02  0.358963412079482E-03
 0.150000E+02  0.127850182201674E-03
 0.160000E+02  0.449059091582552E-02
 0.170000E+02  0.106070638312042E-02
 0.180000E+02  0.169583621029399E-03
 0.190000E+02  0.631607989861724E-04
 0.200000E+02  0.162018472067425E-02
 0.210000E+02  0.409425344788250E-03
 0.220000E+02  0.865406114379388E-04
 0.230000E+02  0.312322081098241E-04
 0.240000E+02  0.509927847180881E-03
 0.250000E+02  0.249141174118039E-03
 0.260000E+02  0.412620321853453E-04
 0.270000E+02  0.164533978863995E-04
 0.280000E+02  0.235624754207645E-03
 0.290000E+02  0.944608299131181E-04
 0.300000E+02  0.206944472097002E-04
 0.310000E+02  0.921367286523233E-05
 0.320000E+02  0.831823927031034E-04
 0.330000E+02  0.427260996506118E-04
 0.340000E+02  0.117323851951566E-04
 0.350000E+02  0.477111241501203E-05
 0.360000E+02  0.339012152291870E-04
 0.370000E+02  0.224391516547784E-04
 0.380000E+02  0.569913838576904E-05
 0.390000E+02  0.235792774611544E-05
 0.400000E+02  0.115480234369479E-04
 0.410000E+02  0.102412068949133E-04
 0.420000E+02  0.303776794332280E-05
 0.430000E+02  0.136290253709335E-05
 0.440000E+02  0.493311232000361E-05
 0.450000E+02  0.488710277982329E-05
 0.460000E+02  0.159730228988615E-05
 0.470000E+02  0.728345872791512E-06
 0.480000E+02  0.210718108271862E-05
 0.490000E+02  0.247266426550006E-05
 0.500000E+02  0.835287924397582E-06
 0.510000E+02  0.426361770978123E-06
 0.520000E+02  0.934375393470193E-06
 0.530000E+02  0.115134767571038E-05
 0.540000E+02  0.526945026223655E-06
 0.550000E+02  0.243815755509710E-06
 0.560000E+02  0.442899139763854E-06
 0.570000E+02  0.605687521357955E-06
 0.580000E+02  0.270994375880875E-06
 0.590000E+02  0.166952211492719E-06
 0.600000E+02  0.244767352490212E-06
 0.610000E+02  0.439119342722821E-06
 0.620000E+02  0.240452245868677E-06
 0.630000E+02  0.136305438613818E-06
 0.640000E+02  0.587536766555809E-07
 0.650000E+02  0.000000000000000E+00
 0.660000E+02  0.000000000000000E+00
 0.670000E+02  0.000000000000000E+00
 0.680000E+02  0.000000000000000E+00
 0.690000E+02  0.000000000000000E+00
 0.700000E+02  0.000000000000000E+00
 0.710000E+02  0.000000000000000E+00
 0.720000E+02  0.000000000000000E+00
 0.730000E+02  0.000000000000000E+00
 0.740000E+02  0.000000000000000E+00
 0.750000E+02  0.000000000000000E+00
 0.760000E+02  0.000000000000000E+00
 0.770000E+02  0.000000000000000E+00
 0.780000E+02  0.000000000000000E+00
 0.790000E+02  0.000000000000000E+00
 0.800000E+02  0.000000000000000E+00
 0.810000E+02  0.000000000000000E+00
 0.820000E+02  0.000000000000000E+00
 0.830000E+02  0.000000000000000E+00
 0.840000E+02  0.000000000000000E+00
 0.850000E+02  0.000000000000000E+00
 0.860000E+02  0.000000000000000E+00
 0.870000E+02  0.000000000000000E+00
 0.880000E+02  0.000000000000000E+00
 0.890000E+02  0.000000000000000E+00
 0.900000E+02  0.000000000000000E+00
 0.910000E+02  0.000000000000000E+00
 0.920000E+02  0.000000000000000E+00
 0.930000E+02  0.000000000000000E+00
 0.940000E+02  0.000000000000000E+00
 0.950000E+02  0.000000000000000E+00
 0.960000E+02  0.000000000000000E+00
 0.970000E+02  0.000000000000000E+00
