 0.100000E+01  0.190771808956977E+00
 0.200000E+01  0.478710173633591E-01
 0.300000E+01  0.295953503728786E-01
 0.400000E+01  0.107881112865928E+00
 0.500000E+01  0.329916122795781E-01
 0.600000E+01  0.795616000814149E-02
 0.700000E+01  0.212785083362193E-02
 0.800000E+01  0.119937335695951E-01
 0.900000E+01  0.557583212018547E-02
 0.100000E+02  0.164511419695724E-02
 0.110000E+02  0.775558490925785E-03
 0.120000E+02  0.228615505432534E-02
 0.130000E+02  0.217734715936735E-02
 0.140000E+02  0.735353362140550E-03
 0.150000E+02  0.255244065568309E-03
 0.160000E+02  0.704986331721056E-03
 0.170000E+02  0.870698894323356E-03
 0.180000E+02  0.288821273637121E-03
 0.190000E+02  0.129638299722169E-03
 0.200000E+02  0.239757262740219E-03
 0.210000E+02  0.306503131937830E-03
 0.220000E+02  0.139975871130237E-03
 0.230000E+02  0.672930990159999E-04
 0.240000E+02  0.779624113660650E-04
 0.250000E+02  0.138333758734155E-03
 0.260000E+02  0.609335938828646E-04
 0.270000E+02  0.346579302898049E-04
 0.280000E+02  0.353764033185055E-04
 0.290000E+02  0.528073845996187E-04
 0.300000E+02  0.292613976523089E-04
 0.310000E+02  0.189430750667590E-04
 0.320000E+02  0.150565944836366E-04
 0.330000E+02  0.214679778876992E-04
 0.340000E+02  0.151041028891567E-04
 0.350000E+02  0.924316646736934E-05
 0.360000E+02  0.768320091321399E-05
 0.370000E+02  0.915828618041839E-05
 0.380000E+02  0.792850733036891E-05
 0.390000E+02  0.464179978395680E-05
 0.400000E+02  0.389548393813324E-05
 0.410000E+02  0.440140977101176E-05
 0.420000E+02  0.366098583334912E-05
 0.430000E+02  0.253778606509655E-05
 0.440000E+02  0.185899945631237E-05
 0.450000E+02  0.205923133041371E-05
 0.460000E+02  0.180562779721449E-05
 0.470000E+02  0.125481767233051E-05
 0.480000E+02  0.103565981086000E-05
 0.490000E+02  0.975323426852977E-06
 0.500000E+02  0.878214314166616E-06
 0.510000E+02  0.654930140855412E-06
 0.520000E+02  0.543442526687359E-06
 0.530000E+02  0.474483049878168E-06
 0.540000E+02  0.449762977656897E-06
 0.550000E+02  0.380059227685820E-06
 0.560000E+02  0.299460895973832E-06
 0.570000E+02  0.282100841559617E-06
 0.580000E+02  0.261331828746454E-06
 0.590000E+02  0.244608969855032E-06
 0.600000E+02  0.200581928949341E-06
 0.610000E+02  0.213329124229015E-06
 0.620000E+02  0.213660720174322E-06
 0.630000E+02  0.220477740911210E-06
 0.640000E+02  0.166336862366482E-06
 0.650000E+02  0.000000000000000E+00
 0.660000E+02  0.000000000000000E+00
 0.670000E+02  0.000000000000000E+00
 0.680000E+02  0.000000000000000E+00
 0.690000E+02  0.000000000000000E+00
 0.700000E+02  0.000000000000000E+00
 0.710000E+02  0.000000000000000E+00
 0.720000E+02  0.000000000000000E+00
 0.730000E+02  0.000000000000000E+00
 0.740000E+02  0.000000000000000E+00
 0.750000E+02  0.000000000000000E+00
 0.760000E+02  0.000000000000000E+00
 0.770000E+02  0.000000000000000E+00
 0.780000E+02  0.000000000000000E+00
 0.790000E+02  0.000000000000000E+00
 0.800000E+02  0.000000000000000E+00
 0.810000E+02  0.000000000000000E+00
 0.820000E+02  0.000000000000000E+00
 0.830000E+02  0.000000000000000E+00
 0.840000E+02  0.000000000000000E+00
 0.850000E+02  0.000000000000000E+00
 0.860000E+02  0.000000000000000E+00
 0.870000E+02  0.000000000000000E+00
 0.880000E+02  0.000000000000000E+00
 0.890000E+02  0.000000000000000E+00
 0.900000E+02  0.000000000000000E+00
 0.910000E+02  0.000000000000000E+00
 0.920000E+02  0.000000000000000E+00
 0.930000E+02  0.000000000000000E+00
 0.940000E+02  0.000000000000000E+00
 0.950000E+02  0.000000000000000E+00
 0.960000E+02  0.000000000000000E+00
 0.970000E+02  0.000000000000000E+00
