 0.100000E+01  0.785608870991650E-01
 0.200000E+01  0.338606162576029E-01
 0.300000E+01  0.208763622243942E-01
 0.400000E+01  0.122484279159000E+00
 0.500000E+01  0.280207782893616E-01
 0.600000E+01  0.471104659863450E-02
 0.700000E+01  0.873512764369764E-03
 0.800000E+01  0.300634423971218E-01
 0.900000E+01  0.741137456412687E-02
 0.100000E+02  0.956826583325835E-03
 0.110000E+02  0.449527161102766E-03
 0.120000E+02  0.153986623863310E-01
 0.130000E+02  0.378981015242730E-02
 0.140000E+02  0.503584555225775E-03
 0.150000E+02  0.170929206316818E-03
 0.160000E+02  0.563890809497846E-02
 0.170000E+02  0.151828132153215E-02
 0.180000E+02  0.232600713032858E-03
 0.190000E+02  0.969912503325591E-04
 0.200000E+02  0.206753762311391E-02
 0.210000E+02  0.494187776901766E-03
 0.220000E+02  0.117318297629162E-03
 0.230000E+02  0.520903052527095E-04
 0.240000E+02  0.677793933449653E-03
 0.250000E+02  0.325443592797070E-03
 0.260000E+02  0.616786656728992E-04
 0.270000E+02  0.266265978664649E-04
 0.280000E+02  0.312764194569483E-03
 0.290000E+02  0.129910665429289E-03
 0.300000E+02  0.367708904889232E-04
 0.310000E+02  0.163331945323421E-04
 0.320000E+02  0.110011064735363E-03
 0.330000E+02  0.648695085456915E-04
 0.340000E+02  0.183278999933812E-04
 0.350000E+02  0.921877688033615E-05
 0.360000E+02  0.495492107064325E-04
 0.370000E+02  0.296367451850573E-04
 0.380000E+02  0.964131089324259E-05
 0.390000E+02  0.481825276302858E-05
 0.400000E+02  0.198477712962825E-04
 0.410000E+02  0.140819567589244E-04
 0.420000E+02  0.520985645063704E-05
 0.430000E+02  0.256010633539545E-05
 0.440000E+02  0.882584498164659E-05
 0.450000E+02  0.670581437262551E-05
 0.460000E+02  0.279757726593350E-05
 0.470000E+02  0.142760844119920E-05
 0.480000E+02  0.387533783513580E-05
 0.490000E+02  0.366729651006753E-05
 0.500000E+02  0.154095688339968E-05
 0.510000E+02  0.875395975755700E-06
 0.520000E+02  0.189294491604269E-05
 0.530000E+02  0.185911107069420E-05
 0.540000E+02  0.956988517785224E-06
 0.550000E+02  0.564929871894507E-06
 0.560000E+02  0.897643081485113E-06
 0.570000E+02  0.101050919534599E-05
 0.580000E+02  0.538769281344877E-06
 0.590000E+02  0.376401424277603E-06
 0.600000E+02  0.529195245100600E-06
 0.610000E+02  0.639131042611703E-06
 0.620000E+02  0.401744266065139E-06
 0.630000E+02  0.284638014717626E-06
 0.640000E+02  0.152796277602735E-06
 0.650000E+02  0.000000000000000E+00
 0.660000E+02  0.000000000000000E+00
 0.670000E+02  0.000000000000000E+00
 0.680000E+02  0.000000000000000E+00
 0.690000E+02  0.000000000000000E+00
 0.700000E+02  0.000000000000000E+00
 0.710000E+02  0.000000000000000E+00
 0.720000E+02  0.000000000000000E+00
 0.730000E+02  0.000000000000000E+00
 0.740000E+02  0.000000000000000E+00
 0.750000E+02  0.000000000000000E+00
 0.760000E+02  0.000000000000000E+00
 0.770000E+02  0.000000000000000E+00
 0.780000E+02  0.000000000000000E+00
 0.790000E+02  0.000000000000000E+00
 0.800000E+02  0.000000000000000E+00
 0.810000E+02  0.000000000000000E+00
 0.820000E+02  0.000000000000000E+00
 0.830000E+02  0.000000000000000E+00
 0.840000E+02  0.000000000000000E+00
 0.850000E+02  0.000000000000000E+00
 0.860000E+02  0.000000000000000E+00
 0.870000E+02  0.000000000000000E+00
 0.880000E+02  0.000000000000000E+00
 0.890000E+02  0.000000000000000E+00
 0.900000E+02  0.000000000000000E+00
 0.910000E+02  0.000000000000000E+00
 0.920000E+02  0.000000000000000E+00
 0.930000E+02  0.000000000000000E+00
 0.940000E+02  0.000000000000000E+00
 0.950000E+02  0.000000000000000E+00
 0.960000E+02  0.000000000000000E+00
 0.970000E+02  0.000000000000000E+00
