 0.000000E+00  0.319829723822568E-01  0.302235363732793E-01  0.175943600897721E-02
 0.400000E+01  0.702172123561008E-01  0.695123382491177E-01  0.704874106983701E-03
 0.800000E+01  0.140110251058639E-01  0.137828747958592E-01  0.228150310004721E-03
 0.120000E+02  0.477597182829784E-02  0.468176953915208E-02  0.942022891457914E-04
 0.160000E+02  0.205212383924199E-02  0.201413236956325E-02  0.379914696787346E-04
 0.200000E+02  0.732837831258846E-03  0.716775990470293E-03  0.160618407885524E-04
 0.240000E+02  0.286905912559729E-03  0.279797377077963E-03  0.710853548176515E-05
 0.280000E+02  0.129326487614001E-03  0.126172154040486E-03  0.315433357351520E-05
 0.320000E+02  0.619399004173255E-04  0.603854554415938E-04  0.155444497573157E-05
 0.360000E+02  0.269544240429718E-04  0.261963466263628E-04  0.758077416609001E-06
 0.400000E+02  0.122352742052683E-04  0.118419471410251E-04  0.393327064243171E-06
 0.440000E+02  0.568268501516252E-05  0.547442826984460E-05  0.208256745317923E-06
 0.480000E+02  0.282971563405637E-05  0.271619921785913E-05  0.113516416197238E-06
 0.520000E+02  0.146172774711107E-05  0.140042457005967E-05  0.613031770514030E-07
 0.560000E+02  0.911521676132904E-06  0.868868824441542E-06  0.426528516913616E-07
 0.600000E+02  0.542597230638748E-06  0.525730407752428E-06  0.168668228863200E-07
 0.640000E+02  0.180840814545391E-09  0.180840814545391E-09  0.000000000000000E+00
 0.680000E+02  0.000000000000000E+00  0.000000000000000E+00  0.000000000000000E+00
 0.720000E+02  0.000000000000000E+00  0.000000000000000E+00  0.000000000000000E+00
 0.760000E+02  0.000000000000000E+00  0.000000000000000E+00  0.000000000000000E+00
 0.800000E+02  0.000000000000000E+00  0.000000000000000E+00  0.000000000000000E+00
 0.840000E+02  0.000000000000000E+00  0.000000000000000E+00  0.000000000000000E+00
 0.880000E+02  0.000000000000000E+00  0.000000000000000E+00  0.000000000000000E+00
 0.920000E+02  0.000000000000000E+00  0.000000000000000E+00  0.000000000000000E+00
 0.960000E+02  0.000000000000000E+00  0.000000000000000E+00  0.000000000000000E+00
