 0.000000E+00  0.900095058209905E-01  0.000000000000000E+00  0.000000000000000E+00
 0.100000E+01  0.103732518500682E+00  0.242310405010357E-01  0.142142948607216E-02
 0.200000E+01  0.104371419597026E+00  0.435526205110364E-01  0.146168264382140E-02
 0.300000E+01  0.412204322235065E-01  0.189887443411862E-01  0.105008544551310E-02
 0.400000E+01  0.907340939599378E-02  0.916274002065620E-03  0.336846710069949E-03
 0.500000E+01  0.451468796427040E-02  0.501704417501969E-03  0.151053280887936E-03
 0.600000E+01  0.144723043936736E-02  0.146408648220131E-03  0.968428787473385E-04
 0.700000E+01  0.922654907692387E-03  0.639164913671664E-04  0.518927782025003E-04
 0.800000E+01  0.570488493935215E-03  0.246186175090202E-04  0.398887493062716E-04
 0.900000E+01  0.318343658468969E-03  0.128523694016280E-04  0.189203741776112E-04
 0.100000E+02  0.217916846247527E-03  0.823129307048198E-05  0.156821866390544E-04
 0.110000E+02  0.120146584854458E-03  0.342000205222348E-05  0.104509739795589E-04
 0.120000E+02  0.104184426547063E-03  0.467215035038215E-05  0.948967446134930E-05
 0.130000E+02  0.713755388832255E-04  0.196631140458869E-05  0.466874472121459E-05
 0.140000E+02  0.461617053746098E-04  0.138565782059619E-05  0.296981846714672E-05
 0.150000E+02  0.379181960889910E-04  0.107499435547317E-05  0.311915962028508E-05
 0.160000E+02  0.257574446782468E-04  0.623422406885454E-06  0.202546053455072E-05
 0.170000E+02  0.215812560590176E-04  0.470481622882879E-06  0.141960959787468E-05
 0.180000E+02  0.164162443869895E-04  0.380989452777869E-06  0.140218678408577E-05
 0.190000E+02  0.121046418739048E-04  0.250363846730772E-06  0.975014258330908E-06
 0.200000E+02  0.899846126850623E-05  0.187434248968832E-06  0.763682717504904E-06
 0.210000E+02  0.798797634153427E-05  0.151503671666324E-06  0.570300784288186E-06
 0.220000E+02  0.558998078106660E-05  0.106013990735371E-06  0.426996258249927E-06
 0.230000E+02  0.421907343621502E-05  0.703063231253034E-07  0.318734744771121E-06
 0.240000E+02  0.359740745067295E-05  0.673311263202359E-07  0.272330306987003E-06
 0.250000E+02  0.288931009158425E-05  0.483397272379830E-07  0.227503723707057E-06
 0.260000E+02  0.236824213007360E-05  0.415265261095453E-07  0.163845937768963E-06
 0.270000E+02  0.170332306848914E-05  0.229531845869456E-07  0.125388053648368E-06
 0.280000E+02  0.131491758029338E-05  0.168800850291941E-07  0.912050843880803E-07
 0.290000E+02  0.124907424113528E-05  0.177127385578670E-07  0.866218661009846E-07
 0.300000E+02  0.933928912671067E-06  0.125866317667901E-07  0.558513541665251E-07
 0.310000E+02  0.842675341574868E-06  0.947713378547698E-08  0.517472601147245E-07
 0.320000E+02  0.617796605755521E-06  0.641886694740645E-08  0.399729818685406E-07
 0.330000E+02  0.530297570406689E-06  0.602445709396954E-08  0.311801716191065E-07
 0.340000E+02  0.470565146180618E-06  0.407250579602652E-08  0.292581898474545E-07
 0.350000E+02  0.339150880206467E-06  0.335199759712612E-08  0.202842863410938E-07
 0.360000E+02  0.320109098589715E-06  0.258980228996547E-08  0.196075648641156E-07
 0.370000E+02  0.249518493340666E-06  0.190349797375523E-08  0.153752400093858E-07
 0.380000E+02  0.225828606965299E-06  0.212475794550843E-08  0.125585922564064E-07
 0.390000E+02  0.174944212427046E-06  0.131809117677321E-08  0.982295491773260E-08
 0.400000E+02  0.134392783511895E-06  0.104713603118644E-08  0.679665850692384E-08
 0.410000E+02  0.134296700629283E-06  0.109123441959137E-08  0.709576620426750E-08
 0.420000E+02  0.100441336157812E-06  0.858236303131045E-09  0.519673053214439E-08
 0.430000E+02  0.904859571506695E-07  0.745281472732567E-09  0.474665370015984E-08
 0.440000E+02  0.680822821669296E-07  0.604273911221615E-09  0.345129472329136E-08
 0.450000E+02  0.574600162243087E-07  0.466086032849890E-09  0.316162442266261E-08
 0.460000E+02  0.526017049446135E-07  0.440725715663754E-09  0.238492318870519E-08
 0.470000E+02  0.396966402816889E-07  0.353564493567936E-09  0.194158674534051E-08
 0.480000E+02  0.373608117789168E-07  0.299258220685413E-09  0.201001684833066E-08
 0.490000E+02  0.299109081900608E-07  0.271531406689301E-09  0.129073234904548E-08
 0.500000E+02  0.259663684041757E-07  0.201626639111119E-09  0.120017309975568E-08
 0.510000E+02  0.213119941998781E-07  0.177419223939894E-09  0.910842135089483E-09
 0.520000E+02  0.169259367237021E-07  0.120329548137631E-09  0.640491525638225E-09
 0.530000E+02  0.158548308421418E-07  0.118845712171190E-09  0.670788384269273E-09
 0.540000E+02  0.119750417788796E-07  0.868354164164811E-10  0.461282227523410E-09
 0.550000E+02  0.118668953467621E-07  0.104748812556244E-09  0.512170702910430E-09
 0.560000E+02  0.875428169362694E-08  0.875518374850625E-10  0.456282747647876E-09
 0.570000E+02  0.764677639610439E-08  0.833668808776498E-10  0.357865077607669E-09
 0.580000E+02  0.648559093718416E-08  0.683933061120630E-10  0.344675592022647E-09
 0.590000E+02  0.567351870473644E-08  0.681433454631687E-10  0.311315231505949E-09
 0.600000E+02  0.515734577154907E-08  0.696566584969884E-10  0.259405071216667E-09
 0.610000E+02  0.456055831677164E-08  0.938050723548991E-10  0.346041353730553E-09
 0.620000E+02  0.421461006217051E-08  0.101206505176950E-09  0.403432819787907E-09
 0.630000E+02  0.362215030485084E-08  0.127145472501138E-09  0.874009234775422E-09
 0.640000E+02  0.469629082800946E-12  0.771127987039908E-13  0.392516284096955E-12
 0.650000E+02  0.000000000000000E+00  0.000000000000000E+00  0.000000000000000E+00
 0.660000E+02  0.000000000000000E+00  0.000000000000000E+00  0.000000000000000E+00
 0.670000E+02  0.000000000000000E+00  0.000000000000000E+00  0.000000000000000E+00
 0.680000E+02  0.000000000000000E+00  0.000000000000000E+00  0.000000000000000E+00
 0.690000E+02  0.000000000000000E+00  0.000000000000000E+00  0.000000000000000E+00
 0.700000E+02  0.000000000000000E+00  0.000000000000000E+00  0.000000000000000E+00
 0.710000E+02  0.000000000000000E+00  0.000000000000000E+00  0.000000000000000E+00
 0.720000E+02  0.000000000000000E+00  0.000000000000000E+00  0.000000000000000E+00
 0.730000E+02  0.000000000000000E+00  0.000000000000000E+00  0.000000000000000E+00
 0.740000E+02  0.000000000000000E+00  0.000000000000000E+00  0.000000000000000E+00
 0.750000E+02  0.000000000000000E+00  0.000000000000000E+00  0.000000000000000E+00
 0.760000E+02  0.000000000000000E+00  0.000000000000000E+00  0.000000000000000E+00
 0.770000E+02  0.000000000000000E+00  0.000000000000000E+00  0.000000000000000E+00
 0.780000E+02  0.000000000000000E+00  0.000000000000000E+00  0.000000000000000E+00
 0.790000E+02  0.000000000000000E+00  0.000000000000000E+00  0.000000000000000E+00
 0.800000E+02  0.000000000000000E+00  0.000000000000000E+00  0.000000000000000E+00
 0.810000E+02  0.000000000000000E+00  0.000000000000000E+00  0.000000000000000E+00
 0.820000E+02  0.000000000000000E+00  0.000000000000000E+00  0.000000000000000E+00
 0.830000E+02  0.000000000000000E+00  0.000000000000000E+00  0.000000000000000E+00
 0.840000E+02  0.000000000000000E+00  0.000000000000000E+00  0.000000000000000E+00
 0.850000E+02  0.000000000000000E+00  0.000000000000000E+00  0.000000000000000E+00
 0.860000E+02  0.000000000000000E+00  0.000000000000000E+00  0.000000000000000E+00
 0.870000E+02  0.000000000000000E+00  0.000000000000000E+00  0.000000000000000E+00
 0.880000E+02  0.000000000000000E+00  0.000000000000000E+00  0.000000000000000E+00
 0.890000E+02  0.000000000000000E+00  0.000000000000000E+00  0.000000000000000E+00
 0.900000E+02  0.000000000000000E+00  0.000000000000000E+00  0.000000000000000E+00
 0.910000E+02  0.000000000000000E+00  0.000000000000000E+00  0.000000000000000E+00
 0.920000E+02  0.000000000000000E+00  0.000000000000000E+00  0.000000000000000E+00
 0.930000E+02  0.000000000000000E+00  0.000000000000000E+00  0.000000000000000E+00
 0.940000E+02  0.000000000000000E+00  0.000000000000000E+00  0.000000000000000E+00
 0.950000E+02  0.000000000000000E+00  0.000000000000000E+00  0.000000000000000E+00
 0.960000E+02  0.000000000000000E+00  0.000000000000000E+00  0.000000000000000E+00
