 0.000000E+00  0.00000000000000E+00  0.00000000000000E+00  0.00000000000000E+00
 0.500000E-01  0.22620993770765E-04  0.15894205357190E-03  0.00000000000000E+00
 0.100000E+00  0.30875603492843E-03  0.22091591946780E-02  0.00000000000000E+00
 0.150000E+00  0.12568643814986E-02  0.91906252821442E-02  0.00000000000000E+00
 0.200000E+00  0.29988316757555E-02  0.22518475179502E-01  0.00000000000000E+00
 0.250000E+00  0.51650694323017E-02  0.40084429637433E-01  0.00000000000000E+00
 0.300000E+00  0.70324276275848E-02  0.56870507375249E-01  0.00000000000000E+00
 0.350000E+00  0.79682150222477E-02  0.67753838171620E-01  0.00000000000000E+00
 0.400000E+00  0.78837333559343E-02  0.70758201320886E-01  0.00000000000000E+00
 0.450000E+00  0.73904270537919E-02  0.68652472793546E-01  0.00000000000000E+00
 0.500000E+00  0.75260881611709E-02  0.67738893714842E-01  0.00000000000000E+00
 0.550000E+00  0.90976652170728E-02  0.73702050975164E-01  0.00000000000000E+00
 0.600000E+00  0.11784676284510E-01  0.85476186403526E-01  0.00000000000000E+00
 0.650000E+00  0.14180322339211E-01  0.95576569155430E-01  0.00000000000000E+00
 0.700000E+00  0.14671761019049E-01  0.95142624327623E-01  0.00000000000000E+00
 0.750000E+00  0.12532716563430E-01  0.80313621863579E-01  0.00000000000000E+00
 0.800000E+00  0.85508490734356E-02  0.56072109072030E-01  0.00000000000000E+00
 0.850000E+00  0.47559683334571E-02  0.34798428432181E-01  0.00000000000000E+00
 0.900000E+00  0.33602473479316E-02  0.29935061946678E-01  0.00000000000000E+00
 0.950000E+00  0.55107097398235E-02  0.48233383400897E-01  0.00000000000000E+00
 0.100000E+01  0.10588011066041E-01  0.85174104232274E-01  0.00000000000000E+00
 0.105000E+01  0.16388817772870E-01  0.12579171242789E+00  0.00000000000000E+00
 0.110000E+01  0.19983621114583E-01  0.14982773996384E+00  0.00000000000000E+00
 0.115000E+01  0.19426841614558E-01  0.14387916143766E+00  0.00000000000000E+00
 0.120000E+01  0.14932729520682E-01  0.11009133897380E+00  0.00000000000000E+00
 0.125000E+01  0.87908066356129E-02  0.65889206921458E-01  0.00000000000000E+00
 0.130000E+01  0.41011255886056E-02  0.34871254442010E-01  0.00000000000000E+00
 0.135000E+01  0.30657598949894E-02  0.33859496312088E-01  0.00000000000000E+00
 0.140000E+01  0.58340816751468E-02  0.63549798017941E-01  0.00000000000000E+00
 0.145000E+01  0.10562836250784E-01  0.10831532399058E+00  0.00000000000000E+00
 0.150000E+01  0.14622856738239E-01  0.14546922972833E+00  0.00000000000000E+00
 0.155000E+01  0.16136115252043E-01  0.15810778020130E+00  0.00000000000000E+00
 0.160000E+01  0.14760640822535E-01  0.14284389870408E+00  0.00000000000000E+00
 0.165000E+01  0.11731906220312E-01  0.11179243138120E+00  0.00000000000000E+00
 0.170000E+01  0.90215856025269E-02  0.85578376756223E-01  0.00000000000000E+00
 0.175000E+01  0.81321706988172E-02  0.81145976827077E-01  0.00000000000000E+00
 0.180000E+01  0.92798395091916E-02  0.10174070077022E+00  0.00000000000000E+00
 0.185000E+01  0.11428247306621E-01  0.13508497279961E+00  0.00000000000000E+00
 0.190000E+01  0.13103270388020E-01  0.16106097660317E+00  0.00000000000000E+00
 0.195000E+01  0.13441939920262E-01  0.16453824561288E+00  0.00000000000000E+00
 0.200000E+01  0.12797762470220E-01  0.14566926519594E+00  0.00000000000000E+00
 0.205000E+01  0.12429915672713E-01  0.12055398194262E+00  0.00000000000000E+00
 0.210000E+01  0.13287313864373E-01  0.11005859271987E+00  0.00000000000000E+00
 0.215000E+01  0.15298740225115E-01  0.12712439473361E+00  0.00000000000000E+00
 0.220000E+01  0.17422107318109E-01  0.16865145156664E+00  0.00000000000000E+00
 0.225000E+01  0.18345678831795E-01  0.21667966873216E+00  0.00000000000000E+00
 0.230000E+01  0.17407251858780E-01  0.24888543956714E+00  0.00000000000000E+00
 0.235000E+01  0.15126089322766E-01  0.25252350099858E+00  0.00000000000000E+00
 0.240000E+01  0.12986237563873E-01  0.23336420086867E+00  0.00000000000000E+00
 0.245000E+01  0.12582881542172E-01  0.21356942876233E+00  0.00000000000000E+00
 0.250000E+01  0.14650407787807E-01  0.21886576990934E+00  0.00000000000000E+00
 0.255000E+01  0.18481009803901E-01  0.26134223843991E+00  0.00000000000000E+00
 0.260000E+01  0.21954213006082E-01  0.32712209494800E+00  0.00000000000000E+00
 0.265000E+01  0.22854063857148E-01  0.38368549336008E+00  0.00000000000000E+00
 0.270000E+01  0.20304196611911E-01  0.40010896892213E+00  0.00000000000000E+00
 0.275000E+01  0.15418317013425E-01  0.36788188143099E+00  0.00000000000000E+00
 0.280000E+01  0.10785179567157E-01  0.30914550356372E+00  0.00000000000000E+00
 0.285000E+01  0.90644164155942E-02  0.26582684189884E+00  0.00000000000000E+00
 0.290000E+01  0.11511149554664E-01  0.27507110633896E+00  0.00000000000000E+00
 0.295000E+01  0.17294365740776E-01  0.34576261257341E+00  0.00000000000000E+00
 0.300000E+01  0.23999413881118E-01  0.45133885426471E+00  0.00000000000000E+00
 0.305000E+01  0.28890262002456E-01  0.54362112032795E+00  0.00000000000000E+00
 0.310000E+01  0.29982149817139E-01  0.57831374184637E+00  0.00000000000000E+00
 0.315000E+01  0.27131923155834E-01  0.54350862619748E+00  0.00000000000000E+00
 0.320000E+01  0.22140368513905E-01  0.46951596910804E+00  0.00000000000000E+00
 0.325000E+01  0.17734970308077E-01  0.41194619524239E+00  0.00000000000000E+00
 0.330000E+01  0.16072281489720E-01  0.41789213062910E+00  0.00000000000000E+00
 0.335000E+01  0.17623007879522E-01  0.49599360725225E+00  0.00000000000000E+00
 0.340000E+01  0.21060538656468E-01  0.60964031309199E+00  0.00000000000000E+00
 0.345000E+01  0.24171528155536E-01  0.69860255925623E+00  0.00000000000000E+00
 0.350000E+01  0.25211641818022E-01  0.71644089881779E+00  0.00000000000000E+00
 0.355000E+01  0.23824909004986E-01  0.65993448278878E+00  0.00000000000000E+00
 0.360000E+01  0.20952203039634E-01  0.57096525352608E+00  0.00000000000000E+00
 0.365000E+01  0.18292941921421E-01  0.51281209808491E+00  0.00000000000000E+00
 0.370000E+01  0.17282802035924E-01  0.53183323682040E+00  0.00000000000000E+00
 0.375000E+01  0.18252829786590E-01  0.62799780126633E+00  0.00000000000000E+00
 0.380000E+01  0.20305086170109E-01  0.75337066432952E+00  0.00000000000000E+00
 0.385000E+01  0.21947360261222E-01  0.84047597064573E+00  0.00000000000000E+00
 0.390000E+01  0.22072119329560E-01  0.84377252224722E+00  0.00000000000000E+00
 0.395000E+01  0.20671552161672E-01  0.76866226180527E+00  0.00000000000000E+00
 0.400000E+01  0.18858148972798E-01  0.66949171346823E+00  0.00000000000000E+00
 0.405000E+01  0.18125536814536E-01  0.61657061460291E+00  0.00000000000000E+00
 0.410000E+01  0.19202629687907E-01  0.65182683050596E+00  0.00000000000000E+00
 0.415000E+01  0.21605759800149E-01  0.76351288932903E+00  0.00000000000000E+00
 0.420000E+01  0.23913130329823E-01  0.89304772390343E+00  0.00000000000000E+00
 0.425000E+01  0.24627493578992E-01  0.97015360345311E+00  0.00000000000000E+00
 0.430000E+01  0.23126340777579E-01  0.95502367390025E+00  0.00000000000000E+00
 0.435000E+01  0.20110158820155E-01  0.86198351980726E+00  0.00000000000000E+00
 0.440000E+01  0.17265819060896E-01  0.75074220666579E+00  0.00000000000000E+00
 0.445000E+01  0.16336469967765E-01  0.69105700420112E+00  0.00000000000000E+00
 0.450000E+01  0.18144339351126E-01  0.72232962143255E+00  0.00000000000000E+00
 0.455000E+01  0.22058546913418E-01  0.83148498836864E+00  0.00000000000000E+00
 0.460000E+01  0.26080752531747E-01  0.96026262190197E+00  0.00000000000000E+00
 0.465000E+01  0.28040073841303E-01  0.10400099697036E+01  0.00000000000000E+00
 0.470000E+01  0.26885498469542E-01  0.10315250496802E+01  0.00000000000000E+00
 0.475000E+01  0.23294250905626E-01  0.94641018328972E+00  0.00000000000000E+00
 0.480000E+01  0.19271431857732E-01  0.83846686603416E+00  0.00000000000000E+00
 0.485000E+01  0.16982269665237E-01  0.77129283911187E+00  0.00000000000000E+00
 0.490000E+01  0.17513964489672E-01  0.78172466720225E+00  0.00000000000000E+00
 0.495000E+01  0.20298186346941E-01  0.86032964171588E+00  0.00000000000000E+00
 0.500000E+01  0.23522166624146E-01  0.95944201467376E+00  0.00000000000000E+00
 0.505000E+01  0.25197837958081E-01  0.10224001533128E+01  0.00000000000000E+00
 0.510000E+01  0.24155443222202E-01  0.10153605552497E+01  0.00000000000000E+00
 0.515000E+01  0.20807927079602E-01  0.94682514776369E+00  0.00000000000000E+00
 0.520000E+01  0.16932575989661E-01  0.86161364851238E+00  0.00000000000000E+00
 0.525000E+01  0.14632702810511E-01  0.81344655094065E+00  0.00000000000000E+00
 0.530000E+01  0.15140830068824E-01  0.83318702930107E+00  0.00000000000000E+00
 0.535000E+01  0.18168603147580E-01  0.91167665378911E+00  0.00000000000000E+00
 0.540000E+01  0.22167287747777E-01  0.10068052588691E+01  0.00000000000000E+00
 0.545000E+01  0.25310910887911E-01  0.10696808357200E+01  0.00000000000000E+00
 0.550000E+01  0.26588653560456E-01  0.10737283334895E+01  0.00000000000000E+00
 0.555000E+01  0.26255578942762E-01  0.10286788790864E+01  0.00000000000000E+00
 0.560000E+01  0.25227670849816E-01  0.97018281178133E+00  0.00000000000000E+00
 0.565000E+01  0.24485404599882E-01  0.93810922036042E+00  0.00000000000000E+00
 0.570000E+01  0.24537363552521E-01  0.95334821143415E+00  0.00000000000000E+00
 0.575000E+01  0.25208588021977E-01  0.10062436939601E+01  0.00000000000000E+00
 0.580000E+01  0.25878124645197E-01  0.10637459774083E+01  0.00000000000000E+00
 0.585000E+01  0.25972979618908E-01  0.10908342805323E+01  0.00000000000000E+00
 0.590000E+01  0.25385675425395E-01  0.10729892815678E+01  0.00000000000000E+00
 0.595000E+01  0.24554039484513E-01  0.10256380852716E+01  0.00000000000000E+00
 0.600000E+01  0.24168780963136E-01  0.98443870815116E+00  0.00000000000000E+00
 0.605000E+01  0.24633315345988E-01  0.98184247140619E+00  0.00000000000000E+00
 0.610000E+01  0.25565327915926E-01  0.10241816652165E+01  0.00000000000000E+00
 0.615000E+01  0.26169480317453E-01  0.10882732751616E+01  0.00000000000000E+00
 0.620000E+01  0.25800959462849E-01  0.11369466119702E+01  0.00000000000000E+00
 0.625000E+01  0.24406260292867E-01  0.11433869214518E+01  0.00000000000000E+00
 0.630000E+01  0.22616386812158E-01  0.11088944518407E+01  0.00000000000000E+00
 0.635000E+01  0.21430558720349E-01  0.10626434508500E+01  0.00000000000000E+00
 0.640000E+01  0.21673038503435E-01  0.10435432774210E+01  0.00000000000000E+00
 0.645000E+01  0.23536741788570E-01  0.10756885021585E+01  0.00000000000000E+00
 0.650000E+01  0.26471430451658E-01  0.11530007264858E+01  0.00000000000000E+00
 0.655000E+01  0.29393598663344E-01  0.12421877128759E+01  0.00000000000000E+00
 0.660000E+01  0.30992554775109E-01  0.13010496020121E+01  0.00000000000000E+00
 0.665000E+01  0.30506879307598E-01  0.13050884592627E+01  0.00000000000000E+00
 0.670000E+01  0.28178572162172E-01  0.12631141039306E+01  0.00000000000000E+00
 0.675000E+01  0.25133893212422E-01  0.12120533285087E+01  0.00000000000000E+00
 0.680000E+01  0.22794870786827E-01  0.11945754719381E+01  0.00000000000000E+00
 0.685000E+01  0.22148126630267E-01  0.12334568133207E+01  0.00000000000000E+00
 0.690000E+01  0.23276792924371E-01  0.13183783415946E+01  0.00000000000000E+00
 0.695000E+01  0.25407517967509E-01  0.14128366641042E+01  0.00000000000000E+00
 0.700000E+01  0.27426586147026E-01  0.14765124194052E+01  0.00000000000000E+00
 0.705000E+01  0.28496457128407E-01  0.14889214860677E+01  0.00000000000000E+00
 0.710000E+01  0.28328081744752E-01  0.14596721406880E+01  0.00000000000000E+00
 0.715000E+01  0.27341880503954E-01  0.14227628664614E+01  0.00000000000000E+00
 0.720000E+01  0.26409617858968E-01  0.14163258392824E+01  0.00000000000000E+00
 0.725000E+01  0.26338234853780E-01  0.14601449471967E+01  0.00000000000000E+00
 0.730000E+01  0.27428332050882E-01  0.15444985697117E+01  0.00000000000000E+00
 0.735000E+01  0.29357624458279E-01  0.16365933066771E+01  0.00000000000000E+00
 0.740000E+01  0.31439235415797E-01  0.17003991885531E+01  0.00000000000000E+00
 0.745000E+01  0.33078711013428E-01  0.17178483053266E+01  0.00000000000000E+00
 0.750000E+01  0.34139211409119E-01  0.16988041728480E+01  0.00000000000000E+00
 0.755000E+01  0.34913201633563E-01  0.16737275641867E+01  0.00000000000000E+00
 0.760000E+01  0.35582625617138E-01  0.16730407424180E+01  0.00000000000000E+00
 0.765000E+01  0.36075118293887E-01  0.17102266965359E+01  0.00000000000000E+00
 0.770000E+01  0.36161210162934E-01  0.17759614616463E+01  0.00000000000000E+00
 0.775000E+01  0.35682560977205E-01  0.18453614547277E+01  0.00000000000000E+00
 0.780000E+01  0.34768951887154E-01  0.18932758642637E+01  0.00000000000000E+00
 0.785000E+01  0.33872136021392E-01  0.19083324093694E+01  0.00000000000000E+00
 0.790000E+01  0.33569518278991E-01  0.18982589978276E+01  0.00000000000000E+00
 0.795000E+01  0.34250198892264E-01  0.18845585724752E+01  0.00000000000000E+00
 0.800000E+01  0.35881454955758E-01  0.18903367505567E+01  0.00000000000000E+00
 0.805000E+01  0.37949040829455E-01  0.19276387300224E+01  0.00000000000000E+00
 0.810000E+01  0.39498417934349E-01  0.19898780010156E+01  0.00000000000000E+00
 0.815000E+01  0.39661213819049E-01  0.20564241203557E+01  0.00000000000000E+00
 0.820000E+01  0.38171041332702E-01  0.21052058642596E+01  0.00000000000000E+00
 0.825000E+01  0.35547520085366E-01  0.21259366926249E+01  0.00000000000000E+00
 0.830000E+01  0.32864416651306E-01  0.21263743197443E+01  0.00000000000000E+00
 0.835000E+01  0.31233655960172E-01  0.21277883635045E+01  0.00000000000000E+00
 0.840000E+01  0.31294932693043E-01  0.21523528979641E+01  0.00000000000000E+00
 0.845000E+01  0.32983363913695E-01  0.22100594712997E+01  0.00000000000000E+00
 0.850000E+01  0.35673881485453E-01  0.22928392016994E+01  0.00000000000000E+00
 0.855000E+01  0.38516054874867E-01  0.23786403201181E+01  0.00000000000000E+00
 0.860000E+01  0.40604015964072E-01  0.24416525761363E+01  0.00000000000000E+00
 0.865000E+01  0.41354141073917E-01  0.24668361219435E+01  0.00000000000000E+00
 0.870000E+01  0.40744269500072E-01  0.24585433593074E+01  0.00000000000000E+00
 0.875000E+01  0.39275273925886E-01  0.24375664717403E+01  0.00000000000000E+00
 0.880000E+01  0.37714972621660E-01  0.24287195668052E+01  0.00000000000000E+00
 0.885000E+01  0.36766726630112E-01  0.24464740177875E+01  0.00000000000000E+00
 0.890000E+01  0.36825914735690E-01  0.24872105701735E+01  0.00000000000000E+00
 0.895000E+01  0.37916713449164E-01  0.25327046699181E+01  0.00000000000000E+00
 0.900000E+01  0.39793039773102E-01  0.25623484561068E+01  0.00000000000000E+00
 0.905000E+01  0.42022287446656E-01  0.25654744335267E+01  0.00000000000000E+00
 0.910000E+01  0.43838987485356E-01  0.25451878851365E+01  0.00000000000000E+00
 0.915000E+01  0.44536983535155E-01  0.25172992679754E+01  0.00000000000000E+00
 0.920000E+01  0.43923369262899E-01  0.25029530938445E+01  0.00000000000000E+00
 0.925000E+01  0.42525657979144E-01  0.25186134448342E+01  0.00000000000000E+00
 0.930000E+01  0.41430082629114E-01  0.25688206781451E+01  0.00000000000000E+00
 0.935000E+01  0.41790968965722E-01  0.26451447846356E+01  0.00000000000000E+00
 0.940000E+01  0.44251354444688E-01  0.27313230443493E+01  0.00000000000000E+00
 0.945000E+01  0.48587863027895E-01  0.28112655881195E+01  0.00000000000000E+00
 0.950000E+01  0.53784539508675E-01  0.28756421285206E+01  0.00000000000000E+00
 0.955000E+01  0.58395154398322E-01  0.29235558715974E+01  0.00000000000000E+00
 0.960000E+01  0.60837177863054E-01  0.29584902222834E+01  0.00000000000000E+00
 0.965000E+01  0.60337976895278E-01  0.29887304449048E+01  0.00000000000000E+00
 0.970000E+01  0.57513215296436E-01  0.30268086242628E+01  0.00000000000000E+00
 0.975000E+01  0.54129190382901E-01  0.30857580020736E+01  0.00000000000000E+00
 0.980000E+01  0.52200006487124E-01  0.31729901395917E+01  0.00000000000000E+00
 0.985000E+01  0.52936283775072E-01  0.32851426378610E+01  0.00000000000000E+00
 0.990000E+01  0.56157653302621E-01  0.34079615049847E+01  0.00000000000000E+00
 0.995000E+01  0.60493364690531E-01  0.35225612693822E+01  0.00000000000000E+00
 0.100000E+02  0.64221201931917E-01  0.36151248129203E+01  0.00000000000000E+00
 0.100500E+02  0.66162417228301E-01  0.36838784683332E+01  0.00000000000000E+00
 0.101000E+02  0.66002733938117E-01  0.37378272963492E+01  0.00000000000000E+00
 0.101500E+02  0.64386913183747E-01  0.37923612477969E+01  0.00000000000000E+00
 0.102000E+02  0.62507687818044E-01  0.38618141929463E+01  0.00000000000000E+00
 0.102500E+02  0.61442827746063E-01  0.39527979426884E+01  0.00000000000000E+00
 0.103000E+02  0.61655079768136E-01  0.40619930299998E+01  0.00000000000000E+00
 0.103500E+02  0.62909075575187E-01  0.41790022618505E+01  0.00000000000000E+00
 0.104000E+02  0.64602163683485E-01  0.42923808835709E+01  0.00000000000000E+00
 0.104500E+02  0.66269331573459E-01  0.43957980103499E+01  0.00000000000000E+00
 0.105000E+02  0.67934090592159E-01  0.44914197309370E+01  0.00000000000000E+00
 0.105500E+02  0.69998292071876E-01  0.45878552932960E+01  0.00000000000000E+00
 0.106000E+02  0.72527930080416E-01  0.46915039703176E+01  0.00000000000000E+00
 0.106500E+02  0.74982575179956E-01  0.48006985276797E+01  0.00000000000000E+00
 0.107000E+02  0.76453162007342E-01  0.49045521620811E+01  0.00000000000000E+00
 0.107500E+02  0.76215770647628E-01  0.49877962563872E+01  0.00000000000000E+00
 0.108000E+02  0.74279496923175E-01  0.50400530054599E+01  0.00000000000000E+00
 0.108500E+02  0.71563604468110E-01  0.50644756465432E+01  0.00000000000000E+00
 0.109000E+02  0.69548267154566E-01  0.50798806579426E+01  0.00000000000000E+00
 0.109500E+02  0.69556228612682E-01  0.51138337153162E+01  0.00000000000000E+00
 0.110000E+02  0.72056695494780E-01  0.51901409981101E+01  0.00000000000000E+00
 0.110500E+02  0.76298470917886E-01  0.53172471374575E+01  0.00000000000000E+00
 0.111000E+02  0.80303398130091E-01  0.54820377461823E+01  0.00000000000000E+00
 0.111500E+02  0.81974891596962E-01  0.56564734934233E+01  0.00000000000000E+00
 0.112000E+02  0.80446653543628E-01  0.58123328786224E+01  0.00000000000000E+00
 0.112500E+02  0.76725427606188E-01  0.59349281383430E+01  0.00000000000000E+00
 0.113000E+02  0.73235362416524E-01  0.60289034761153E+01  0.00000000000000E+00
 0.113500E+02  0.72500612168323E-01  0.61132921124369E+01  0.00000000000000E+00
 0.114000E+02  0.75722566540321E-01  0.62090952891550E+01  0.00000000000000E+00
 0.114500E+02  0.82081274843250E-01  0.63269053567005E+01  0.00000000000000E+00
 0.115000E+02  0.89170730316456E-01  0.64619031514566E+01  0.00000000000000E+00
 0.115500E+02  0.94192217699863E-01  0.65971801900333E+01  0.00000000000000E+00
 0.116000E+02  0.95046271413941E-01  0.67113905261454E+01  0.00000000000000E+00
 0.116500E+02  0.91589357384156E-01  0.67937652856510E+01  0.00000000000000E+00
 0.117000E+02  0.85829072520692E-01  0.68522354566116E+01  0.00000000000000E+00
 0.117500E+02  0.80892879816947E-01  0.69097909593384E+01  0.00000000000000E+00
 0.118000E+02  0.79412239345712E-01  0.69924404731588E+01  0.00000000000000E+00
 0.118500E+02  0.82227761074940E-01  0.71153124053939E+01  0.00000000000000E+00
 0.119000E+02  0.88111497967930E-01  0.72744307206300E+01  0.00000000000000E+00
 0.119500E+02  0.94595149486421E-01  0.74487664068851E+01  0.00000000000000E+00
 0.120000E+02  0.99364183869229E-01  0.76105498173596E+01  0.00000000000000E+00
 0.120500E+02  0.10129568346831E+00  0.77366972073629E+01  0.00000000000000E+00
 0.121000E+02  0.10040633149311E+00  0.78142578708305E+01  0.00000000000000E+00
 0.121500E+02  0.97625542320009E-01  0.78442778876167E+01  0.00000000000000E+00
 0.122000E+02  0.94254763006629E-01  0.78395752481590E+01  0.00000000000000E+00
 0.122500E+02  0.91378474201368E-01  0.78173818959405E+01  0.00000000000000E+00
 0.123000E+02  0.89555153032998E-01  0.77913645784918E+01  0.00000000000000E+00
 0.123500E+02  0.88871737580704E-01  0.77671399269000E+01  0.00000000000000E+00
 0.124000E+02  0.89221717046606E-01  0.77430100399453E+01  0.00000000000000E+00
 0.124500E+02  0.90550871289362E-01  0.77147353171601E+01  0.00000000000000E+00
 0.125000E+02  0.92878959396700E-01  0.76807385173108E+01  0.00000000000000E+00
 0.125500E+02  0.95985248993183E-01  0.76432636683023E+01  0.00000000000000E+00
 0.126000E+02  0.98770765752301E-01  0.76032139392173E+01  0.00000000000000E+00
 0.126500E+02  0.99695722842459E-01  0.75597756565697E+01  0.00000000000000E+00
 0.127000E+02  0.97767769590651E-01  0.75126329757125E+01  0.00000000000000E+00
 0.127500E+02  0.93316722063152E-01  0.74648382916807E+01  0.00000000000000E+00
 0.128000E+02  0.88059816992043E-01  0.74245780923825E+01  0.00000000000000E+00
 0.128500E+02  0.84345377441307E-01  0.74038804505139E+01  0.00000000000000E+00
 0.129000E+02  0.83967831724737E-01  0.74140475369833E+01  0.00000000000000E+00
 0.129500E+02  0.87220956107198E-01  0.74600478641001E+01  0.00000000000000E+00
 0.130000E+02  0.92730176439765E-01  0.75370211351481E+01  0.00000000000000E+00
 0.130500E+02  0.98047892361225E-01  0.76302453816063E+01  0.00000000000000E+00
 0.131000E+02  0.10051126954336E+00  0.77176842719063E+01  0.00000000000000E+00
 0.131500E+02  0.98700479155417E-01  0.77804257081931E+01  0.00000000000000E+00
 0.132000E+02  0.93239774798995E-01  0.78126414228301E+01  0.00000000000000E+00
 0.132500E+02  0.86440131084877E-01  0.78256731340409E+01  0.00000000000000E+00
 0.133000E+02  0.81071881494737E-01  0.78445887062010E+01  0.00000000000000E+00
 0.133500E+02  0.78978692258155E-01  0.78980018648980E+01  0.00000000000000E+00
 0.134000E+02  0.80293872397468E-01  0.80055861040140E+01  0.00000000000000E+00
 0.134500E+02  0.83644759026233E-01  0.81694652262162E+01  0.00000000000000E+00
 0.135000E+02  0.87150354565428E-01  0.83738751709822E+01  0.00000000000000E+00
 0.135500E+02  0.89511016375241E-01  0.85921876195721E+01  0.00000000000000E+00
 0.136000E+02  0.90414162250152E-01  0.87961275929371E+01  0.00000000000000E+00
 0.136500E+02  0.90463215510541E-01  0.89669406598425E+01  0.00000000000000E+00
 0.137000E+02  0.90600677103237E-01  0.91013712434026E+01  0.00000000000000E+00
 0.137500E+02  0.91423517431921E-01  0.92103951885716E+01  0.00000000000000E+00
 0.138000E+02  0.92849193752541E-01  0.93116194606874E+01  0.00000000000000E+00
 0.138500E+02  0.94304394724716E-01  0.94191529963265E+01  0.00000000000000E+00
 0.139000E+02  0.95253761634069E-01  0.95363921914335E+01  0.00000000000000E+00
 0.139500E+02  0.95667351184755E-01  0.96554437838591E+01  0.00000000000000E+00
 0.140000E+02  0.96085991629330E-01  0.97631160140078E+01  0.00000000000000E+00
 0.140500E+02  0.97173323378678E-01  0.98485895399648E+01  0.00000000000000E+00
 0.141000E+02  0.98908752203891E-01  0.99068496946829E+01  0.00000000000000E+00
 0.141500E+02  0.10038078307932E+00  0.99397333120580E+01  0.00000000000000E+00
 0.142000E+02  0.10025104083874E+00  0.99536773985021E+01  0.00000000000000E+00
 0.142500E+02  0.97603452951625E-01  0.99563654812548E+01  0.00000000000000E+00
 0.143000E+02  0.92669720839343E-01  0.99546517444908E+01  0.00000000000000E+00
 0.143500E+02  0.86930368829818E-01  0.99537209157373E+01  0.00000000000000E+00
 0.144000E+02  0.82463063079965E-01  0.99562345088660E+01  0.00000000000000E+00
 0.144500E+02  0.80890390510206E-01  0.99615967507876E+01  0.00000000000000E+00
 0.145000E+02  0.82542601007020E-01  0.99663536959916E+01  0.00000000000000E+00
 0.145500E+02  0.86252097988615E-01  0.99650398793903E+01  0.00000000000000E+00
 0.146000E+02  0.89677818136757E-01  0.99490611500424E+01  0.00000000000000E+00
 0.146500E+02  0.90480964759036E-01  0.99089780083829E+01  0.00000000000000E+00
 0.147000E+02  0.87632120881438E-01  0.98383258226170E+01  0.00000000000000E+00
 0.147500E+02  0.82031978276828E-01  0.97369273730580E+01  0.00000000000000E+00
 0.148000E+02  0.76084163689550E-01  0.96115803847155E+01  0.00000000000000E+00
 0.148500E+02  0.72442122568567E-01  0.94734088219190E+01  0.00000000000000E+00
 0.149000E+02  0.72633264791387E-01  0.93332898924176E+01  0.00000000000000E+00
 0.149500E+02  0.76330533042056E-01  0.91976487009199E+01  0.00000000000000E+00
 0.150000E+02  0.81652297405576E-01  0.90663590219721E+01  0.00000000000000E+00
 0.150500E+02  0.86156702676443E-01  0.89327459345555E+01  0.00000000000000E+00
 0.151000E+02  0.87682681447815E-01  0.87844040165248E+01  0.00000000000000E+00
 0.151500E+02  0.85443680693828E-01  0.86114279854492E+01  0.00000000000000E+00
 0.152000E+02  0.80480187540181E-01  0.84142007971864E+01  0.00000000000000E+00
 0.152500E+02  0.75081113462542E-01  0.82054504147483E+01  0.00000000000000E+00
 0.153000E+02  0.71549707713102E-01  0.80055314170073E+01  0.00000000000000E+00
 0.153500E+02  0.71029570494648E-01  0.78335374305229E+01  0.00000000000000E+00
 0.154000E+02  0.73049108489919E-01  0.76990780500047E+01  0.00000000000000E+00
 0.154500E+02  0.75997022793455E-01  0.75989671941056E+01  0.00000000000000E+00
 0.155000E+02  0.78187981272820E-01  0.75203050142876E+01  0.00000000000000E+00
 0.155500E+02  0.78767937283136E-01  0.74473537473462E+01  0.00000000000000E+00
 0.156000E+02  0.77777240254832E-01  0.73672597672364E+01  0.00000000000000E+00
 0.156500E+02  0.75976596422929E-01  0.72758028953316E+01  0.00000000000000E+00
 0.157000E+02  0.74323895030266E-01  0.71775768338543E+01  0.00000000000000E+00
 0.157500E+02  0.73409162556051E-01  0.70815077249398E+01  0.00000000000000E+00
 0.158000E+02  0.73227242149088E-01  0.69954354231965E+01  0.00000000000000E+00
 0.158500E+02  0.73390946635112E-01  0.69226827492612E+01  0.00000000000000E+00
 0.159000E+02  0.73585764736871E-01  0.68616341442909E+01  0.00000000000000E+00
 0.159500E+02  0.73910302273364E-01  0.68077445405498E+01  0.00000000000000E+00
 0.160000E+02  0.74840884446208E-01  0.67566286670713E+01  0.00000000000000E+00
 0.160500E+02  0.76750509831681E-01  0.67059614509183E+01  0.00000000000000E+00
 0.161000E+02  0.79188178039934E-01  0.66544975964807E+01  0.00000000000000E+00
 0.161500E+02  0.81002850713288E-01  0.66027825452973E+01  0.00000000000000E+00
 0.162000E+02  0.80946519404707E-01  0.65523736837802E+01  0.00000000000000E+00
 0.162500E+02  0.78427554570975E-01  0.65047947096061E+01  0.00000000000000E+00
 0.163000E+02  0.73990410449186E-01  0.64612187578419E+01  0.00000000000000E+00
 0.163500E+02  0.69185298969695E-01  0.64226106651492E+01  0.00000000000000E+00
 0.164000E+02  0.65851045499345E-01  0.63898858281962E+01  0.00000000000000E+00
 0.164500E+02  0.65198561521057E-01  0.63638533592693E+01  0.00000000000000E+00
 0.165000E+02  0.67218893040831E-01  0.63448442643135E+01  0.00000000000000E+00
 0.165500E+02  0.70720214628997E-01  0.63317068619356E+01  0.00000000000000E+00
 0.166000E+02  0.73850575266539E-01  0.63195784157838E+01  0.00000000000000E+00
 0.166500E+02  0.75025069952058E-01  0.63010280830012E+01  0.00000000000000E+00
 0.167000E+02  0.73713597478802E-01  0.62703480494628E+01  0.00000000000000E+00
 0.167500E+02  0.70672473557740E-01  0.62282352040215E+01  0.00000000000000E+00
 0.168000E+02  0.67494138075500E-01  0.61832924291627E+01  0.00000000000000E+00
 0.168500E+02  0.65732749308661E-01  0.61484732864296E+01  0.00000000000000E+00
 0.169000E+02  0.66115908978938E-01  0.61340716983818E+01  0.00000000000000E+00
 0.169500E+02  0.68291870313936E-01  0.61414736913041E+01  0.00000000000000E+00
 0.170000E+02  0.71222951795349E-01  0.61616977919195E+01  0.00000000000000E+00
 0.170500E+02  0.73874865480864E-01  0.61792494619990E+01  0.00000000000000E+00
 0.171000E+02  0.75552113701538E-01  0.61777168897180E+01  0.00000000000000E+00
 0.171500E+02  0.76057382598721E-01  0.61478984240315E+01  0.00000000000000E+00
 0.172000E+02  0.75596024957285E-01  0.60921978674938E+01  0.00000000000000E+00
 0.172500E+02  0.74485244527049E-01  0.60224334747665E+01  0.00000000000000E+00
 0.173000E+02  0.72909459061533E-01  0.59532287797506E+01  0.00000000000000E+00
 0.173500E+02  0.70889879521054E-01  0.58953459838386E+01  0.00000000000000E+00
 0.174000E+02  0.68462410924514E-01  0.58524726009273E+01  0.00000000000000E+00
 0.174500E+02  0.65895940646292E-01  0.58223304914909E+01  0.00000000000000E+00
 0.175000E+02  0.63747321922225E-01  0.58006304061452E+01  0.00000000000000E+00
 0.175500E+02  0.62617144672513E-01  0.57847266946507E+01  0.00000000000000E+00
 0.176000E+02  0.62628567267655E-01  0.57738213015890E+01  0.00000000000000E+00
 0.176500E+02  0.63252749932436E-01  0.57687230421266E+01  0.00000000000000E+00
 0.177000E+02  0.63532825008892E-01  0.57701997132986E+01  0.00000000000000E+00
 0.177500E+02  0.62636818261856E-01  0.57776920898172E+01  0.00000000000000E+00
 0.178000E+02  0.60440473447269E-01  0.57898654533661E+01  0.00000000000000E+00
 0.178500E+02  0.57754627594408E-01  0.58066409055460E+01  0.00000000000000E+00
 0.179000E+02  0.55999633242909E-01  0.58308628169892E+01  0.00000000000000E+00
 0.179500E+02  0.56467012339494E-01  0.58678689582078E+01  0.00000000000000E+00
 0.180000E+02  0.59582474500069E-01  0.59228279270358E+01  0.00000000000000E+00
 0.180500E+02  0.64541873059521E-01  0.59966890184332E+01  0.00000000000000E+00
 0.181000E+02  0.69367515659873E-01  0.60815522445448E+01  0.00000000000000E+00
 0.181500E+02  0.71882933000636E-01  0.61631459868695E+01  0.00000000000000E+00
 0.182000E+02  0.70958128485149E-01  0.62279070496246E+01  0.00000000000000E+00
 0.182500E+02  0.67206692983700E-01  0.62700798174255E+01  0.00000000000000E+00
 0.183000E+02  0.62711392030310E-01  0.62950811624570E+01  0.00000000000000E+00
 0.183500E+02  0.59915205095845E-01  0.63169652577070E+01  0.00000000000000E+00
 0.184000E+02  0.60321255137100E-01  0.63509322545455E+01  0.00000000000000E+00
 0.184500E+02  0.63760664712204E-01  0.64048968899834E+01  0.00000000000000E+00
 0.185000E+02  0.68633824260994E-01  0.64751594794737E+01  0.00000000000000E+00
 0.185500E+02  0.72810518296061E-01  0.65478632753982E+01  0.00000000000000E+00
 0.186000E+02  0.74420000059312E-01  0.66033429559672E+01  0.00000000000000E+00
 0.186500E+02  0.72961479462093E-01  0.66277953002852E+01  0.00000000000000E+00
 0.187000E+02  0.69633114870407E-01  0.66221106235535E+01  0.00000000000000E+00
 0.187500E+02  0.66625321462603E-01  0.66023378298055E+01  0.00000000000000E+00
 0.188000E+02  0.65878459169072E-01  0.65919738173685E+01  0.00000000000000E+00
 0.188500E+02  0.68042198821078E-01  0.66104153958884E+01  0.00000000000000E+00
 0.189000E+02  0.72209015585848E-01  0.66641456252391E+01  0.00000000000000E+00
 0.189500E+02  0.76510680489133E-01  0.67455760819117E+01  0.00000000000000E+00
 0.190000E+02  0.79174115179245E-01  0.68393146182850E+01  0.00000000000000E+00
 0.190500E+02  0.79301092097672E-01  0.69301636632697E+01  0.00000000000000E+00
 0.191000E+02  0.76925002868671E-01  0.70070785898129E+01  0.00000000000000E+00
 0.191500E+02  0.73171473983028E-01  0.70675345929141E+01  0.00000000000000E+00
 0.192000E+02  0.69693652454173E-01  0.71166989474601E+01  0.00000000000000E+00
 0.192500E+02  0.67768525939452E-01  0.71625531576106E+01  0.00000000000000E+00
 0.193000E+02  0.67660229659891E-01  0.72106689471079E+01  0.00000000000000E+00
 0.193500E+02  0.68612989803627E-01  0.72616565035161E+01  0.00000000000000E+00
 0.194000E+02  0.69452814236026E-01  0.73125435795826E+01  0.00000000000000E+00
 0.194500E+02  0.69408399232466E-01  0.73610237645924E+01  0.00000000000000E+00
 0.195000E+02  0.68632894895795E-01  0.74093034425428E+01  0.00000000000000E+00
 0.195500E+02  0.68040318831888E-01  0.74634634929247E+01  0.00000000000000E+00
 0.196000E+02  0.68482652301844E-01  0.75267091696802E+01  0.00000000000000E+00
 0.196500E+02  0.70177334612101E-01  0.75956217568571E+01  0.00000000000000E+00
 0.197000E+02  0.72497638514196E-01  0.76605056636118E+01  0.00000000000000E+00
 0.197500E+02  0.74314717606219E-01  0.77099424483836E+01  0.00000000000000E+00
 0.198000E+02  0.74717899605444E-01  0.77370122028476E+01  0.00000000000000E+00
 0.198500E+02  0.73642402385904E-01  0.77433379066057E+01  0.00000000000000E+00
 0.199000E+02  0.71978187493247E-01  0.77385152700244E+01  0.00000000000000E+00
 0.199500E+02  0.71063130274676E-01  0.77351656251607E+01  0.00000000000000E+00
 0.200000E+02  0.71862724759662E-01  0.77423400091063E+01  0.00000000000000E+00
 0.200500E+02  0.74263936864270E-01  0.77601184673697E+01  0.00000000000000E+00
 0.201000E+02  0.76828635504742E-01  0.77770061075819E+01  0.00000000000000E+00
 0.201500E+02  0.77731808175408E-01  0.77774657560530E+01  0.00000000000000E+00
 0.202000E+02  0.75922250882430E-01  0.77514713169822E+01  0.00000000000000E+00
 0.202500E+02  0.71805173471011E-01  0.77005345444796E+01  0.00000000000000E+00
 0.203000E+02  0.67072751342900E-01  0.76376244808851E+01  0.00000000000000E+00
 0.203500E+02  0.63775669632897E-01  0.75811537999077E+01  0.00000000000000E+00
 0.204000E+02  0.63183752237768E-01  0.75460702085963E+01  0.00000000000000E+00
 0.204500E+02  0.65110581226124E-01  0.75366521051272E+01  0.00000000000000E+00
 0.205000E+02  0.68097004814221E-01  0.75449140280008E+01  0.00000000000000E+00
 0.205500E+02  0.70266598219871E-01  0.75547111698780E+01  0.00000000000000E+00
 0.206000E+02  0.70253438287851E-01  0.75480407975054E+01  0.00000000000000E+00
 0.206500E+02  0.68074114802741E-01  0.75149130197612E+01  0.00000000000000E+00
 0.207000E+02  0.65118530863528E-01  0.74589828415259E+01  0.00000000000000E+00
 0.207500E+02  0.63295082825615E-01  0.73957190057526E+01  0.00000000000000E+00
 0.208000E+02  0.63882015862697E-01  0.73439596215983E+01  0.00000000000000E+00
 0.208500E+02  0.66773773897619E-01  0.73153381272449E+01  0.00000000000000E+00
 0.209000E+02  0.70566648914286E-01  0.73076653510252E+01  0.00000000000000E+00
 0.209500E+02  0.73411799973879E-01  0.73062267000600E+01  0.00000000000000E+00
 0.210000E+02  0.74099123591522E-01  0.72924274266177E+01  0.00000000000000E+00
 0.210500E+02  0.72638296697479E-01  0.72540003260297E+01  0.00000000000000E+00
 0.211000E+02  0.69918439595826E-01  0.71897486664257E+01  0.00000000000000E+00
 0.211500E+02  0.67222065045201E-01  0.71109678764260E+01  0.00000000000000E+00
 0.212000E+02  0.65561482362787E-01  0.70359733485038E+01  0.00000000000000E+00
 0.212500E+02  0.65215108523501E-01  0.69811530838462E+01  0.00000000000000E+00
 0.213000E+02  0.65740608680837E-01  0.69537440085909E+01  0.00000000000000E+00
 0.213500E+02  0.66403446635437E-01  0.69497846292758E+01  0.00000000000000E+00
 0.214000E+02  0.66714609061311E-01  0.69577516085215E+01  0.00000000000000E+00
 0.214500E+02  0.66726814418341E-01  0.69653420516575E+01  0.00000000000000E+00
 0.215000E+02  0.66917174225051E-01  0.69653292165274E+01  0.00000000000000E+00
 0.215500E+02  0.67695006541354E-01  0.69565110949295E+01  0.00000000000000E+00
 0.216000E+02  0.68797922757272E-01  0.69389288338334E+01  0.00000000000000E+00
 0.216500E+02  0.69481355174826E-01  0.69121869365724E+01  0.00000000000000E+00
 0.217000E+02  0.69039220930239E-01  0.68756482801983E+01  0.00000000000000E+00
 0.217500E+02  0.67309988854599E-01  0.68295919782711E+01  0.00000000000000E+00
 0.218000E+02  0.64866075475418E-01  0.67759058745976E+01  0.00000000000000E+00
 0.218500E+02  0.62754528563923E-01  0.67176947821375E+01  0.00000000000000E+00
 0.219000E+02  0.61935505563065E-01  0.66584809805163E+01  0.00000000000000E+00
 0.219500E+02  0.62741837862122E-01  0.66016977974024E+01  0.00000000000000E+00
 0.220000E+02  0.64669194073828E-01  0.65504472994729E+01  0.00000000000000E+00
 0.220500E+02  0.66541212969620E-01  0.65065604256348E+01  0.00000000000000E+00
 0.221000E+02  0.66882493772861E-01  0.64686766200553E+01  0.00000000000000E+00
 0.221500E+02  0.64881716322296E-01  0.64353397301613E+01  0.00000000000000E+00
 0.222000E+02  0.60969689055097E-01  0.64077462856768E+01  0.00000000000000E+00
 0.222500E+02  0.56647628539942E-01  0.63902422127786E+01  0.00000000000000E+00
 0.223000E+02  0.53693431252069E-01  0.63882712470703E+01  0.00000000000000E+00
 0.223500E+02  0.53203429721582E-01  0.64048160400128E+01  0.00000000000000E+00
 0.224000E+02  0.55027837334284E-01  0.64376615893099E+01  0.00000000000000E+00
 0.224500E+02  0.57926401314583E-01  0.64794973937596E+01  0.00000000000000E+00
 0.225000E+02  0.60345437750156E-01  0.65210834565148E+01  0.00000000000000E+00
 0.225500E+02  0.61269493000872E-01  0.65552678330615E+01  0.00000000000000E+00
 0.226000E+02  0.60527236170420E-01  0.65786566426864E+01  0.00000000000000E+00
 0.226500E+02  0.58915587946773E-01  0.65934825307634E+01  0.00000000000000E+00
 0.227000E+02  0.57717750140988E-01  0.66064320618089E+01  0.00000000000000E+00
 0.227500E+02  0.57929552519459E-01  0.66250829856616E+01  0.00000000000000E+00
 0.228000E+02  0.59712208816886E-01  0.66540654614164E+01  0.00000000000000E+00
 0.228500E+02  0.62388322357764E-01  0.66932660587020E+01  0.00000000000000E+00
 0.229000E+02  0.64944306394605E-01  0.67391447499501E+01  0.00000000000000E+00
 0.229500E+02  0.66686887736711E-01  0.67878069483250E+01  0.00000000000000E+00
 0.230000E+02  0.67627554071131E-01  0.68372384698804E+01  0.00000000000000E+00
 0.230500E+02  0.68290741334315E-01  0.68865106546762E+01  0.00000000000000E+00
 0.231000E+02  0.68982458543108E-01  0.69315964109313E+01  0.00000000000000E+00
 0.231500E+02  0.69581558604276E-01  0.69655715475424E+01  0.00000000000000E+00
 0.232000E+02  0.69670785620228E-01  0.69820156024620E+01  0.00000000000000E+00
 0.232500E+02  0.68897919059523E-01  0.69793814584315E+01  0.00000000000000E+00
 0.233000E+02  0.67350417218826E-01  0.69638923597199E+01  0.00000000000000E+00
 0.233500E+02  0.65672036716799E-01  0.69486965443610E+01  0.00000000000000E+00
 0.234000E+02  0.64810319204194E-01  0.69489403699745E+01  0.00000000000000E+00
 0.234500E+02  0.65520157140012E-01  0.69751434457779E+01  0.00000000000000E+00
 0.235000E+02  0.67911574681299E-01  0.70284878393261E+01  0.00000000000000E+00
 0.235500E+02  0.71240572204170E-01  0.70999357122895E+01  0.00000000000000E+00
 0.236000E+02  0.73962780010682E-01  0.71719396487105E+01  0.00000000000000E+00
 0.236500E+02  0.74573059825134E-01  0.72264996933090E+01  0.00000000000000E+00
 0.237000E+02  0.72474689558241E-01  0.72539570176775E+01  0.00000000000000E+00
 0.237500E+02  0.68362830483988E-01  0.72575528868737E+01  0.00000000000000E+00
 0.238000E+02  0.63932574901544E-01  0.72517989270983E+01  0.00000000000000E+00
 0.238500E+02  0.61061081609732E-01  0.72555873233659E+01  0.00000000000000E+00
 0.239000E+02  0.60901042591862E-01  0.72835502358511E+01  0.00000000000000E+00
 0.239500E+02  0.63365982490736E-01  0.73400505341419E+01  0.00000000000000E+00
 0.240000E+02  0.67265568984566E-01  0.74184034504237E+01  0.00000000000000E+00
 0.240500E+02  0.70910266361604E-01  0.75044759537282E+01  0.00000000000000E+00
 0.241000E+02  0.72689692812042E-01  0.75815041456695E+01  0.00000000000000E+00
 0.241500E+02  0.71908316638709E-01  0.76399974585459E+01  0.00000000000000E+00
 0.242000E+02  0.69170469451798E-01  0.76850721807378E+01  0.00000000000000E+00
 0.242500E+02  0.66036707046956E-01  0.77351396080843E+01  0.00000000000000E+00
 0.243000E+02  0.64179697052544E-01  0.78120860478768E+01  0.00000000000000E+00
 0.243500E+02  0.64526926623632E-01  0.79284647338045E+01  0.00000000000000E+00
 0.244000E+02  0.66870525781728E-01  0.80795532223288E+01  0.00000000000000E+00
 0.244500E+02  0.70126186379491E-01  0.82454797972673E+01  0.00000000000000E+00
 0.245000E+02  0.73029120129296E-01  0.84022403974533E+01  0.00000000000000E+00
 0.245500E+02  0.74707100238207E-01  0.85333251411198E+01  0.00000000000000E+00
 0.246000E+02  0.74640351826221E-01  0.86328101476438E+01  0.00000000000000E+00
 0.246500E+02  0.72918957225716E-01  0.87057849829873E+01  0.00000000000000E+00
 0.247000E+02  0.70242695690353E-01  0.87640042666888E+01  0.00000000000000E+00
 0.247500E+02  0.67610971131513E-01  0.88195575724640E+01  0.00000000000000E+00
 0.248000E+02  0.65914718046016E-01  0.88798566589517E+01  0.00000000000000E+00
 0.248500E+02  0.65621636798861E-01  0.89459040270119E+01  0.00000000000000E+00
 0.249000E+02  0.66675247043543E-01  0.90138127297930E+01  0.00000000000000E+00
 0.249500E+02  0.68609939442449E-01  0.90778401384389E+01  0.00000000000000E+00
 0.250000E+02  0.70787743383569E-01  0.91330387039367E+01  0.00000000000000E+00
 0.250500E+02  0.72526569597238E-01  0.91757036739891E+01  0.00000000000000E+00
 0.251000E+02  0.73000478262440E-01  0.92012420736311E+01  0.00000000000000E+00
 0.251500E+02  0.71812498288466E-01  0.92072897676517E+01  0.00000000000000E+00
 0.252000E+02  0.69346584430002E-01  0.91963074752675E+01  0.00000000000000E+00
 0.252500E+02  0.66651564899823E-01  0.91754392414486E+01  0.00000000000000E+00
 0.253000E+02  0.64949418907283E-01  0.91535907385072E+01  0.00000000000000E+00
 0.253500E+02  0.65027741292205E-01  0.91370148461690E+01  0.00000000000000E+00
 0.254000E+02  0.66853691868376E-01  0.91259675591499E+01  0.00000000000000E+00
 0.254500E+02  0.69624576923447E-01  0.91142500903607E+01  0.00000000000000E+00
 0.255000E+02  0.72220154806579E-01  0.90918177271302E+01  0.00000000000000E+00
 0.255500E+02  0.73692120541904E-01  0.90488202246433E+01  0.00000000000000E+00
 0.256000E+02  0.73398458434350E-01  0.89780792139347E+01  0.00000000000000E+00
 0.256500E+02  0.71436191519256E-01  0.88819816042111E+01  0.00000000000000E+00
 0.257000E+02  0.68633332364732E-01  0.87746559742502E+01  0.00000000000000E+00
 0.257500E+02  0.66128458593913E-01  0.86769395667450E+01  0.00000000000000E+00
 0.258000E+02  0.64834781406837E-01  0.86064994175892E+01  0.00000000000000E+00
 0.258500E+02  0.65085216805863E-01  0.85688395719277E+01  0.00000000000000E+00
 0.259000E+02  0.66628533359980E-01  0.85548728293477E+01  0.00000000000000E+00
 0.259500E+02  0.68920612390200E-01  0.85465398904563E+01  0.00000000000000E+00
 0.260000E+02  0.71480795050409E-01  0.85267912796346E+01  0.00000000000000E+00
 0.260500E+02  0.73961732761635E-01  0.84867074925627E+01  0.00000000000000E+00
 0.261000E+02  0.75716975367354E-01  0.84244527252635E+01  0.00000000000000E+00
 0.261500E+02  0.76013280292794E-01  0.83447200305359E+01  0.00000000000000E+00
 0.262000E+02  0.74435626002193E-01  0.82557776910217E+01  0.00000000000000E+00
 0.262500E+02  0.71197644154345E-01  0.81654909175283E+01  0.00000000000000E+00
 0.263000E+02  0.67191301967756E-01  0.80789861060897E+01  0.00000000000000E+00
 0.263500E+02  0.63687226182982E-01  0.79986760858261E+01  0.00000000000000E+00
 0.264000E+02  0.61798286748054E-01  0.79253002206602E+01  0.00000000000000E+00
 0.264500E+02  0.61974489288247E-01  0.78586638702030E+01  0.00000000000000E+00
 0.265000E+02  0.63802649057457E-01  0.77979120006221E+01  0.00000000000000E+00
 0.265500E+02  0.66149207068638E-01  0.77413587902724E+01  0.00000000000000E+00
 0.266000E+02  0.67487226314439E-01  0.76855326409503E+01  0.00000000000000E+00
 0.266500E+02  0.66788859749720E-01  0.76286247474188E+01  0.00000000000000E+00
 0.267000E+02  0.64100440571943E-01  0.75721676402580E+01  0.00000000000000E+00
 0.267500E+02  0.60490780555970E-01  0.75199173077051E+01  0.00000000000000E+00
 0.268000E+02  0.57455244051137E-01  0.74749319709230E+01  0.00000000000000E+00
 0.268500E+02  0.56123721672532E-01  0.74364845202808E+01  0.00000000000000E+00
 0.269000E+02  0.56724970205705E-01  0.73990781588406E+01  0.00000000000000E+00
 0.269500E+02  0.58598476204976E-01  0.73550180948577E+01  0.00000000000000E+00
 0.270000E+02  0.60714994011452E-01  0.72994457466019E+01  0.00000000000000E+00
 0.270500E+02  0.62320077686758E-01  0.72339224467401E+01  0.00000000000000E+00
 0.271000E+02  0.63134980057477E-01  0.71644501747722E+01  0.00000000000000E+00
 0.271500E+02  0.63285787033127E-01  0.70984430218797E+01  0.00000000000000E+00
 0.272000E+02  0.63072842973342E-01  0.70414961216256E+01  0.00000000000000E+00
 0.272500E+02  0.62744111257416E-01  0.69953129096440E+01  0.00000000000000E+00
 0.273000E+02  0.62420889276379E-01  0.69575795770251E+01  0.00000000000000E+00
 0.273500E+02  0.62181523179561E-01  0.69234174683084E+01  0.00000000000000E+00
 0.274000E+02  0.62192248560765E-01  0.68875784935539E+01  0.00000000000000E+00
 0.274500E+02  0.62747152924106E-01  0.68463573051456E+01  0.00000000000000E+00
 0.275000E+02  0.64153812843146E-01  0.67983066841445E+01  0.00000000000000E+00
 0.275500E+02  0.66426369774782E-01  0.67425592525684E+01  0.00000000000000E+00
 0.276000E+02  0.68715477751054E-01  0.66740189451258E+01  0.00000000000000E+00
 0.276500E+02  0.69586777170525E-01  0.65847338013121E+01  0.00000000000000E+00
 0.277000E+02  0.67920667105142E-01  0.64692373038789E+01  0.00000000000000E+00
 0.277500E+02  0.63730711997814E-01  0.63297221948403E+01  0.00000000000000E+00
 0.278000E+02  0.58377008640598E-01  0.61777766475485E+01  0.00000000000000E+00
 0.278500E+02  0.53992590998326E-01  0.60309829142130E+01  0.00000000000000E+00
 0.279000E+02  0.52422120969384E-01  0.59057566896569E+01  0.00000000000000E+00
 0.279500E+02  0.54272077434089E-01  0.58103775113094E+01  0.00000000000000E+00
 0.280000E+02  0.58609130878608E-01  0.57422830790561E+01  0.00000000000000E+00
 0.280500E+02  0.63344939781500E-01  0.56899785405758E+01  0.00000000000000E+00
 0.281000E+02  0.65896727751992E-01  0.56365491038593E+01  0.00000000000000E+00
 0.281500E+02  0.64687182736115E-01  0.55701883271312E+01  0.00000000000000E+00
 0.282000E+02  0.60149288508894E-01  0.54920486160715E+01  0.00000000000000E+00
 0.282500E+02  0.54543765555283E-01  0.54163899685810E+01  0.00000000000000E+00
 0.283000E+02  0.50733327423457E-01  0.53631508005214E+01  0.00000000000000E+00
 0.283500E+02  0.50624932001109E-01  0.53468728335500E+01  0.00000000000000E+00
 0.284000E+02  0.54183453203108E-01  0.53683337408832E+01  0.00000000000000E+00
 0.284500E+02  0.59567562355417E-01  0.54138897865503E+01  0.00000000000000E+00
 0.285000E+02  0.64260453236395E-01  0.54628430973367E+01  0.00000000000000E+00
 0.285500E+02  0.66397979117104E-01  0.54973168866966E+01  0.00000000000000E+00
 0.286000E+02  0.65364770563104E-01  0.55073849474639E+01  0.00000000000000E+00
 0.286500E+02  0.62019882969660E-01  0.54944147167911E+01  0.00000000000000E+00
 0.287000E+02  0.58144973532914E-01  0.54683074954964E+01  0.00000000000000E+00
 0.287500E+02  0.55423081491236E-01  0.54403053747809E+01  0.00000000000000E+00
 0.288000E+02  0.54586307368309E-01  0.54160094213491E+01  0.00000000000000E+00
 0.288500E+02  0.55197735160419E-01  0.53925985640031E+01  0.00000000000000E+00
 0.289000E+02  0.56139007024660E-01  0.53617024733342E+01  0.00000000000000E+00
 0.289500E+02  0.56457170504290E-01  0.53160429638499E+01  0.00000000000000E+00
 0.290000E+02  0.56026275600590E-01  0.52555690306042E+01  0.00000000000000E+00
 0.290500E+02  0.55536444568966E-01  0.51886102656828E+01  0.00000000000000E+00
 0.291000E+02  0.55722202485214E-01  0.51264918192597E+01  0.00000000000000E+00
 0.291500E+02  0.56858189238002E-01  0.50777572750010E+01  0.00000000000000E+00
 0.292000E+02  0.58524666319561E-01  0.50434386319350E+01  0.00000000000000E+00
 0.292500E+02  0.59800661614784E-01  0.50164285556102E+01  0.00000000000000E+00
 0.293000E+02  0.59814179522880E-01  0.49857458827344E+01  0.00000000000000E+00
 0.293500E+02  0.58313868554467E-01  0.49433945602445E+01  0.00000000000000E+00
 0.294000E+02  0.55902109911476E-01  0.48898812237950E+01  0.00000000000000E+00
 0.294500E+02  0.53765279860882E-01  0.48348119521633E+01  0.00000000000000E+00
 0.295000E+02  0.53041667315131E-01  0.47916097659528E+01  0.00000000000000E+00
 0.295500E+02  0.54121298180164E-01  0.47686515525429E+01  0.00000000000000E+00
 0.296000E+02  0.56190109630802E-01  0.47609178699849E+01  0.00000000000000E+00
 0.296500E+02  0.57786998078542E-01  0.47518177170024E+01  0.00000000000000E+00
 0.297000E+02  0.57716504946459E-01  0.47232081870272E+01  0.00000000000000E+00
 0.297500E+02  0.55775438337719E-01  0.46668903273092E+01  0.00000000000000E+00
 0.298000E+02  0.52881113688411E-01  0.45903811086807E+01  0.00000000000000E+00
 0.298500E+02  0.50527754513167E-01  0.45132913216804E+01  0.00000000000000E+00
 0.299000E+02  0.49918301921910E-01  0.44566419417610E+01  0.00000000000000E+00
 0.299500E+02  0.51306669030053E-01  0.44317218225612E+01  0.00000000000000E+00
 0.300000E+02  0.53929053930837E-01  0.44350001793210E+01  0.00000000000000E+00
 0.300500E+02  0.56444694433479E-01  0.44508113758542E+01  0.00000000000000E+00
 0.301000E+02  0.57480906968091E-01  0.44583516552288E+01  0.00000000000000E+00
 0.301500E+02  0.56477209275801E-01  0.44431337403762E+01  0.00000000000000E+00
 0.302000E+02  0.53989476300971E-01  0.44044847209443E+01  0.00000000000000E+00
 0.302500E+02  0.51312283406506E-01  0.43553056886422E+01  0.00000000000000E+00
 0.303000E+02  0.49712722225738E-01  0.43149134044624E+01  0.00000000000000E+00
 0.303500E+02  0.49741923321733E-01  0.42988687098720E+01  0.00000000000000E+00
 0.304000E+02  0.51023795193020E-01  0.43112149927324E+01  0.00000000000000E+00
 0.304500E+02  0.52616555157409E-01  0.43432813041125E+01  0.00000000000000E+00
 0.305000E+02  0.53687234142066E-01  0.43794881233090E+01  0.00000000000000E+00
 0.305500E+02  0.53987527302213E-01  0.44059922721125E+01  0.00000000000000E+00
 0.306000E+02  0.53756532677896E-01  0.44164512263265E+01  0.00000000000000E+00
 0.306500E+02  0.53551917513849E-01  0.44158852682479E+01  0.00000000000000E+00
 0.307000E+02  0.53819859320346E-01  0.44176892275896E+01  0.00000000000000E+00
 0.307500E+02  0.54559488810595E-01  0.44357802718950E+01  0.00000000000000E+00
 0.308000E+02  0.55353012161030E-01  0.44769505998041E+01  0.00000000000000E+00
 0.308500E+02  0.55722864353479E-01  0.45379000981929E+01  0.00000000000000E+00
 0.309000E+02  0.55540931158475E-01  0.46082986982516E+01  0.00000000000000E+00
 0.309500E+02  0.55178842909993E-01  0.46770140470552E+01  0.00000000000000E+00
 0.310000E+02  0.55279023570739E-01  0.47372714646283E+01  0.00000000000000E+00
 0.310500E+02  0.56225672164883E-01  0.47874253358837E+01  0.00000000000000E+00
 0.311000E+02  0.57588655658946E-01  0.48272026911984E+01  0.00000000000000E+00
 0.311500E+02  0.58447570189463E-01  0.48576049997241E+01  0.00000000000000E+00
 0.312000E+02  0.58035226286428E-01  0.48812575409758E+01  0.00000000000000E+00
 0.312500E+02  0.56303024921108E-01  0.49025606473356E+01  0.00000000000000E+00
