 0.000000E+00  0.22108634162274E+01  0.99461151112673E+01  0.92434298662390E+01
 0.400000E-01  0.22055097957871E+01  0.98310268309967E+01  0.92557889921830E+01
 0.800000E-01  0.22001575215681E+01  0.96653801266427E+01  0.94976431543124E+01
 0.120000E+00  0.21947666450290E+01  0.95939054163067E+01  0.97571588366319E+01
 0.160000E+00  0.21893132611768E+01  0.96848750759673E+01  0.99204272560473E+01
 0.200000E+00  0.21837821354593E+01  0.98716967462552E+01  0.10031902288500E+02
 0.240000E+00  0.21781630070616E+01  0.10025747840935E+02  0.10205713366384E+02
 0.280000E+00  0.21724491372051E+01  0.10094440051605E+02  0.10484011800947E+02
 0.320000E+00  0.21666363192303E+01  0.10128357059630E+02  0.10811159078758E+02
 0.360000E+00  0.21607204590921E+01  0.10183352111891E+02  0.11130768079339E+02
 0.400000E+00  0.21546979030766E+01  0.10274468228890E+02  0.11425189688448E+02
 0.440000E+00  0.21485671482908E+01  0.10399599224252E+02  0.11684329144631E+02
 0.480000E+00  0.21423309357071E+01  0.10553500025852E+02  0.11896159227013E+02
 0.520000E+00  0.21359961881557E+01  0.10723719845085E+02  0.12063125054464E+02
 0.560000E+00  0.21295708225640E+01  0.10910648178340E+02  0.12186541712613E+02
 0.600000E+00  0.21230616752239E+01  0.11126043203400E+02  0.12260565459022E+02
 0.640000E+00  0.21164738119646E+01  0.11348576900204E+02  0.12311009563829E+02
 0.680000E+00  0.21098115114911E+01  0.11545168799638E+02  0.12375069218279E+02
 0.720000E+00  0.21030777418441E+01  0.11714301875776E+02  0.12455062578679E+02
 0.760000E+00  0.20962766218163E+01  0.11858102694891E+02  0.12544062132772E+02
 0.800000E+00  0.20894131395561E+01  0.11976027971428E+02  0.12636850671361E+02
 0.840000E+00  0.20824937491662E+01  0.12073974765999E+02  0.12726388635916E+02
 0.880000E+00  0.20755249351863E+01  0.12143117010358E+02  0.12824346812036E+02
 0.920000E+00  0.20685118165737E+01  0.12174671730851E+02  0.12940630546186E+02
 0.960000E+00  0.20614601796193E+01  0.12181164213280E+02  0.13061212032709E+02
 0.100000E+01  0.20543760390947E+01  0.12178256437057E+02  0.13170556625389E+02
 0.104000E+01  0.20472645205100E+01  0.12172067784645E+02  0.13265455517196E+02
 0.108000E+01  0.20401302493339E+01  0.12160420621134E+02  0.13350893029551E+02
 0.112000E+01  0.20329773023348E+01  0.12138837321053E+02  0.13433127847362E+02
 0.116000E+01  0.20258090464347E+01  0.12108587207100E+02  0.13512384737312E+02
 0.120000E+01  0.20186282832608E+01  0.12071735435274E+02  0.13587783616504E+02
 0.124000E+01  0.20114382112798E+01  0.12032166504538E+02  0.13655062680182E+02
 0.128000E+01  0.20042420926589E+01  0.12003169956353E+02  0.13698403305506E+02
 0.132000E+01  0.19970439565728E+01  0.11996963831364E+02  0.13704928925625E+02
 0.136000E+01  0.19898472955099E+01  0.12011601276225E+02  0.13680524659249E+02
 0.140000E+01  0.19826540011506E+01  0.12030494065670E+02  0.13646158834960E+02
 0.144000E+01  0.19754657522233E+01  0.12036126625907E+02  0.13620579512762E+02
 0.148000E+01  0.19682838625498E+01  0.12030224511228E+02  0.13600961761508E+02
 0.152000E+01  0.19611100435409E+01  0.12027522389273E+02  0.13571186801298E+02
 0.156000E+01  0.19539466129450E+01  0.12027994622289E+02  0.13529544045255E+02
 0.160000E+01  0.19467963866403E+01  0.12017501125641E+02  0.13486102637670E+02
 0.164000E+01  0.19396635703433E+01  0.11988255419967E+02  0.13443963817866E+02
 0.168000E+01  0.19325534167356E+01  0.11945415435466E+02  0.13397323492852E+02
 0.172000E+01  0.19254702635094E+01  0.11903635012984E+02  0.13336081737537E+02
 0.176000E+01  0.19184172452207E+01  0.11876591737127E+02  0.13253001667491E+02
 0.180000E+01  0.19113954646119E+01  0.11866807651576E+02  0.13149667848508E+02
 0.184000E+01  0.19044056279794E+01  0.11869032532827E+02  0.13032602317123E+02
 0.188000E+01  0.18974479493229E+01  0.11871585530793E+02  0.12914998539323E+02
 0.192000E+01  0.18905221804246E+01  0.11853042346200E+02  0.12820684474641E+02
 0.196000E+01  0.18836274622717E+01  0.11797975799408E+02  0.12765800305342E+02
 0.200000E+01  0.18767633935929E+01  0.11715773500580E+02  0.12739002808728E+02
 0.204000E+01  0.18699301406964E+01  0.11630664781078E+02  0.12713064100519E+02
 0.208000E+01  0.18631285842018E+01  0.11558252816008E+02  0.12669961908943E+02
 0.212000E+01  0.18563600641205E+01  0.11500185491707E+02  0.12607142439810E+02
 0.216000E+01  0.18496262894235E+01  0.11453583438353E+02  0.12528231532065E+02
 0.220000E+01  0.18429281146955E+01  0.11416545294110E+02  0.12436427127135E+02
 0.224000E+01  0.18362663429514E+01  0.11386948185006E+02  0.12334589883378E+02
 0.228000E+01  0.18296418069380E+01  0.11359269364480E+02  0.12228828386465E+02
 0.232000E+01  0.18230547470250E+01  0.11326561437729E+02  0.12127604755643E+02
 0.236000E+01  0.18165050555512E+01  0.11288580397261E+02  0.12033361645069E+02
 0.240000E+01  0.18099919564074E+01  0.11252760999017E+02  0.11939923987780E+02
 0.244000E+01  0.18035146819091E+01  0.11224030053201E+02  0.11841971483185E+02
 0.248000E+01  0.17970727410379E+01  0.11199091810687E+02  0.11741551063697E+02
 0.252000E+01  0.17906658939943E+01  0.11171272296743E+02  0.11644210741342E+02
 0.256000E+01  0.17842940709890E+01  0.11136071352308E+02  0.11553804024139E+02
 0.260000E+01  0.17779574322475E+01  0.11091931120170E+02  0.11471535883844E+02
 0.264000E+01  0.17716563534258E+01  0.11038402974023E+02  0.11397235276385E+02
 0.268000E+01  0.17653914328017E+01  0.10975277725312E+02  0.11330019988163E+02
 0.272000E+01  0.17591634246774E+01  0.10905152703883E+02  0.11266376721715E+02
 0.276000E+01  0.17529734499580E+01  0.10835440769081E+02  0.11199150641166E+02
 0.280000E+01  0.17468218636183E+01  0.10773907609697E+02  0.11122386286705E+02
 0.284000E+01  0.17407090172358E+01  0.10721692518961E+02  0.11037275167504E+02
 0.288000E+01  0.17346343422479E+01  0.10672440160346E+02  0.10951467739155E+02
 0.292000E+01  0.17285972777480E+01  0.10617729850993E+02  0.10872945248038E+02
 0.296000E+01  0.17225975134969E+01  0.10551379791104E+02  0.10805921951243E+02
 0.300000E+01  0.17166354232776E+01  0.10468941809844E+02  0.10752005143859E+02
 0.304000E+01  0.17107122086727E+01  0.10367493891382E+02  0.10711295072936E+02
 0.308000E+01  0.17048300683667E+01  0.10249142199922E+02  0.10679862242774E+02
 0.312000E+01  0.16989908001301E+01  0.10122566991122E+02  0.10649051726555E+02
 0.316000E+01  0.16931964721506E+01  0.99981840693803E+01  0.10610344797385E+02
 0.320000E+01  0.16874483914336E+01  0.98821550791259E+01  0.10560179108761E+02
 0.324000E+01  0.16817469997190E+01  0.97755340325232E+01  0.10499359288370E+02
 0.328000E+01  0.16760925686232E+01  0.96769943333163E+01  0.10429872499745E+02
 0.332000E+01  0.16704853557978E+01  0.95844088701124E+01  0.10353946247369E+02
 0.336000E+01  0.16649253394692E+01  0.94945427748889E+01  0.10275116857730E+02
 0.340000E+01  0.16594124649227E+01  0.94031477214024E+01  0.10198335943341E+02
 0.344000E+01  0.16539466817742E+01  0.93067886522183E+01  0.10128024777549E+02
 0.348000E+01  0.16485270986728E+01  0.92052039747520E+01  0.10065588289756E+02
 0.352000E+01  0.16431531152106E+01  0.91018558823926E+01  0.10008385324996E+02
 0.356000E+01  0.16378235903746E+01  0.90024220451819E+01  0.99503774497046E+01
 0.360000E+01  0.16325380080287E+01  0.89132015625744E+01  0.98834703721290E+01
 0.364000E+01  0.16272961853568E+01  0.88395606100069E+01  0.97999169445618E+01
 0.368000E+01  0.16220988469341E+01  0.87832186979916E+01  0.96961683624923E+01
 0.372000E+01  0.16169468228601E+01  0.87406654210150E+01  0.95750231004548E+01
 0.376000E+01  0.16118412764255E+01  0.87052809626406E+01  0.94433616679540E+01
 0.380000E+01  0.16067826965580E+01  0.86709994978894E+01  0.93079943576864E+01
 0.384000E+01  0.16017720615739E+01  0.86342899209841E+01  0.91733178706615E+01
 0.388000E+01  0.15968094043789E+01  0.85943966885545E+01  0.90410903640569E+01
 0.392000E+01  0.15918949232576E+01  0.85528079973274E+01  0.89111368712534E+01
 0.396000E+01  0.15870282438638E+01  0.85118983707990E+01  0.87826839266823E+01
 0.400000E+01  0.15822085686235E+01  0.84732764557193E+01  0.86557687036338E+01
 0.404000E+01  0.15774344902946E+01  0.84368710077294E+01  0.85318875653665E+01
 0.408000E+01  0.15727044510939E+01  0.84007314016331E+01  0.84140201718714E+01
 0.412000E+01  0.15680165365707E+01  0.83613303954448E+01  0.83062088490608E+01
 0.416000E+01  0.15633689584063E+01  0.83145905659174E+01  0.82125428423187E+01
 0.420000E+01  0.15587597229373E+01  0.82573386039987E+01  0.81359438337587E+01
 0.424000E+01  0.15541871688408E+01  0.81885079479449E+01  0.80772620983702E+01
 0.428000E+01  0.15496492660313E+01  0.81095429259734E+01  0.80350162555614E+01
 0.432000E+01  0.15451444737638E+01  0.80235224054970E+01  0.80062624947029E+01
 0.436000E+01  0.15406708725426E+01  0.79332809154963E+01  0.79883808318269E+01
 0.440000E+01  0.15362266424706E+01  0.78400785487853E+01  0.79802298601924E+01
 0.444000E+01  0.15318098037429E+01  0.77439803773148E+01  0.79815316101736E+01
 0.448000E+01  0.15274187259065E+01  0.76452282568571E+01  0.79913592747288E+01
 0.452000E+01  0.15230517165975E+01  0.75451642843548E+01  0.80073417653047E+01
 0.456000E+01  0.15187077131077E+01  0.74461144677287E+01  0.80261096381211E+01
 0.460000E+01  0.15143857310482E+01  0.73506894599815E+01  0.80441956465665E+01
 0.464000E+01  0.15100852900092E+01  0.72611778507364E+01  0.80585578953553E+01
 0.468000E+01  0.15058055082217E+01  0.71794123208557E+01  0.80665261043650E+01
 0.472000E+01  0.15015463796930E+01  0.71070686466752E+01  0.80654263095880E+01
 0.476000E+01  0.14973078873384E+01  0.70457461012853E+01  0.80525101333231E+01
 0.480000E+01  0.14930904113238E+01  0.69963202154163E+01  0.80255760791317E+01
 0.484000E+01  0.14888948155928E+01  0.69582588030916E+01  0.79836505596403E+01
 0.488000E+01  0.14847222078105E+01  0.69297959402711E+01  0.79270375782951E+01
 0.492000E+01  0.14805744647710E+01  0.69086362468844E+01  0.78570147168736E+01
 0.496000E+01  0.14764531754699E+01  0.68924103269550E+01  0.77756437531264E+01
 0.500000E+01  0.14723600059159E+01  0.68788565374892E+01  0.76855626561398E+01
 0.504000E+01  0.14682966402378E+01  0.68659929141866E+01  0.75895926355250E+01
 0.508000E+01  0.14642643026139E+01  0.68522159602317E+01  0.74903976609179E+01
 0.512000E+01  0.14602642026268E+01  0.68362084661299E+01  0.73904013305583E+01
 0.516000E+01  0.14562969537050E+01  0.68167447474152E+01  0.72918726348688E+01
 0.520000E+01  0.14523627393220E+01  0.67926070021156E+01  0.71969336916579E+01
 0.524000E+01  0.14484620434705E+01  0.67627818971554E+01  0.71072804439580E+01
 0.528000E+01  0.14445948439031E+01  0.67268831173399E+01  0.70236836886158E+01
 0.532000E+01  0.14407610210045E+01  0.66853932644807E+01  0.69457706905826E+01
 0.536000E+01  0.14369606941382E+01  0.66393628659888E+01  0.68724902157516E+01
 0.540000E+01  0.14331938237268E+01  0.65897877602234E+01  0.68029359089357E+01
 0.544000E+01  0.14294601294775E+01  0.65372158905527E+01  0.67368492810087E+01
 0.548000E+01  0.14257595808368E+01  0.64817339963781E+01  0.66746028767356E+01
 0.552000E+01  0.14220918288857E+01  0.64230069683441E+01  0.66170267966983E+01
 0.556000E+01  0.14184564201971E+01  0.63601957546971E+01  0.65653564233856E+01
 0.560000E+01  0.14148527504909E+01  0.62919953625300E+01  0.65211733717178E+01
 0.564000E+01  0.14112803481475E+01  0.62171384682873E+01  0.64860094524326E+01
 0.568000E+01  0.14077383286171E+01  0.61353512636710E+01  0.64605099299257E+01
 0.572000E+01  0.14042257948538E+01  0.60481771448628E+01  0.64436119128847E+01
 0.576000E+01  0.14007418664018E+01  0.59589492322756E+01  0.64324537819418E+01
 0.580000E+01  0.13972854710061E+01  0.58718054944661E+01  0.64232325155537E+01
 0.584000E+01  0.13938554945419E+01  0.57904647165402E+01  0.64123799182504E+01
 0.588000E+01  0.13904508507412E+01  0.57175641471830E+01  0.63972350643209E+01
 0.592000E+01  0.13870701584354E+01  0.56546479148595E+01  0.63760625580031E+01
 0.596000E+01  0.13837124299850E+01  0.56023797863734E+01  0.63478419926449E+01
 0.600000E+01  0.13803769412074E+01  0.55606836231859E+01  0.63121711107531E+01
 0.604000E+01  0.13770626980914E+01  0.55288063958401E+01  0.62692819902101E+01
 0.608000E+01  0.13737689848196E+01  0.55053622771104E+01  0.62200548982803E+01
 0.612000E+01  0.13704954331967E+01  0.54883781226798E+01  0.61659860193936E+01
 0.616000E+01  0.13672416146049E+01  0.54753803166132E+01  0.61091062452243E+01
 0.620000E+01  0.13640072380582E+01  0.54636241205341E+01  0.60517950907082E+01
 0.624000E+01  0.13607921577904E+01  0.54505203391425E+01  0.59964354357083E+01
 0.628000E+01  0.13575961729971E+01  0.54341638463142E+01  0.59449639475270E+01
 0.632000E+01  0.13544190190652E+01  0.54137527920550E+01  0.58984596238760E+01
 0.636000E+01  0.13512604657512E+01  0.53896725229304E+01  0.58569555838399E+01
 0.640000E+01  0.13481200424651E+01  0.53631120001999E+01  0.58196428340689E+01
 0.644000E+01  0.13449972377617E+01  0.53353647285884E+01  0.57854154313992E+01
 0.648000E+01  0.13418916270106E+01  0.53072585434221E+01  0.57533810164077E+01
 0.652000E+01  0.13388025214743E+01  0.52790871984980E+01  0.57229500516889E+01
 0.656000E+01  0.13357296614847E+01  0.52509748576961E+01  0.56935204677087E+01
 0.660000E+01  0.13326728757115E+01  0.52232478338599E+01  0.56641658168918E+01
 0.664000E+01  0.13296320278822E+01  0.51964666560682E+01  0.56336981695329E+01
 0.668000E+01  0.13266073723722E+01  0.51711478401466E+01  0.56010752319052E+01
 0.672000E+01  0.13235990291575E+01  0.51474437559565E+01  0.55658305987503E+01
 0.676000E+01  0.13206074163204E+01  0.51249812735989E+01  0.55282709069530E+01
 0.680000E+01  0.13176326894631E+01  0.51029030025800E+01  0.54893803700087E+01
 0.684000E+01  0.13146752009547E+01  0.50800889216407E+01  0.54504953766714E+01
 0.688000E+01  0.13117350717525E+01  0.50555153133419E+01  0.54128439792110E+01
 0.692000E+01  0.13088125402674E+01  0.50286301255557E+01  0.53771202093635E+01
 0.696000E+01  0.13059074769427E+01  0.49995510563496E+01  0.53432959059012E+01
 0.700000E+01  0.13030201295934E+01  0.49689695657513E+01  0.53107659814184E+01
 0.704000E+01  0.13001504440108E+01  0.49378536843667E+01  0.52786923402992E+01
 0.708000E+01  0.12972984054876E+01  0.49071774774681E+01  0.52463063281477E+01
 0.712000E+01  0.12944640653406E+01  0.48778192090157E+01  0.52130257433221E+01
 0.716000E+01  0.12916471019653E+01  0.48505811697027E+01  0.51784234685684E+01
 0.720000E+01  0.12888472958610E+01  0.48261825411369E+01  0.51421942495294E+01
 0.724000E+01  0.12860641739964E+01  0.48051381576181E+01  0.51042254598211E+01
 0.728000E+01  0.12832973142344E+01  0.47875905303299E+01  0.50647281437621E+01
 0.732000E+01  0.12805462130674E+01  0.47732415543845E+01  0.50242721482636E+01
 0.736000E+01  0.12778101367144E+01  0.47614091306999E+01  0.49836794969168E+01
 0.740000E+01  0.12750884079442E+01  0.47511015427471E+01  0.49438908250759E+01
 0.744000E+01  0.12723803811267E+01  0.47410616952925E+01  0.49058883527029E+01
 0.748000E+01  0.12696855300992E+01  0.47298732120818E+01  0.48706104209056E+01
 0.752000E+01  0.12670035801227E+01  0.47162023575216E+01  0.48387780952902E+01
 0.756000E+01  0.12643343854578E+01  0.46990926079664E+01  0.48106920045883E+01
 0.760000E+01  0.12616778090748E+01  0.46781570202966E+01  0.47861377226942E+01
 0.764000E+01  0.12590340974001E+01  0.46535737688567E+01  0.47644786307519E+01
 0.768000E+01  0.12564033954878E+01  0.46258911392477E+01  0.47449117676778E+01
 0.772000E+01  0.12537861024307E+01  0.45957361018448E+01  0.47267762861256E+01
 0.776000E+01  0.12511825928072E+01  0.45635936732085E+01  0.47097545566825E+01
 0.780000E+01  0.12485927825969E+01  0.45297952805132E+01  0.46938475386931E+01
 0.784000E+01  0.12460168322036E+01  0.44947032494876E+01  0.46791550642227E+01
 0.788000E+01  0.12434549127713E+01  0.44589188263142E+01  0.46656224600181E+01
 0.792000E+01  0.12409065668919E+01  0.44233301485552E+01  0.46529273751233E+01
 0.796000E+01  0.12383715971985E+01  0.43889447809960E+01  0.46405680488902E+01
 0.800000E+01  0.12358494360144E+01  0.43566178257332E+01  0.46280642979859E+01
 0.804000E+01  0.12333395428270E+01  0.43268516056240E+01  0.46151204612677E+01
 0.808000E+01  0.12308413866307E+01  0.42997650825698E+01  0.46016610996809E+01
 0.812000E+01  0.12283542140933E+01  0.42751840933834E+01  0.45877737454377E+01
 0.816000E+01  0.12258775064886E+01  0.42527461322144E+01  0.45736464038242E+01
 0.820000E+01  0.12234108859408E+01  0.42319643332506E+01  0.45595314786764E+01
 0.824000E+01  0.12209537286607E+01  0.42122677977192E+01  0.45457097331271E+01
 0.828000E+01  0.12185058119319E+01  0.41930535203982E+01  0.45324300182770E+01
 0.832000E+01  0.12160669843934E+01  0.41737640049081E+01  0.45198307873297E+01
 0.836000E+01  0.12136370699707E+01  0.41539823877580E+01  0.45078692109470E+01
 0.840000E+01  0.12112159406320E+01  0.41335191680241E+01  0.44962820971926E+01
 0.844000E+01  0.12088039399420E+01  0.41124551837778E+01  0.44845994618867E+01
 0.848000E+01  0.12064012690351E+01  0.40911124502905E+01  0.44722194767774E+01
 0.852000E+01  0.12040082028965E+01  0.40699557051004E+01  0.44585331521836E+01
 0.856000E+01  0.12016250463362E+01  0.40494566259117E+01  0.44430584527338E+01
 0.860000E+01  0.11992520844103E+01  0.40299637445662E+01  0.44255454147682E+01
 0.864000E+01  0.11968896236633E+01  0.40116098074988E+01  0.44060313812083E+01
 0.868000E+01  0.11945378808862E+01  0.39942733546147E+01  0.43848433108913E+01
 0.872000E+01  0.11921970583172E+01  0.39775998291218E+01  0.43625528072884E+01
 0.876000E+01  0.11898671201478E+01  0.39610716297540E+01  0.43398879580263E+01
 0.880000E+01  0.11875481469447E+01  0.39441125762040E+01  0.43176106486240E+01
 0.884000E+01  0.11852402065282E+01  0.39262124174119E+01  0.42963705305115E+01
 0.888000E+01  0.11829431576636E+01  0.39070540906243E+01  0.42765659784706E+01
 0.892000E+01  0.11806570616867E+01  0.38865957082414E+01  0.42582724029919E+01
 0.896000E+01  0.11783816379877E+01  0.38650552027890E+01  0.42412879786620E+01
 0.900000E+01  0.11761170437768E+01  0.38428109906707E+01  0.42252712851848E+01
 0.904000E+01  0.11738632153421E+01  0.38203088795887E+01  0.42098614665206E+01
 0.908000E+01  0.11716199489219E+01  0.37980469318467E+01  0.41947018395052E+01
 0.912000E+01  0.11693869721172E+01  0.37766063741900E+01  0.41793952124939E+01
 0.916000E+01  0.11671641340217E+01  0.37566358891312E+01  0.41634884057969E+01
 0.920000E+01  0.11649512386761E+01  0.37387430761425E+01  0.41465406862533E+01
 0.924000E+01  0.11627480100164E+01  0.37233408633443E+01  0.41282408446880E+01
 0.928000E+01  0.11605539081753E+01  0.37105361855086E+01  0.41084987262963E+01
 0.932000E+01  0.11583689115766E+01  0.37001105712838E+01  0.40874705288062E+01
 0.936000E+01  0.11561925173367E+01  0.36915711975921E+01  0.40655343116843E+01
 0.940000E+01  0.11540245927179E+01  0.36842229023529E+01  0.40432553449478E+01
 0.944000E+01  0.11518648286975E+01  0.36772394782236E+01  0.40213437627854E+01
 0.948000E+01  0.11497130344684E+01  0.36697531977321E+01  0.40005766718587E+01
 0.952000E+01  0.11475691232354E+01  0.36609774108568E+01  0.39816726013921E+01
 0.956000E+01  0.11454328914218E+01  0.36503335099055E+01  0.39651568869670E+01
 0.960000E+01  0.11433041959642E+01  0.36375312146681E+01  0.39512815560925E+01
 0.964000E+01  0.11411828882973E+01  0.36225776874065E+01  0.39400237898121E+01
 0.968000E+01  0.11390689301990E+01  0.36057390730376E+01  0.39311332026013E+01
 0.972000E+01  0.11369619709840E+01  0.35874899499504E+01  0.39241847975651E+01
 0.976000E+01  0.11348620177880E+01  0.35684573708634E+01  0.39186278628662E+01
 0.980000E+01  0.11327688268226E+01  0.35493408541841E+01  0.39138473797678E+01
 0.984000E+01  0.11306822329548E+01  0.35308046029494E+01  0.39092466692013E+01
 0.988000E+01  0.11286020521640E+01  0.35133733631997E+01  0.39043244513052E+01
 0.992000E+01  0.11265279960941E+01  0.34973740369488E+01  0.38987141320612E+01
 0.996000E+01  0.11244598590562E+01  0.34829324762155E+01  0.38921825328105E+01
 0.100000E+02  0.11223975424271E+01  0.34700029203528E+01  0.38846106635583E+01
 0.100400E+02  0.11203409466668E+01  0.34584025825636E+01  0.38759749022474E+01
 0.100800E+02  0.11182900329783E+01  0.34478452749639E+01  0.38663264197831E+01
 0.101200E+02  0.11162448029682E+01  0.34379782636893E+01  0.38557616257819E+01
 0.101600E+02  0.11142053884364E+01  0.34284259641889E+01  0.38443867957922E+01
 0.102000E+02  0.11121719438192E+01  0.34188329371396E+01  0.38322913477735E+01
 0.102400E+02  0.11101446151651E+01  0.34088952178763E+01  0.38195421650095E+01
 0.102800E+02  0.11081238937552E+01  0.33983782546416E+01  0.38061940767655E+01
 0.103200E+02  0.11061100370001E+01  0.33871338951773E+01  0.37922956281975E+01
 0.103600E+02  0.11041033209573E+01  0.33751242756759E+01  0.37778785264992E+01
 0.104000E+02  0.11021043066786E+01  0.33624447907350E+01  0.37629358648999E+01
 0.104400E+02  0.11001131134230E+01  0.33493200710009E+01  0.37474152003846E+01
 0.104800E+02  0.10981301050243E+01  0.33360618324612E+01  0.37312445421412E+01
 0.105200E+02  0.10961552921490E+01  0.33229963736786E+01  0.37143848786831E+01
 0.105600E+02  0.10941889581576E+01  0.33103865647668E+01  0.36968888981375E+01
 0.106000E+02  0.10922311508465E+01  0.32983663898109E+01  0.36789451814577E+01
 0.106400E+02  0.10902814982848E+01  0.32868988996191E+01  0.36608964093518E+01
 0.106800E+02  0.10883400836001E+01  0.32757659744161E+01  0.36432255015678E+01
 0.107200E+02  0.10864066064374E+01  0.32646012316372E+01  0.36264987437353E+01
 0.107600E+02  0.10844807716866E+01  0.32529714480706E+01  0.36112653943909E+01
 0.108000E+02  0.10825623450306E+01  0.32404892694708E+01  0.35979333412665E+01
 0.108400E+02  0.10806510066717E+01  0.32269181476508E+01  0.35866617945815E+01
 0.108800E+02  0.10787465031274E+01  0.32122309074901E+01  0.35773141726233E+01
 0.109200E+02  0.10768486646250E+01  0.31966083831359E+01  0.35694851925711E+01
 0.109600E+02  0.10749572742829E+01  0.31803920587259E+01  0.35625843300176E+01
 0.110000E+02  0.10730723978084E+01  0.31640163895528E+01  0.35559421786964E+01
 0.110400E+02  0.10711940535282E+01  0.31479366872820E+01  0.35489131229569E+01
 0.110800E+02  0.10693220931858E+01  0.31325592192161E+01  0.35409622292413E+01
 0.111200E+02  0.10674567032975E+01  0.31181766825890E+01  0.35317336854650E+01
 0.111600E+02  0.10655979937113E+01  0.31049178324203E+01  0.35210948604363E+01
 0.112000E+02  0.10637459005101E+01  0.30927294071711E+01  0.35091450409042E+01
 0.112400E+02  0.10619007490817E+01  0.30814046497924E+01  0.34961780499218E+01
 0.112800E+02  0.10600623632068E+01  0.30706541161428E+01  0.34825972475143E+01
 0.113200E+02  0.10582307500468E+01  0.30601886295795E+01  0.34688148121689E+01
 0.113600E+02  0.10564058596757E+01  0.30497734756566E+01  0.34551734594132E+01
 0.114000E+02  0.10545878371801E+01  0.30392320085869E+01  0.34419214419782E+01
 0.114400E+02  0.10527762847586E+01  0.30284135686906E+01  0.34292327071069E+01
 0.114800E+02  0.10509713687470E+01  0.30171650156485E+01  0.34172383458809E+01
 0.115200E+02  0.10491728319296E+01  0.30053341133381E+01  0.34060340015559E+01
 0.115600E+02  0.10473807512278E+01  0.29928056385381E+01  0.33956584804647E+01
 0.116000E+02  0.10455951723815E+01  0.29795480976343E+01  0.33860583179822E+01
 0.116400E+02  0.10438159583152E+01  0.29656479342269E+01  0.33770604186229E+01
 0.116800E+02  0.10420431509828E+01  0.29513167742676E+01  0.33683692289178E+01
 0.117200E+02  0.10402767796526E+01  0.29368713739553E+01  0.33595883002133E+01
 0.117600E+02  0.10385169784010E+01  0.29226912156685E+01  0.33502646997064E+01
 0.118000E+02  0.10367637851256E+01  0.29091616519451E+01  0.33399468306308E+01
 0.118400E+02  0.10350172931439E+01  0.28966100451926E+01  0.33282505258320E+01
 0.118800E+02  0.10332776424012E+01  0.28852441084754E+01  0.33149229432168E+01
 0.119200E+02  0.10315450239966E+01  0.28751081784069E+01  0.32998892372002E+01
 0.119600E+02  0.10298195452542E+01  0.28660738655607E+01  0.32832652348764E+01
 0.120000E+02  0.10281013212178E+01  0.28578730244409E+01  0.32653286163354E+01
 0.120400E+02  0.10263904558642E+01  0.28501631394779E+01  0.32464549796308E+01
 0.120800E+02  0.10246871346366E+01  0.28426062254617E+01  0.32270376798438E+01
 0.121200E+02  0.10229913534607E+01  0.28349392792645E+01  0.32074107315241E+01
 0.121600E+02  0.10213031925913E+01  0.28270216877254E+01  0.31877931800517E+01
 0.122000E+02  0.10196228781954E+01  0.28188491012771E+01  0.31682663595881E+01
 0.122400E+02  0.10179503279108E+01  0.28105337167048E+01  0.31487874241833E+01
 0.122800E+02  0.10162854459508E+01  0.28022568311191E+01  0.31292360909194E+01
 0.123200E+02  0.10146284968509E+01  0.27942073334772E+01  0.31094789993999E+01
 0.123600E+02  0.10129792881716E+01  0.27865211375075E+01  0.30894348711356E+01
 0.124000E+02  0.10113377671304E+01  0.27792333251366E+01  0.30691272790393E+01
 0.124400E+02  0.10097039305074E+01  0.27722543617549E+01  0.30487120264917E+01
 0.124800E+02  0.10080777797943E+01  0.27653789013642E+01  0.30284688082211E+01
 0.125200E+02  0.10064591919482E+01  0.27583304264038E+01  0.30087544436975E+01
 0.125600E+02  0.10048481468744E+01  0.27508308384373E+01  0.29899280110758E+01
 0.126000E+02  0.10032442836256E+01  0.27426648640328E+01  0.29722774221461E+01
 0.126400E+02  0.10016476404194E+01  0.27337104590647E+01  0.29559789275337E+01
 0.126800E+02  0.10000579449824E+01  0.27239237483766E+01  0.29411033265106E+01
 0.127200E+02  0.99847497753754E+00  0.27132978228954E+01  0.29276538214544E+01
 0.127600E+02  0.99689864000614E+00  0.27018297515729E+01  0.29156023488392E+01
 0.128000E+02  0.99532889390310E+00  0.26895211410139E+01  0.29048968547195E+01
 0.128400E+02  0.99376555503564E+00  0.26764111019966E+01  0.28954390407485E+01
 0.128800E+02  0.99220848674926E+00  0.26626172127846E+01  0.28870541048650E+01
 0.129200E+02  0.99065753903542E+00  0.26483581222411E+01  0.28794781772631E+01
 0.129600E+02  0.98911266983318E+00  0.26339436696226E+01  0.28723762882594E+01
 0.130000E+02  0.98757376654302E+00  0.26197359361596E+01  0.28653859668606E+01
 0.130400E+02  0.98604076286860E+00  0.26060940093630E+01  0.28581731498336E+01
 0.130800E+02  0.98451357349581E+00  0.25933159769717E+01  0.28504852605025E+01
 0.131200E+02  0.98299207838637E+00  0.25815877850128E+01  0.28421929580074E+01
 0.131600E+02  0.98147608019198E+00  0.25709507761398E+01  0.28333109279997E+01
 0.132000E+02  0.97996551787182E+00  0.25612965891549E+01  0.28239931248450E+01
 0.132400E+02  0.97846013924236E+00  0.25523923207487E+01  0.28144995084561E+01
 0.132800E+02  0.97695988802349E+00  0.25439301967757E+01  0.28051439093360E+01
 0.133200E+02  0.97546455358242E+00  0.25355868614425E+01  0.27962347122211E+01
 0.133600E+02  0.97397393232943E+00  0.25270794989970E+01  0.27880213635108E+01
 0.134000E+02  0.97248795164915E+00  0.25182092344004E+01  0.27806543557198E+01
 0.134400E+02  0.97100649984649E+00  0.25088876602844E+01  0.27741612361589E+01
 0.134800E+02  0.96952933917727E+00  0.24991431356595E+01  0.27684419070019E+01
 0.135200E+02  0.96805650931022E+00  0.24891079910071E+01  0.27632838739257E+01
 0.135600E+02  0.96658796201761E+00  0.24789880233599E+01  0.27583947213358E+01
 0.136000E+02  0.96512353683905E+00  0.24690214702948E+01  0.27534474526202E+01
 0.136400E+02  0.96366325535406E+00  0.24594340518950E+01  0.27481320065513E+01
 0.136800E+02  0.96220714251389E+00  0.24503977262776E+01  0.27422016542546E+01
 0.137200E+02  0.96075525820700E+00  0.24420036304994E+01  0.27355046236944E+01
 0.137600E+02  0.95930757979917E+00  0.24342579096819E+01  0.27279889996568E+01
 0.138000E+02  0.95786424858031E+00  0.24271023132011E+01  0.27196802867950E+01
 0.138400E+02  0.95642535052718E+00  0.24204503068413E+01  0.27106406076622E+01
 0.138800E+02  0.95499078187572E+00  0.24142180007732E+01  0.27009332682947E+01
 0.139200E+02  0.95356076718738E+00  0.24083349775856E+01  0.26906091550387E+01
 0.139600E+02  0.95213537124269E+00  0.24027293645374E+01  0.26797197301783E+01
 0.140000E+02  0.95071446918880E+00  0.23973018356004E+01  0.26683427296354E+01
 0.140400E+02  0.94929843077419E+00  0.23919089007575E+01  0.26565992391255E+01
 0.140800E+02  0.94788723930305E+00  0.23863686941814E+01  0.26446469908733E+01
 0.141200E+02  0.94648105604820E+00  0.23804899222241E+01  0.26326527628413E+01
 0.141600E+02  0.94507990905274E+00  0.23741090696065E+01  0.26207580225454E+01
 0.142000E+02  0.94368390880018E+00  0.23671199511476E+01  0.26090566876106E+01
 0.142400E+02  0.94229319403065E+00  0.23594844059968E+01  0.25975936549389E+01
 0.142800E+02  0.94090780613617E+00  0.23512229758364E+01  0.25863836678338E+01
 0.143200E+02  0.93952799354363E+00  0.23423917839886E+01  0.25754404878052E+01
 0.143600E+02  0.93815374975434E+00  0.23330555764818E+01  0.25648032379783E+01
 0.144000E+02  0.93678503008515E+00  0.23232664099108E+01  0.25545505966768E+01
 0.144400E+02  0.93542203764861E+00  0.23130536878374E+01  0.25447988960111E+01
 0.144800E+02  0.93406453938000E+00  0.23024272863400E+01  0.25356839032411E+01
 0.145200E+02  0.93271253918797E+00  0.22913903350542E+01  0.25273356642725E+01
 0.145600E+02  0.93136584439620E+00  0.22799559522278E+01  0.25198519973361E+01
 0.146000E+02  0.93002439185498E+00  0.22681628000160E+01  0.25132783118180E+01
 0.146400E+02  0.92868809188193E+00  0.22560871530865E+01  0.25075942912390E+01
 0.146800E+02  0.92735654217624E+00  0.22438491913481E+01  0.25027086999022E+01
 0.147200E+02  0.92602977153396E+00  0.22316116670170E+01  0.24984639833507E+01
 0.147600E+02  0.92470740800556E+00  0.22195696982259E+01  0.24946481046406E+01
 0.148000E+02  0.92338948762417E+00  0.22079330553341E+01  0.24910156542670E+01
 0.148400E+02  0.92207578815297E+00  0.21969047406054E+01  0.24873115761348E+01
 0.148800E+02  0.92076611343463E+00  0.21866596256902E+01  0.24832969738853E+01
 0.149200E+02  0.91946043822397E+00  0.21773258632074E+01  0.24787728905682E+01
 0.149600E+02  0.91815847975481E+00  0.21689697257177E+01  0.24735999846217E+01
 0.150000E+02  0.91686039879794E+00  0.21615874913645E+01  0.24677115474047E+01
 0.150400E+02  0.91556591488489E+00  0.21551076176126E+01  0.24611120239047E+01
 0.150800E+02  0.91427513300690E+00  0.21494058386045E+01  0.24538634988381E+01
 0.151200E+02  0.91298795249498E+00  0.21443276620731E+01  0.24460611591869E+01
 0.151600E+02  0.91170436751707E+00  0.21397101768666E+01  0.24378117759199E+01
 0.152000E+02  0.91042438648513E+00  0.21353935428723E+01  0.24292225580729E+01
 0.152400E+02  0.90914812367451E+00  0.21312211431426E+01  0.24204022151567E+01
 0.152800E+02  0.90787544141956E+00  0.21270329803000E+01  0.24114680090805E+01
 0.153200E+02  0.90660644484759E+00  0.21226617903611E+01  0.24025499724761E+01
 0.153600E+02  0.90534124247747E+00  0.21179375616773E+01  0.23937847788578E+01
 0.154000E+02  0.90407981062293E+00  0.21127022100916E+01  0.23852998751379E+01
 0.154400E+02  0.90282228723252E+00  0.21068278584314E+01  0.23771961025634E+01
 0.154800E+02  0.90156868298918E+00  0.21002327206255E+01  0.23695344828289E+01
 0.155200E+02  0.90031910307761E+00  0.20928882576774E+01  0.23623343076931E+01
 0.155600E+02  0.89907371058551E+00  0.20848170823991E+01  0.23555804602153E+01
 0.156000E+02  0.89783256898503E+00  0.20760832948601E+01  0.23492359264458E+01
 0.156400E+02  0.89659553091900E+00  0.20667793198451E+01  0.23432542992503E+01
 0.156800E+02  0.89536280219082E+00  0.20570133251690E+01  0.23375888220007E+01
 0.157200E+02  0.89413448420476E+00  0.20468977544379E+01  0.23321961103741E+01
 0.157600E+02  0.89291043595088E+00  0.20365409939599E+01  0.23270370495432E+01
 0.158000E+02  0.89169084113257E+00  0.20260413437098E+01  0.23220770851922E+01
 0.158400E+02  0.89047545627336E+00  0.20154855068775E+01  0.23172837088072E+01
 0.158800E+02  0.88926431799067E+00  0.20049529060108E+01  0.23126225593000E+01
 0.159200E+02  0.88805745571584E+00  0.19945252265855E+01  0.23080492299139E+01
 0.159600E+02  0.88685469274033E+00  0.19842977925811E+01  0.23034996506921E+01
 0.160000E+02  0.88565608320712E+00  0.19743875662907E+01  0.22988840904602E+01
 0.160400E+02  0.88446151336730E+00  0.19649332346635E+01  0.22940858657782E+01
 0.160800E+02  0.88327096755985E+00  0.19560875153132E+01  0.22889674276109E+01
 0.161200E+02  0.88208413224144E+00  0.19480041895976E+01  0.22833800217685E+01
 0.161600E+02  0.88090115871229E+00  0.19408231692576E+01  0.22771774161316E+01
 0.162000E+02  0.87972200539188E+00  0.19346555675175E+01  0.22702293108169E+01
 0.162400E+02  0.87854636729971E+00  0.19295691190058E+01  0.22624367245137E+01
 0.162800E+02  0.87737429659276E+00  0.19255765183079E+01  0.22537469309444E+01
 0.163200E+02  0.87620583371475E+00  0.19226295055095E+01  0.22441618201737E+01
 0.163600E+02  0.87504077305259E+00  0.19206210527915E+01  0.22337384808155E+01
 0.164000E+02  0.87387925724565E+00  0.19193963604190E+01  0.22225815908837E+01
 0.164400E+02  0.87272117912567E+00  0.19187685369867E+01  0.22108294685218E+01
 0.164800E+02  0.87156659366351E+00  0.19185351931343E+01  0.21986403212401E+01
 0.165200E+02  0.87041553290711E+00  0.19184912691899E+01  0.21861809760699E+01
 0.165600E+02  0.86926786920653E+00  0.19184379924269E+01  0.21736195928671E+01
 0.166000E+02  0.86812380736741E+00  0.19181875724000E+01  0.21611221256261E+01
 0.166400E+02  0.86698337737497E+00  0.19175665705821E+01  0.21488491092493E+01
 0.166800E+02  0.86584650600066E+00  0.19164176052765E+01  0.21369541929535E+01
 0.167200E+02  0.86471337064418E+00  0.19146018878178E+01  0.21255820871371E+01
 0.167600E+02  0.86358391811317E+00  0.19120014011432E+01  0.21148664672559E+01
 0.168000E+02  0.86245824312771E+00  0.19085215876239E+01  0.21049283010885E+01
 0.168400E+02  0.86133631182138E+00  0.19040934618316E+01  0.20958733519417E+01
 0.168800E+02  0.86021824072863E+00  0.18986761466273E+01  0.20877885223134E+01
 0.169200E+02  0.85910386017228E+00  0.18922585152498E+01  0.20807368482616E+01
 0.169600E+02  0.85799339611882E+00  0.18848593126315E+01  0.20747531218148E+01
 0.170000E+02  0.85688645505815E+00  0.18765249420148E+01  0.20698400076315E+01
 0.170400E+02  0.85578324655057E+00  0.18673251336541E+01  0.20659685032288E+01
 0.170800E+02  0.85468366646740E+00  0.18573473048076E+01  0.20630790634080E+01
 0.171200E+02  0.85358776420373E+00  0.18466924645682E+01  0.20610850017428E+01
 0.171600E+02  0.85249527674888E+00  0.18354748064537E+01  0.20598732184815E+01
 0.172000E+02  0.85140623949421E+00  0.18238244398764E+01  0.20593047392548E+01
 0.172400E+02  0.85032060734013E+00  0.18118906568851E+01  0.20592141288862E+01
 0.172800E+02  0.84923829457335E+00  0.17998430069154E+01  0.20594114689561E+01
 0.173200E+02  0.84815938569001E+00  0.17878678153822E+01  0.20596878914049E+01
 0.173600E+02  0.84708366387929E+00  0.17761597440856E+01  0.20598241989737E+01
 0.174000E+02  0.84601114973932E+00  0.17649114655395E+01  0.20596016515989E+01
 0.174400E+02  0.84494186508722E+00  0.17543017497666E+01  0.20588133183863E+01
 0.174800E+02  0.84387571905597E+00  0.17444836393743E+01  0.20572763525637E+01
 0.175200E+02  0.84281277144450E+00  0.17355727778369E+01  0.20548451977876E+01
 0.175600E+02  0.84175312448609E+00  0.17276370483210E+01  0.20514243993881E+01
 0.176000E+02  0.84069647336832E+00  0.17206902638480E+01  0.20469773446985E+01
 0.176400E+02  0.83964306665170E+00  0.17146920550488E+01  0.20415296902562E+01
 0.176800E+02  0.83859286662015E+00  0.17095557100785E+01  0.20351622903931E+01
 0.177200E+02  0.83754590617848E+00  0.17051621956337E+01  0.20279972117390E+01
 0.177600E+02  0.83650217232657E+00  0.17013783026688E+01  0.20201784729265E+01
 0.178000E+02  0.83546170802352E+00  0.16980745104430E+01  0.20118523051503E+01
 0.178400E+02  0.83442449251693E+00  0.16951383531899E+01  0.20031511463386E+01
 0.178800E+02  0.83339067291280E+00  0.16924809471905E+01  0.19941856850746E+01
 0.179200E+02  0.83235990083002E+00  0.16900361172067E+01  0.19850428141577E+01
 0.179600E+02  0.83133248816911E+00  0.16877542654510E+01  0.19757919996583E+01
 0.180000E+02  0.83030827746833E+00  0.16855934480510E+01  0.19664919528007E+01
 0.180400E+02  0.82928726580947E+00  0.16835119704619E+01  0.19571982530303E+01
 0.180800E+02  0.82826949894492E+00  0.16814642841356E+01  0.19479671849270E+01
 0.181200E+02  0.82725475943086E+00  0.16794006665106E+01  0.19388561483882E+01
 0.181600E+02  0.82624315556388E+00  0.16772691495199E+01  0.19299220478745E+01
 0.182000E+02  0.82523464841541E+00  0.16750182515658E+01  0.19212182988022E+01
 0.182400E+02  0.82422919302291E+00  0.16725992655435E+01  0.19127922804061E+01
 0.182800E+02  0.82322671828752E+00  0.16699669985041E+01  0.19046843458873E+01
 0.183200E+02  0.82222730883748E+00  0.16670801701143E+01  0.18969275530325E+01
 0.183600E+02  0.82123086291820E+00  0.16639016690227E+01  0.18895470295992E+01
 0.184000E+02  0.82023730985071E+00  0.16604009020653E+01  0.18825589167432E+01
 0.184400E+02  0.81924677076240E+00  0.16565568971014E+01  0.18759684978340E+01
 0.184800E+02  0.81825913889455E+00  0.16523629358928E+01  0.18697669127139E+01
 0.185200E+02  0.81727442241361E+00  0.16478292467655E+01  0.18639299352235E+01
 0.185600E+02  0.81629253570065E+00  0.16429843232066E+01  0.18584176633893E+01
 0.186000E+02  0.81531355133844E+00  0.16378723617468E+01  0.18531772754117E+01
 0.186400E+02  0.81433743175205E+00  0.16325491894687E+01  0.18481465162041E+01
 0.186800E+02  0.81336424509292E+00  0.16270761996429E+01  0.18432584549957E+01
 0.187200E+02  0.81239396097760E+00  0.16215136513163E+01  0.18384466664426E+01
 0.187600E+02  0.81142660926872E+00  0.16159146392515E+01  0.18336504697079E+01
 0.188000E+02  0.81046210014461E+00  0.16103187467180E+01  0.18288207166505E+01
 0.188400E+02  0.80950059205430E+00  0.16047477194391E+01  0.18239253263212E+01
 0.188800E+02  0.80854210413372E+00  0.15992032552073E+01  0.18189528234575E+01
 0.189200E+02  0.80758649524221E+00  0.15936684061199E+01  0.18139127909559E+01
 0.189600E+02  0.80663385118388E+00  0.15881139534980E+01  0.18088321264601E+01
 0.190000E+02  0.80568415194567E+00  0.15825074256368E+01  0.18037467189684E+01
 0.190400E+02  0.80473751468611E+00  0.15768249774007E+01  0.17986912036921E+01
 0.190800E+02  0.80379381809918E+00  0.15710613691737E+01  0.17936884845059E+01
 0.191200E+02  0.80285316390355E+00  0.15652358067564E+01  0.17887439849492E+01
 0.191600E+02  0.80191558099603E+00  0.15593912925708E+01  0.17838450241941E+01
 0.192000E+02  0.80098096229959E+00  0.15535868513856E+01  0.17789669917933E+01
 0.192400E+02  0.80004932869011E+00  0.15478853376244E+01  0.17740835417435E+01
 0.192800E+02  0.79912060679158E+00  0.15423400535796E+01  0.17691771494627E+01
 0.193200E+02  0.79819483848678E+00  0.15369845669892E+01  0.17642468695618E+01
 0.193600E+02  0.79727187597817E+00  0.15318266903700E+01  0.17593111697165E+01
 0.194000E+02  0.79635164991739E+00  0.15268486318881E+01  0.17544057910521E+01
 0.194400E+02  0.79543428480292E+00  0.15220103575359E+01  0.17495789550850E+01
 0.194800E+02  0.79451960857985E+00  0.15172549319171E+01  0.17448845945870E+01
 0.195200E+02  0.79360747464748E+00  0.15125148504285E+01  0.17403766408065E+01
 0.195600E+02  0.79269784991001E+00  0.15077183826180E+01  0.17361036085220E+01
 0.196000E+02  0.79179070952873E+00  0.15027959310400E+01  0.17321042662469E+01
 0.196400E+02  0.79088610181571E+00  0.14976866787613E+01  0.17284029179288E+01
 0.196800E+02  0.78998405631482E+00  0.14923446214427E+01  0.17250057458402E+01
 0.197200E+02  0.78908441447837E+00  0.14867435734212E+01  0.17218980428971E+01
 0.197600E+02  0.78818712982900E+00  0.14808800884448E+01  0.17190434697973E+01
 0.198000E+02  0.78729235419705E+00  0.14747735187990E+01  0.17163856051940E+01
 0.198400E+02  0.78640008765319E+00  0.14684636651844E+01  0.17138509926190E+01
 0.198800E+02  0.78551025869643E+00  0.14620065348012E+01  0.17113542051608E+01
 0.199200E+02  0.78462296682343E+00  0.14554689174640E+01  0.17088032507507E+01
 0.199600E+02  0.78373825552311E+00  0.14489229397799E+01  0.17061046333179E+01
 0.200000E+02  0.78285623374490E+00  0.14424407147754E+01  0.17031677396073E+01
