 0.000000E+00  0.71086342904080E+00  0.69565698694850E+00
 0.400000E-01  0.70943248305147E+00  0.69990301547775E+00
 0.800000E-01  0.70801634813422E+00  0.70322567649428E+00
 0.120000E+00  0.70661567968179E+00  0.70544484208768E+00
 0.160000E+00  0.70523096028373E+00  0.70643280674678E+00
 0.200000E+00  0.70386225498640E+00  0.70617650967068E+00
 0.240000E+00  0.70250978358300E+00  0.70472386450055E+00
 0.280000E+00  0.70117381377739E+00  0.70209931949883E+00
 0.320000E+00  0.69985445638448E+00  0.69829093546135E+00
 0.360000E+00  0.69855167462359E+00  0.69329830307224E+00
 0.400000E+00  0.69726547386504E+00  0.68719374955211E+00
 0.440000E+00  0.69599573164983E+00  0.68014441585266E+00
 0.480000E+00  0.69474200652489E+00  0.67239063227247E+00
 0.520000E+00  0.69350361970574E+00  0.66421874661802E+00
 0.560000E+00  0.69228059981247E+00  0.65593751287536E+00
 0.600000E+00  0.69107348577739E+00  0.64785494735165E+00
 0.640000E+00  0.68988221235919E+00  0.64026873305439E+00
 0.680000E+00  0.68870605812325E+00  0.63346020610187E+00
 0.720000E+00  0.68754362029970E+00  0.62768533786947E+00
 0.760000E+00  0.68639314967731E+00  0.62317517310945E+00
 0.800000E+00  0.68525238987692E+00  0.62012914433183E+00
 0.840000E+00  0.68411920044105E+00  0.61869397045385E+00
 0.880000E+00  0.68299204176071E+00  0.61894374084038E+00
 0.920000E+00  0.68186998567530E+00  0.62087425490204E+00
 0.960000E+00  0.68075280324037E+00  0.62439820477433E+00
 0.100000E+01  0.67964086247007E+00  0.62933790674889E+00
 0.104000E+01  0.67853478772504E+00  0.63543839870982E+00
 0.108000E+01  0.67743458057620E+00  0.64240833876986E+00
 0.112000E+01  0.67633975284416E+00  0.64995144539148E+00
 0.116000E+01  0.67525001110935E+00  0.65776718422418E+00
 0.120000E+01  0.67416534458665E+00  0.66554376944012E+00
 0.124000E+01  0.67308595095849E+00  0.67296459784177E+00
 0.128000E+01  0.67201132392287E+00  0.67972012494076E+00
 0.132000E+01  0.67094090390586E+00  0.68552529623109E+00
 0.136000E+01  0.66987409200571E+00  0.69013584277629E+00
 0.140000E+01  0.66881027480385E+00  0.69335645501253E+00
 0.144000E+01  0.66774895291143E+00  0.69504755836517E+00
 0.148000E+01  0.66669016874590E+00  0.69513711104461E+00
 0.152000E+01  0.66563422835996E+00  0.69362767269746E+00
 0.156000E+01  0.66458147359662E+00  0.69058490226844E+00
 0.160000E+01  0.66353134204764E+00  0.68611192275732E+00
 0.164000E+01  0.66248282278048E+00  0.68032922624233E+00
 0.168000E+01  0.66143469470183E+00  0.67337155271269E+00
 0.172000E+01  0.66038584876174E+00  0.66539376962296E+00
 0.176000E+01  0.65933580928938E+00  0.65657110267630E+00
 0.180000E+01  0.65828454489649E+00  0.64709034996104E+00
 0.184000E+01  0.65723217005307E+00  0.63714273649039E+00
 0.188000E+01  0.65617897507703E+00  0.62692100673733E+00
 0.192000E+01  0.65512533751400E+00  0.61661950397217E+00
 0.196000E+01  0.65407197218375E+00  0.60643271107208E+00
 0.200000E+01  0.65301999823172E+00  0.59655266636733E+00
 0.204000E+01  0.65197100930029E+00  0.58716402833846E+00
 0.208000E+01  0.65092660578540E+00  0.57843908783422E+00
 0.212000E+01  0.64988806773555E+00  0.57052980362410E+00
 0.216000E+01  0.64885628172968E+00  0.56355752027212E+00
 0.220000E+01  0.64783169412079E+00  0.55760507325369E+00
 0.224000E+01  0.64681449462853E+00  0.55271862550971E+00
 0.228000E+01  0.64580453220954E+00  0.54891428927484E+00
 0.232000E+01  0.64480112923041E+00  0.54618300923376E+00
 0.236000E+01  0.64380313277923E+00  0.54449084596932E+00
 0.240000E+01  0.64280898021042E+00  0.54377835858575E+00
 0.244000E+01  0.64181719006402E+00  0.54396334073684E+00
 0.248000E+01  0.64082660920379E+00  0.54494415335919E+00
 0.252000E+01  0.63983658285678E+00  0.54660212750919E+00
 0.256000E+01  0.63884692076158E+00  0.54880372838447E+00
 0.260000E+01  0.63785758167082E+00  0.55140547483131E+00
 0.264000E+01  0.63686865959828E+00  0.55426188625205E+00
 0.268000E+01  0.63588023815774E+00  0.55723474161724E+00
 0.272000E+01  0.63489270943380E+00  0.56020136011177E+00
 0.276000E+01  0.63390669754782E+00  0.56305965594477E+00
 0.280000E+01  0.63292296778659E+00  0.56572952258416E+00
 0.284000E+01  0.63194268454695E+00  0.56815309632567E+00
 0.288000E+01  0.63096674120056E+00  0.57029275835633E+00
 0.292000E+01  0.62999564685746E+00  0.57212842671662E+00
 0.296000E+01  0.62902939593035E+00  0.57365411544453E+00
 0.300000E+01  0.62806740066213E+00  0.57487764196801E+00
 0.304000E+01  0.62710884227176E+00  0.57582048781191E+00
 0.308000E+01  0.62615300885847E+00  0.57651433218956E+00
 0.312000E+01  0.62519896896612E+00  0.57699332700990E+00
 0.316000E+01  0.62424596195129E+00  0.57728957456715E+00
 0.320000E+01  0.62329335603299E+00  0.57743284204096E+00
 0.324000E+01  0.62234051610792E+00  0.57745438486754E+00
 0.328000E+01  0.62138697967841E+00  0.57738950714271E+00
 0.332000E+01  0.62043239844539E+00  0.57727589746751E+00
 0.336000E+01  0.61947657331801E+00  0.57714964370280E+00
 0.340000E+01  0.61851952042324E+00  0.57704044837125E+00
 0.344000E+01  0.61756171547466E+00  0.57696727840926E+00
 0.348000E+01  0.61660393954870E+00  0.57693448358732E+00
 0.352000E+01  0.61564742966340E+00  0.57693321700794E+00
 0.356000E+01  0.61469342077181E+00  0.57694518009283E+00
 0.360000E+01  0.61374320973985E+00  0.57694819555948E+00
 0.364000E+01  0.61279793939866E+00  0.57691800115382E+00
 0.368000E+01  0.61185840878854E+00  0.57682824371629E+00
 0.372000E+01  0.61092498927041E+00  0.57664896057642E+00
 0.376000E+01  0.60999800709827E+00  0.57634575909776E+00
 0.380000E+01  0.60907731394671E+00  0.57587955232377E+00
 0.384000E+01  0.60816290580739E+00  0.57520903591051E+00
 0.388000E+01  0.60725443402971E+00  0.57429305275343E+00
 0.392000E+01  0.60635162681637E+00  0.57309479521581E+00
 0.396000E+01  0.60545399968731E+00  0.57158563794875E+00
 0.400000E+01  0.60456104669164E+00  0.56974935270738E+00
 0.404000E+01  0.60367194252417E+00  0.56758569497040E+00
 0.408000E+01  0.60278575182198E+00  0.56511237536306E+00
 0.412000E+01  0.60190135826996E+00  0.56236529669049E+00
 0.416000E+01  0.60101782374166E+00  0.55939736929390E+00
 0.420000E+01  0.60013421549953E+00  0.55627609646482E+00
 0.424000E+01  0.59924990369731E+00  0.55308144131940E+00
 0.428000E+01  0.59836428545517E+00  0.54990111858669E+00
 0.432000E+01  0.59747717261165E+00  0.54682617848871E+00
 0.436000E+01  0.59658847984984E+00  0.54394351968497E+00
 0.440000E+01  0.59569813062242E+00  0.54133057401391E+00
 0.444000E+01  0.59480631434542E+00  0.53905138280470E+00
 0.448000E+01  0.59391294109694E+00  0.53715683716688E+00
 0.452000E+01  0.59301799069614E+00  0.53568601070262E+00
 0.456000E+01  0.59212125766119E+00  0.53466940954951E+00
 0.460000E+01  0.59122259336952E+00  0.53412987688646E+00
 0.464000E+01  0.59032190128636E+00  0.53408287397129E+00
 0.468000E+01  0.58941902185819E+00  0.53453521449639E+00
 0.472000E+01  0.58851417338595E+00  0.53548501930997E+00
 0.476000E+01  0.58760752485726E+00  0.53692051365008E+00
 0.480000E+01  0.58669949757199E+00  0.53882048639006E+00
 0.484000E+01  0.58579073005989E+00  0.54115468058096E+00
 0.488000E+01  0.58488170904112E+00  0.54388302631430E+00
 0.492000E+01  0.58397322310203E+00  0.54695404259652E+00
 0.496000E+01  0.58306592651459E+00  0.55030207672364E+00
 0.500000E+01  0.58216044281492E+00  0.55384647234490E+00
 0.504000E+01  0.58125741815490E+00  0.55749300519028E+00
 0.508000E+01  0.58035736709816E+00  0.56113699463000E+00
 0.512000E+01  0.57946085365325E+00  0.56466851843549E+00
 0.516000E+01  0.57856811252726E+00  0.56797692449960E+00
 0.520000E+01  0.57767922367830E+00  0.57095541510995E+00
 0.524000E+01  0.57679446047648E+00  0.57350537236419E+00
 0.528000E+01  0.57591371194868E+00  0.57554020876383E+00
 0.532000E+01  0.57503685319254E+00  0.57698899622157E+00
 0.536000E+01  0.57416385602508E+00  0.57780041377724E+00
 0.540000E+01  0.57329450835856E+00  0.57794495843596E+00
 0.544000E+01  0.57242862788975E+00  0.57741540781589E+00
 0.548000E+01  0.57156612811267E+00  0.57622698714126E+00
 0.552000E+01  0.57070693534902E+00  0.57441496317428E+00
 0.556000E+01  0.56985099765931E+00  0.57203176228687E+00
 0.560000E+01  0.56899813962256E+00  0.56914310556467E+00
 0.564000E+01  0.56814833904046E+00  0.56582329321982E+00
 0.568000E+01  0.56730132899171E+00  0.56215041789756E+00
 0.572000E+01  0.56645697169240E+00  0.55820356945403E+00
 0.576000E+01  0.56561523239238E+00  0.55406206734621E+00
 0.580000E+01  0.56477603244690E+00  0.54980556948608E+00
 0.584000E+01  0.56393939234443E+00  0.54551502905922E+00
 0.588000E+01  0.56310527888813E+00  0.54127261162535E+00
 0.592000E+01  0.56227358848858E+00  0.53716029686188E+00
 0.596000E+01  0.56144435699753E+00  0.53325841636664E+00
 0.600000E+01  0.56061768477384E+00  0.52964361034640E+00
 0.604000E+01  0.55979359064246E+00  0.52638585624150E+00
 0.608000E+01  0.55897214326714E+00  0.52354676477939E+00
 0.612000E+01  0.55815359815731E+00  0.52117666086031E+00
 0.616000E+01  0.55733813069066E+00  0.51931194750633E+00
 0.620000E+01  0.55652597465907E+00  0.51797197697576E+00
 0.624000E+01  0.55571743017417E+00  0.51715716395707E+00
 0.628000E+01  0.55491279080807E+00  0.51684840005358E+00
 0.632000E+01  0.55411227098958E+00  0.51700832641133E+00
 0.636000E+01  0.55331595707304E+00  0.51758485029907E+00
 0.640000E+01  0.55252406956510E+00  0.51851430221515E+00
 0.644000E+01  0.55173657940675E+00  0.51972542421179E+00
 0.648000E+01  0.55095339557179E+00  0.52114266826319E+00
 0.652000E+01  0.55017442690981E+00  0.52268833326376E+00
 0.656000E+01  0.54939959584549E+00  0.52428595925042E+00
 0.660000E+01  0.54862878419289E+00  0.52586245399686E+00
 0.664000E+01  0.54786178626312E+00  0.52735077011689E+00
 0.668000E+01  0.54709846310252E+00  0.52869266539548E+00
 0.672000E+01  0.54633860656935E+00  0.52983973433475E+00
 0.676000E+01  0.54558212014498E+00  0.53075476763740E+00
 0.680000E+01  0.54482882116182E+00  0.53141086175952E+00
 0.684000E+01  0.54407863607863E+00  0.53179100141363E+00
 0.688000E+01  0.54333149267719E+00  0.53188660462086E+00
 0.692000E+01  0.54258716076507E+00  0.53169616131086E+00
 0.696000E+01  0.54184533885873E+00  0.53122384462708E+00
 0.700000E+01  0.54110577397947E+00  0.53047929160411E+00
 0.704000E+01  0.54036808441501E+00  0.52947631692243E+00
 0.708000E+01  0.53963176838560E+00  0.52823285672563E+00
 0.712000E+01  0.53889642948871E+00  0.52677072440678E+00
 0.716000E+01  0.53816158726449E+00  0.52511461726249E+00
 0.720000E+01  0.53742686175741E+00  0.52329261928725E+00
 0.724000E+01  0.53669191634005E+00  0.52133500530401E+00
 0.728000E+01  0.53595659750655E+00  0.51927447589655E+00
 0.732000E+01  0.53522083731333E+00  0.51714503637039E+00
 0.736000E+01  0.53448454914601E+00  0.51498102999931E+00
 0.740000E+01  0.53374784286953E+00  0.51281618581008E+00
 0.744000E+01  0.53301084717566E+00  0.51068184057472E+00
 0.748000E+01  0.53227373243463E+00  0.50860527489313E+00
 0.752000E+01  0.53153668870186E+00  0.50660785542418E+00
 0.756000E+01  0.53079998086130E+00  0.50470421668150E+00
 0.760000E+01  0.53006378298011E+00  0.50290221910033E+00
 0.764000E+01  0.52932832030261E+00  0.50120431310205E+00
 0.768000E+01  0.52859371474373E+00  0.49960845695756E+00
 0.772000E+01  0.52786018390798E+00  0.49810966610248E+00
 0.776000E+01  0.52712780950940E+00  0.49670070096656E+00
 0.780000E+01  0.52639652531375E+00  0.49537210013605E+00
 0.784000E+01  0.52566640903529E+00  0.49411342823356E+00
 0.788000E+01  0.52493741998541E+00  0.49291416160447E+00
 0.792000E+01  0.52420945908304E+00  0.49176438526839E+00
 0.796000E+01  0.52348253660585E+00  0.49065728408946E+00
 0.800000E+01  0.52275658962983E+00  0.48958961872958E+00
 0.804000E+01  0.52203167330159E+00  0.48856291747888E+00
 0.808000E+01  0.52130777793288E+00  0.48758284177562E+00
 0.812000E+01  0.52058488739624E+00  0.48665848895043E+00
 0.816000E+01  0.51986304203201E+00  0.48580142040456E+00
 0.820000E+01  0.51914224171511E+00  0.48502456043447E+00
 0.824000E+01  0.51842236513141E+00  0.48434093877794E+00
 0.828000E+01  0.51770338607925E+00  0.48376325820339E+00
 0.832000E+01  0.51698527119980E+00  0.48330285555556E+00
 0.836000E+01  0.51626788851252E+00  0.48296865109198E+00
 0.840000E+01  0.51555121593355E+00  0.48276689822741E+00
 0.844000E+01  0.51483527363334E+00  0.48270080809724E+00
 0.848000E+01  0.51412015165734E+00  0.48276995895825E+00
 0.852000E+01  0.51340596137421E+00  0.48297064893268E+00
 0.856000E+01  0.51269281247329E+00  0.48329598612975E+00
 0.860000E+01  0.51198096516299E+00  0.48373624049515E+00
 0.864000E+01  0.51127068026964E+00  0.48427930539718E+00
 0.868000E+01  0.51056222254936E+00  0.48491039249870E+00
 0.872000E+01  0.50985585651222E+00  0.48561202528005E+00
 0.876000E+01  0.50915175908713E+00  0.48636360516953E+00
 0.880000E+01  0.50845014627902E+00  0.48714142879417E+00
 0.884000E+01  0.50775121330768E+00  0.48791891104313E+00
 0.888000E+01  0.50705504786722E+00  0.48866687384350E+00
 0.892000E+01  0.50636175157101E+00  0.48935498500841E+00
 0.896000E+01  0.50567131230193E+00  0.48995239267808E+00
 0.900000E+01  0.50498383742364E+00  0.49042930213082E+00
 0.904000E+01  0.50429932703990E+00  0.49075716572012E+00
 0.908000E+01  0.50361766101926E+00  0.49090958485090E+00
 0.912000E+01  0.50293873820224E+00  0.49086311623306E+00
 0.916000E+01  0.50226247212271E+00  0.49059835302563E+00
 0.920000E+01  0.50158877349439E+00  0.49010120003096E+00
 0.924000E+01  0.50091745939416E+00  0.48936400680918E+00
 0.928000E+01  0.50024833564323E+00  0.48838661127726E+00
 0.932000E+01  0.49958133087502E+00  0.48717739271828E+00
 0.936000E+01  0.49891628098682E+00  0.48575232171914E+00
 0.940000E+01  0.49825301426903E+00  0.48413478154158E+00
 0.944000E+01  0.49759135398573E+00  0.48235420955293E+00
 0.948000E+01  0.49693116987731E+00  0.48044492678634E+00
 0.952000E+01  0.49627226513167E+00  0.47844515791685E+00
 0.956000E+01  0.49561445275647E+00  0.47639558123570E+00
 0.960000E+01  0.49495751181596E+00  0.47433839857255E+00
 0.964000E+01  0.49430127308984E+00  0.47231607105866E+00
 0.968000E+01  0.49364553616192E+00  0.47037010369877E+00
 0.972000E+01  0.49299013731383E+00  0.46853967209392E+00
 0.976000E+01  0.49233498627586E+00  0.46686110406270E+00
 0.980000E+01  0.49167999453076E+00  0.46536637895226E+00
 0.984000E+01  0.49102515881346E+00  0.46408270799036E+00
 0.988000E+01  0.49037051231578E+00  0.46303194212483E+00
 0.992000E+01  0.48971603853079E+00  0.46222978166580E+00
 0.996000E+01  0.48906180181760E+00  0.46168557808476E+00
 0.100000E+02  0.48840796098299E+00  0.46140179112639E+00
 0.100400E+02  0.48775454223380E+00  0.46137371034700E+00
 0.100800E+02  0.48710169337418E+00  0.46158920779964E+00
 0.101200E+02  0.48644940203852E+00  0.46202894968454E+00
 0.101600E+02  0.48579782671819E+00  0.46266700166055E+00
 0.102000E+02  0.48514698354301E+00  0.46347148746697E+00
 0.102400E+02  0.48449692768628E+00  0.46440561012472E+00
 0.102800E+02  0.48384776436304E+00  0.46542933486378E+00
 0.103200E+02  0.48319962963035E+00  0.46649978922871E+00
 0.103600E+02  0.48255261763865E+00  0.46757325497813E+00
 0.104000E+02  0.48190687405374E+00  0.46860620059652E+00
 0.104400E+02  0.48126258482899E+00  0.46955640865794E+00
 0.104800E+02  0.48061995286715E+00  0.47038472877352E+00
 0.105200E+02  0.47997906510793E+00  0.47105607098554E+00
 0.105600E+02  0.47934014154738E+00  0.47154118853342E+00
 0.106000E+02  0.47870338679707E+00  0.47181720668700E+00
 0.106400E+02  0.47806880365954E+00  0.47186806255987E+00
 0.106800E+02  0.47743656225684E+00  0.47168550699323E+00
 0.107200E+02  0.47680679644120E+00  0.47126841534982E+00
 0.107600E+02  0.47617945743576E+00  0.47062273372889E+00
 0.108000E+02  0.47555462112978E+00  0.46976102283624E+00
 0.108400E+02  0.47493226320541E+00  0.46870169971013E+00
 0.108800E+02  0.47431228332077E+00  0.46746793960845E+00
 0.109200E+02  0.47369461690865E+00  0.46608681905739E+00
 0.109600E+02  0.47307913979340E+00  0.46458790545368E+00
 0.110000E+02  0.47246570746799E+00  0.46300240556139E+00
 0.110400E+02  0.47185417687145E+00  0.46136219319308E+00
 0.110800E+02  0.47124427711094E+00  0.45969868883187E+00
 0.111200E+02  0.47063593611389E+00  0.45804263699700E+00
 0.111600E+02  0.47002894859047E+00  0.45642329814578E+00
 0.112000E+02  0.46942317675815E+00  0.45486767112864E+00
 0.112400E+02  0.46881856372192E+00  0.45340037454372E+00
 0.112800E+02  0.46821500537214E+00  0.45204217095569E+00
 0.113200E+02  0.46761240217618E+00  0.45080986112234E+00
 0.113600E+02  0.46701070299511E+00  0.44971534440646E+00
 0.114000E+02  0.46641003189318E+00  0.44876531861947E+00
 0.114400E+02  0.46581028601858E+00  0.44796053806304E+00
 0.114800E+02  0.46521154459200E+00  0.44729695564543E+00
 0.115200E+02  0.46461383541215E+00  0.44676528564276E+00
 0.115600E+02  0.46401733070501E+00  0.44635237960977E+00
 0.116000E+02  0.46342210553386E+00  0.44604164262730E+00
 0.116400E+02  0.46282827128160E+00  0.44581363897790E+00
 0.116800E+02  0.46223598220301E+00  0.44564738726555E+00
 0.117200E+02  0.46164539419795E+00  0.44552074582903E+00
 0.117600E+02  0.46105662094674E+00  0.44541149732622E+00
 0.118000E+02  0.46046980450801E+00  0.44529806136695E+00
 0.118400E+02  0.45988501662793E+00  0.44516039745200E+00
 0.118800E+02  0.45930236536610E+00  0.44498085154560E+00
 0.119200E+02  0.45872192683418E+00  0.44474475479710E+00
 0.119600E+02  0.45814367229421E+00  0.44444090548962E+00
 0.120000E+02  0.45756760929473E+00  0.44406176600954E+00
 0.120400E+02  0.45699365061105E+00  0.44360373105027E+00
 0.120800E+02  0.45642173384891E+00  0.44306699134088E+00
 0.121200E+02  0.45585169311497E+00  0.44245509849230E+00
 0.121600E+02  0.45528343211232E+00  0.44177449233042E+00
 0.122000E+02  0.45471686631150E+00  0.44103437399345E+00
 0.122400E+02  0.45415172773546E+00  0.44024542391292E+00
 0.122800E+02  0.45358793118673E+00  0.43941962593964E+00
 0.123200E+02  0.45302535079659E+00  0.43857004312144E+00
 0.123600E+02  0.45246385653106E+00  0.43770960580169E+00
 0.124000E+02  0.45190335404203E+00  0.43685137869042E+00
 0.124400E+02  0.45134379675084E+00  0.43600793351133E+00
 0.124800E+02  0.45078520437280E+00  0.43519087194855E+00
 0.125200E+02  0.45022757702453E+00  0.43441039676634E+00
 0.125600E+02  0.44967098313703E+00  0.43367474834792E+00
 0.126000E+02  0.44911538184905E+00  0.43298954270396E+00
 0.126400E+02  0.44856090790971E+00  0.43235774737102E+00
 0.126800E+02  0.44800759875120E+00  0.43177917306237E+00
 0.127200E+02  0.44745548046621E+00  0.43125056497030E+00
 0.127600E+02  0.44690462553906E+00  0.43076617126267E+00
 0.128000E+02  0.44635514312853E+00  0.43031801332741E+00
 0.128400E+02  0.44580704290969E+00  0.42989626269476E+00
 0.128800E+02  0.44526033284972E+00  0.42948991247329E+00
 0.129200E+02  0.44471497887303E+00  0.42908731490025E+00
 0.129600E+02  0.44417106178498E+00  0.42867661436973E+00
 0.130000E+02  0.44362850648682E+00  0.42824620708665E+00
 0.130400E+02  0.44308733644215E+00  0.42778524085342E+00
 0.130800E+02  0.44254751459846E+00  0.42728399997548E+00
 0.131200E+02  0.44200904232354E+00  0.42673449242040E+00
 0.131600E+02  0.44147181143902E+00  0.42613083910992E+00
 0.132000E+02  0.44093579759415E+00  0.42546978512870E+00
 0.132400E+02  0.44040098419156E+00  0.42475056823890E+00
 0.132800E+02  0.43986732838922E+00  0.42397545717736E+00
 0.133200E+02  0.43933472688534E+00  0.42314941293563E+00
 0.133600E+02  0.43880314323211E+00  0.42227977183590E+00
 0.134000E+02  0.43827252352168E+00  0.42137615662097E+00
 0.134400E+02  0.43774286302560E+00  0.42044967663678E+00
 0.134800E+02  0.43721399058505E+00  0.41951267273203E+00
 0.135200E+02  0.43668593778709E+00  0.41857835481392E+00
 0.135600E+02  0.43615865128826E+00  0.41766024172666E+00
 0.136000E+02  0.43563206405888E+00  0.41677181489566E+00
 0.136400E+02  0.43510619966532E+00  0.41592646599216E+00
 0.136800E+02  0.43458102311262E+00  0.41513709734438E+00
 0.137200E+02  0.43405653978003E+00  0.41441588624129E+00
 0.137600E+02  0.43353277941502E+00  0.41377369390268E+00
 0.138000E+02  0.43300982676124E+00  0.41321996021656E+00
 0.138400E+02  0.43248772400547E+00  0.41276168132601E+00
 0.138800E+02  0.43196644396114E+00  0.41240324753242E+00
 0.139200E+02  0.43144615907685E+00  0.41214597273062E+00
 0.139600E+02  0.43092685477397E+00  0.41198780407168E+00
 0.140000E+02  0.43040859532440E+00  0.41192326304719E+00
 0.140400E+02  0.42989148731040E+00  0.41194409458928E+00
 0.140800E+02  0.42937561618562E+00  0.41203905986947E+00
 0.141200E+02  0.42886100007318E+00  0.41219465019174E+00
 0.141600E+02  0.42834773289336E+00  0.41239539635553E+00
 0.142000E+02  0.42783578344007E+00  0.41262452181343E+00
 0.142400E+02  0.42732517203565E+00  0.41286437250225E+00
 0.142800E+02  0.42681592285065E+00  0.41309680947698E+00
 0.143200E+02  0.42630805836553E+00  0.41330397334602E+00
 0.143600E+02  0.42580148391241E+00  0.41346869467993E+00
 0.144000E+02  0.42529620712784E+00  0.41357510556147E+00
 0.144400E+02  0.42479222866935E+00  0.41360968164606E+00
 0.144800E+02  0.42428935799694E+00  0.41356105455550E+00
 0.145200E+02  0.42378760820291E+00  0.41342105638105E+00
 0.145600E+02  0.42328681184458E+00  0.41318458395677E+00
 0.146000E+02  0.42278695938995E+00  0.41284999542449E+00
 0.146400E+02  0.42228791797704E+00  0.41241880259388E+00
 0.146800E+02  0.42178959950339E+00  0.41189526137796E+00
 0.147200E+02  0.42129199850449E+00  0.41128666154677E+00
 0.147600E+02  0.42079491523134E+00  0.41060233328409E+00
 0.148000E+02  0.42029837633289E+00  0.40985403509082E+00
 0.148400E+02  0.41980236077554E+00  0.40905499128678E+00
 0.148800E+02  0.41930678169071E+00  0.40822005954076E+00
 0.149200E+02  0.41881163933250E+00  0.40736539728514E+00
 0.149600E+02  0.41831688658879E+00  0.40650768872784E+00
 0.150000E+02  0.41782262602088E+00  0.40566438624813E+00
 0.150400E+02  0.41732878046109E+00  0.40485242586769E+00
 0.150800E+02  0.41683542380058E+00  0.40408821936509E+00
 0.151200E+02  0.41634261447153E+00  0.40338635178686E+00
 0.151600E+02  0.41585034809385E+00  0.40275917372542E+00
 0.152000E+02  0.41535877013590E+00  0.40221631717409E+00
 0.152400E+02  0.41486788207985E+00  0.40176422372431E+00
 0.152800E+02  0.41437772459698E+00  0.40140576133106E+00
 0.153200E+02  0.41388842122320E+00  0.40114055498277E+00
 0.153600E+02  0.41340001621381E+00  0.40096515924718E+00
 0.154000E+02  0.41291258253607E+00  0.40087297471158E+00
 0.154400E+02  0.41242617596267E+00  0.40085505142621E+00
 0.154800E+02  0.41194087307302E+00  0.40090004771099E+00
 0.155200E+02  0.41145679491895E+00  0.40099513061046E+00
 0.155600E+02  0.41097395625577E+00  0.40112631904217E+00
 0.156000E+02  0.41049245475775E+00  0.40127884438507E+00
 0.156400E+02  0.41001225112539E+00  0.40143784947940E+00
 0.156800E+02  0.40953346132875E+00  0.40158923259992E+00
 0.157200E+02  0.40905611246622E+00  0.40172001375930E+00
 0.157600E+02  0.40858019624629E+00  0.40181845542030E+00
 0.158000E+02  0.40810575281702E+00  0.40187515585679E+00
 0.158400E+02  0.40763272361095E+00  0.40188249329166E+00
 0.158800E+02  0.40716112563028E+00  0.40183538517337E+00
 0.159200E+02  0.40669091328537E+00  0.40173102310021E+00
 0.159600E+02  0.40622206491822E+00  0.40156860848679E+00
 0.160000E+02  0.40575453542087E+00  0.40134965490697E+00
 0.160400E+02  0.40528834158591E+00  0.40107743180617E+00
 0.160800E+02  0.40482333828725E+00  0.40075711879924E+00
 0.161200E+02  0.40435953813600E+00  0.40039518824717E+00
 0.161600E+02  0.40389694525803E+00  0.40000006376189E+00
 0.162000E+02  0.40343551657213E+00  0.39958109022733E+00
 0.162400E+02  0.40297513963316E+00  0.39914839137848E+00
 0.162800E+02  0.40251591199431E+00  0.39871293957536E+00
 0.163200E+02  0.40205780189583E+00  0.39828569320823E+00
 0.163600E+02  0.40160076655480E+00  0.39787691587724E+00
 0.164000E+02  0.40114481960659E+00  0.39749610564058E+00
 0.164400E+02  0.40069000211285E+00  0.39715083789116E+00
 0.164800E+02  0.40023629792004E+00  0.39684673155089E+00
 0.165200E+02  0.39978369267495E+00  0.39658708061930E+00
 0.165600E+02  0.39933214010525E+00  0.39637239152820E+00
 0.166000E+02  0.39888170318491E+00  0.39620108497020E+00
 0.166400E+02  0.39843235335675E+00  0.39606890893875E+00
 0.166800E+02  0.39798404916443E+00  0.39596958245690E+00
 0.167200E+02  0.39753687957178E+00  0.39589522447651E+00
 0.167600E+02  0.39709073405524E+00  0.39583646994523E+00
 0.168000E+02  0.39664571023727E+00  0.39578308948648E+00
 0.168400E+02  0.39620175340176E+00  0.39572433579164E+00
 0.168800E+02  0.39575886641504E+00  0.39564956716838E+00
 0.169200E+02  0.39531708814471E+00  0.39554848374684E+00
 0.169600E+02  0.39487642960407E+00  0.39541198327315E+00
 0.170000E+02  0.39443682555685E+00  0.39523190134094E+00
 0.170400E+02  0.39399833620600E+00  0.39500215875146E+00
 0.170800E+02  0.39356098269609E+00  0.39471829460772E+00
 0.171200E+02  0.39312479714187E+00  0.39437816070460E+00
 0.171600E+02  0.39268975014360E+00  0.39398132902437E+00
 0.172000E+02  0.39225580023808E+00  0.39352972711883E+00
 0.172400E+02  0.39182304673834E+00  0.39302724293237E+00
 0.172800E+02  0.39139139879619E+00  0.39247963959121E+00
 0.173200E+02  0.39096098642118E+00  0.39189447815516E+00
 0.173600E+02  0.39053167270282E+00  0.39128074911920E+00
 0.174000E+02  0.39010353142366E+00  0.39064898617300E+00
 0.174400E+02  0.38967653401677E+00  0.39001087014775E+00
 0.174800E+02  0.38925065150267E+00  0.38937883851442E+00
 0.175200E+02  0.38882595804972E+00  0.38876591116892E+00
 0.175600E+02  0.38840245413828E+00  0.38818519861516E+00
 0.176000E+02  0.38798007197526E+00  0.38764900072390E+00
 0.176400E+02  0.38755886048762E+00  0.38716909717563E+00
 0.176800E+02  0.38713881292723E+00  0.38675541931941E+00
 0.177200E+02  0.38671991120602E+00  0.38641585058119E+00
 0.177600E+02  0.38630221533014E+00  0.38615565758248E+00
 0.178000E+02  0.38588559449165E+00  0.38597732642738E+00
 0.178400E+02  0.38547013699794E+00  0.38588012425686E+00
 0.178800E+02  0.38505577266990E+00  0.38586055932717E+00
 0.179200E+02  0.38464237943449E+00  0.38591172529641E+00
 0.179600E+02  0.38423003882412E+00  0.38602447032936E+00
 0.180000E+02  0.38381861682354E+00  0.38618688871079E+00
 0.180400E+02  0.38340808507911E+00  0.38638528132842E+00
 0.180800E+02  0.38299842167006E+00  0.38660435113560E+00
 0.181200E+02  0.38258952850080E+00  0.38682760687324E+00
 0.181600E+02  0.38218137193323E+00  0.38703835654028E+00
 0.182000E+02  0.38177392034023E+00  0.38721992343355E+00
 0.182400E+02  0.38136715084033E+00  0.38735611282128E+00
 0.182800E+02  0.38096101041396E+00  0.38743200238394E+00
 0.183200E+02  0.38055553210268E+00  0.38743430356644E+00
 0.183600E+02  0.38015070715563E+00  0.38735177613026E+00
 0.184000E+02  0.37974647908070E+00  0.38717547158961E+00
 0.184400E+02  0.37934292407594E+00  0.38689945345147E+00
 0.184800E+02  0.37894003310890E+00  0.38652033465368E+00
 0.185200E+02  0.37853778297552E+00  0.38603800676720E+00
 0.185600E+02  0.37813622309404E+00  0.38545517308016E+00
 0.186000E+02  0.37773535626295E+00  0.38477787046893E+00
 0.186400E+02  0.37733519956277E+00  0.38401483549239E+00
 0.186800E+02  0.37693576449500E+00  0.38317751059331E+00
 0.187200E+02  0.37653713749815E+00  0.38227983879178E+00
 0.187600E+02  0.37613925082003E+00  0.38133771740914E+00
 0.188000E+02  0.37574214504000E+00  0.38036862728886E+00
 0.188400E+02  0.37534585757248E+00  0.37939124133057E+00
 0.188800E+02  0.37495037397707E+00  0.37842462112109E+00
 0.189200E+02  0.37455570384428E+00  0.37748754097021E+00
 0.189600E+02  0.37416189264496E+00  0.37659808505586E+00
 0.190000E+02  0.37376888749427E+00  0.37577288594705E+00
 0.190400E+02  0.37337676414030E+00  0.37502670856339E+00
 0.190800E+02  0.37298545793707E+00  0.37437159194654E+00
 0.191200E+02  0.37259499794254E+00  0.37381700524722E+00
 0.191600E+02  0.37220547263776E+00  0.37336923568930E+00
 0.192000E+02  0.37181674159511E+00  0.37303130700347E+00
 0.192400E+02  0.37142890592891E+00  0.37280319424015E+00
 0.192800E+02  0.37104186708691E+00  0.37268170019518E+00
 0.193200E+02  0.37065563188199E+00  0.37266071330634E+00
 0.193600E+02  0.37027018149231E+00  0.37273141535267E+00
 0.194000E+02  0.36988552932865E+00  0.37288258555570E+00
 0.194400E+02  0.36950168581417E+00  0.37310112539639E+00
 0.194800E+02  0.36911861037894E+00  0.37337209797030E+00
 0.195200E+02  0.36873625157182E+00  0.37367945266200E+00
 0.195600E+02  0.36835465671541E+00  0.37400640534772E+00
 0.196000E+02  0.36797377232091E+00  0.37433606650846E+00
 0.196400E+02  0.36759369427242E+00  0.37465179478402E+00
 0.196800E+02  0.36721441688964E+00  0.37493768227154E+00
 0.197200E+02  0.36683593104478E+00  0.37517883512909E+00
 0.197600E+02  0.36645820800536E+00  0.37536197374160E+00
 0.198000E+02  0.36608134793292E+00  0.37547592934518E+00
 0.198400E+02  0.36570531674143E+00  0.37551167475207E+00
 0.198800E+02  0.36533013383064E+00  0.37546246781271E+00
 0.199200E+02  0.36495581272650E+00  0.37532433772101E+00
 0.199600E+02  0.36458237427008E+00  0.37509585599626E+00
 0.200000E+02  0.36420982619902E+00  0.37477836228002E+00
