 0.000000E+00  0.10000000215943E+01  0.12108633946332E+01
 0.400000E-01  0.99088968863285E+00  0.12146201071543E+01
 0.800000E-01  0.97713329129580E+00  0.12230242302723E+01
 0.120000E+00  0.96244826718901E+00  0.12323183778400E+01
 0.160000E+00  0.94978557942125E+00  0.12395276817556E+01
 0.200000E+00  0.93900564936896E+00  0.12447764860904E+01
 0.240000E+00  0.92815822922656E+00  0.12500047778351E+01
 0.280000E+00  0.91654637105597E+00  0.12559027661491E+01
 0.320000E+00  0.90568125801916E+00  0.12609550612111E+01
 0.360000E+00  0.89747032685197E+00  0.12632501322401E+01
 0.400000E+00  0.89279275696123E+00  0.12619051461154E+01
 0.440000E+00  0.89179124723880E+00  0.12567759010520E+01
 0.480000E+00  0.89436132478230E+00  0.12479696109248E+01
 0.520000E+00  0.90008618751458E+00  0.12359100006412E+01
 0.560000E+00  0.90832976523968E+00  0.12212410573243E+01
 0.600000E+00  0.91828103611911E+00  0.12047806391047E+01
 0.640000E+00  0.92866152898877E+00  0.11878122829758E+01
 0.680000E+00  0.93810219417128E+00  0.11717093173198E+01
 0.720000E+00  0.94566389775745E+00  0.11574138440866E+01
 0.760000E+00  0.95052889496879E+00  0.11457477268476E+01
 0.800000E+00  0.95193805088637E+00  0.11374750886698E+01
 0.840000E+00  0.94963651834515E+00  0.11328572308211E+01
 0.880000E+00  0.94391592178431E+00  0.11316090134020E+01
 0.920000E+00  0.93534444889044E+00  0.11331673676832E+01
 0.960000E+00  0.92456799707004E+00  0.11368921825493E+01
 0.100000E+01  0.91216402173107E+00  0.11422120173637E+01
 0.104000E+01  0.89855082497390E+00  0.11487136955361E+01
 0.108000E+01  0.88395821139106E+00  0.11561720379429E+01
 0.112000E+01  0.86849435513312E+00  0.11644829472017E+01
 0.116000E+01  0.85229085029621E+00  0.11735181961384E+01
 0.120000E+01  0.83559537105893E+00  0.11830329122019E+01
 0.124000E+01  0.81889937041410E+00  0.11925388408657E+01
 0.128000E+01  0.80303095822200E+00  0.12012111344369E+01
 0.132000E+01  0.78889401610186E+00  0.12081499404709E+01
 0.136000E+01  0.77705101199760E+00  0.12127962835123E+01
 0.140000E+01  0.76763649113626E+00  0.12150175100143E+01
 0.144000E+01  0.76063297987549E+00  0.12148327723479E+01
 0.148000E+01  0.75612234723868E+00  0.12121615153112E+01
 0.152000E+01  0.75420460364354E+00  0.12069054398974E+01
 0.156000E+01  0.75473771544268E+00  0.11992088975023E+01
 0.160000E+01  0.75734089105322E+00  0.11894554955871E+01
 0.164000E+01  0.76166215460151E+00  0.11780014157418E+01
 0.168000E+01  0.76750046783508E+00  0.11650529489005E+01
 0.172000E+01  0.77467099623764E+00  0.11507992672718E+01
 0.176000E+01  0.78285580230340E+00  0.11355614429173E+01
 0.180000E+01  0.79161863588134E+00  0.11197768287305E+01
 0.184000E+01  0.80049736507631E+00  0.11039082629031E+01
 0.188000E+01  0.80901866860170E+00  0.10884292807212E+01
 0.192000E+01  0.81674417779491E+00  0.10737780026297E+01
 0.196000E+01  0.82348278118446E+00  0.10601446810872E+01
 0.200000E+01  0.82942125946499E+00  0.10473421341279E+01
 0.204000E+01  0.83491907701690E+00  0.10350110636795E+01
 0.208000E+01  0.84017608046087E+00  0.10229525037409E+01
 0.212000E+01  0.84511947769209E+00  0.10112405864284E+01
 0.216000E+01  0.84953519303374E+00  0.10000910963897E+01
 0.220000E+01  0.85322591507065E+00  0.98970219962480E+00
 0.224000E+01  0.85603954707235E+00  0.98022679587902E+00
 0.228000E+01  0.85781915395749E+00  0.97182265298046E+00
 0.232000E+01  0.85841501898641E+00  0.96463972803861E+00
 0.236000E+01  0.85776261263354E+00  0.95874244291767E+00
 0.240000E+01  0.85589927749103E+00  0.95409267891634E+00
 0.244000E+01  0.85289508510023E+00  0.95061959680885E+00
 0.248000E+01  0.84880866935052E+00  0.94826407168738E+00
 0.252000E+01  0.84371301868191E+00  0.94695287531242E+00
 0.256000E+01  0.83772912483908E+00  0.94656494614988E+00
 0.260000E+01  0.83103169964287E+00  0.94692573260465E+00
 0.264000E+01  0.82384129673779E+00  0.94781505668802E+00
 0.268000E+01  0.81642038506273E+00  0.94897104773899E+00
 0.272000E+01  0.80907082160919E+00  0.95009260306821E+00
 0.276000E+01  0.80209729233385E+00  0.95087615762415E+00
 0.280000E+01  0.79571774690808E+00  0.95110411671022E+00
 0.284000E+01  0.78998389390862E+00  0.95072512332716E+00
 0.288000E+01  0.78478305739709E+00  0.94985128485086E+00
 0.292000E+01  0.77991550489856E+00  0.94868177284945E+00
 0.296000E+01  0.77517727911423E+00  0.94742023438264E+00
 0.300000E+01  0.77039997668160E+00  0.94623544659597E+00
 0.304000E+01  0.76546711763283E+00  0.94524509103992E+00
 0.308000E+01  0.76034039384535E+00  0.94448967452131E+00
 0.312000E+01  0.75507880675507E+00  0.94391199337502E+00
 0.316000E+01  0.74981613702931E+00  0.94338033512126E+00
 0.320000E+01  0.74470478402808E+00  0.94274360740548E+00
 0.324000E+01  0.73987196029166E+00  0.94187503942731E+00
 0.328000E+01  0.73540955546975E+00  0.94068301315346E+00
 0.332000E+01  0.73137418209952E+00  0.93911117369826E+00
 0.336000E+01  0.72777351075927E+00  0.93715182870994E+00
 0.340000E+01  0.72455580580000E+00  0.93485665912272E+00
 0.344000E+01  0.72163294436048E+00  0.93231373741371E+00
 0.348000E+01  0.71893348173319E+00  0.92959361693961E+00
 0.352000E+01  0.71643860246070E+00  0.92671451274987E+00
 0.356000E+01  0.71416840535872E+00  0.92365518501593E+00
 0.360000E+01  0.71214201646852E+00  0.92039599156015E+00
 0.364000E+01  0.71033985812373E+00  0.91695632723311E+00
 0.368000E+01  0.70868270963818E+00  0.91341613729588E+00
 0.372000E+01  0.70704912808525E+00  0.90989769477488E+00
 0.376000E+01  0.70533700384555E+00  0.90650427257998E+00
 0.380000E+01  0.70352320009576E+00  0.90325949646220E+00
 0.384000E+01  0.70168380396858E+00  0.90008825760534E+00
 0.388000E+01  0.69998005433995E+00  0.89682935003893E+00
 0.392000E+01  0.69862551139874E+00  0.89326941185886E+00
 0.396000E+01  0.69782664823349E+00  0.88920159563030E+00
 0.400000E+01  0.69770910036029E+00  0.88449946826320E+00
 0.404000E+01  0.69826475186932E+00  0.87916973842533E+00
 0.408000E+01  0.69935046443891E+00  0.87335398665500E+00
 0.412000E+01  0.70073524610079E+00  0.86728129046996E+00
 0.416000E+01  0.70216889705695E+00  0.86120006134935E+00
 0.420000E+01  0.70343814634624E+00  0.85532157659107E+00
 0.424000E+01  0.70439325812199E+00  0.84979391071884E+00
 0.428000E+01  0.70494418934616E+00  0.84470507668514E+00
 0.432000E+01  0.70503347715066E+00  0.84011099661312E+00
 0.436000E+01  0.70460559948343E+00  0.83606527305913E+00
 0.440000E+01  0.70359663190930E+00  0.83263001056135E+00
 0.444000E+01  0.70195329557348E+00  0.82985650816941E+00
 0.448000E+01  0.69966178729329E+00  0.82775693861326E+00
 0.452000E+01  0.69675926838248E+00  0.82629244821500E+00
 0.456000E+01  0.69332005995608E+00  0.82538765315158E+00
 0.460000E+01  0.68943167094668E+00  0.82495406010150E+00
 0.464000E+01  0.68517615932271E+00  0.82490913068651E+00
 0.468000E+01  0.68062072558404E+00  0.82518478263762E+00
 0.472000E+01  0.67581610045350E+00  0.82573027923949E+00
 0.476000E+01  0.67079422112849E+00  0.82651366620988E+00
 0.480000E+01  0.66556051034499E+00  0.82752990097883E+00
 0.484000E+01  0.66008809495814E+00  0.82880672063468E+00
 0.488000E+01  0.65432618907484E+00  0.83039601873567E+00
 0.492000E+01  0.64822398353417E+00  0.83235048123686E+00
 0.496000E+01  0.64175934898678E+00  0.83469382648312E+00
 0.500000E+01  0.63496124905433E+00  0.83739875686160E+00
 0.504000E+01  0.62791407754529E+00  0.84038256269251E+00
 0.508000E+01  0.62074358995753E+00  0.84352071265635E+00
 0.512000E+01  0.61359665419228E+00  0.84666754843449E+00
 0.516000E+01  0.60662695878793E+00  0.84966999491706E+00
 0.520000E+01  0.59998781208353E+00  0.85237492723846E+00
 0.524000E+01  0.59382727121128E+00  0.85463477225919E+00
 0.528000E+01  0.58828135271061E+00  0.85631349119254E+00
 0.532000E+01  0.58346769890483E+00  0.85729332209969E+00
 0.536000E+01  0.57947716004927E+00  0.85748353408890E+00
 0.540000E+01  0.57636483493219E+00  0.85682898879458E+00
 0.544000E+01  0.57414458356482E+00  0.85531554591269E+00
 0.548000E+01  0.57278716968107E+00  0.85297241115570E+00
 0.552000E+01  0.57222131845624E+00  0.84987051042949E+00
 0.556000E+01  0.57233683086605E+00  0.84611958933107E+00
 0.560000E+01  0.57299463989248E+00  0.84185811059847E+00
 0.564000E+01  0.57404901436910E+00  0.83723133377845E+00
 0.568000E+01  0.57537658207771E+00  0.83236174653940E+00
 0.572000E+01  0.57689836480639E+00  0.82732743004737E+00
 0.576000E+01  0.57858072495834E+00  0.82216114144344E+00
 0.580000E+01  0.58041679796443E+00  0.81686867304167E+00
 0.584000E+01  0.58240200214968E+00  0.81145349239221E+00
 0.588000E+01  0.58451759491438E+00  0.80593325582677E+00
 0.592000E+01  0.58672420714699E+00  0.80034595128844E+00
 0.596000E+01  0.58896090509624E+00  0.79475152488879E+00
 0.600000E+01  0.59114513662318E+00  0.78923180458423E+00
 0.604000E+01  0.59317556801873E+00  0.78388713007264E+00
 0.608000E+01  0.59493834700799E+00  0.77883063781158E+00
 0.612000E+01  0.59631660519897E+00  0.77417882799773E+00
 0.616000E+01  0.59719977150173E+00  0.77004184310316E+00
 0.620000E+01  0.59749391061974E+00  0.76651332743842E+00
 0.624000E+01  0.59713054186559E+00  0.76366161592486E+00
 0.628000E+01  0.59607229523913E+00  0.76152387775797E+00
 0.632000E+01  0.59431502875785E+00  0.76010399030731E+00
 0.636000E+01  0.59188695085837E+00  0.75937351489278E+00
 0.640000E+01  0.58884701210515E+00  0.75927303035999E+00
 0.644000E+01  0.58528129598314E+00  0.75971594177856E+00
 0.648000E+01  0.58129794930116E+00  0.76059367770945E+00
 0.652000E+01  0.57702208423432E+00  0.76178043724000E+00
 0.656000E+01  0.57259012878880E+00  0.76313953269588E+00
 0.660000E+01  0.56814240620061E+00  0.76453046951090E+00
 0.664000E+01  0.56381230888235E+00  0.76581971899983E+00
 0.668000E+01  0.55971413289571E+00  0.76689323947645E+00
 0.672000E+01  0.55593351555374E+00  0.76766551360374E+00
 0.676000E+01  0.55252321336029E+00  0.76808420296014E+00
 0.680000E+01  0.54950506889562E+00  0.76812762056749E+00
 0.684000E+01  0.54687639191982E+00  0.76779880903490E+00
 0.688000E+01  0.54461888859024E+00  0.76711618316224E+00
 0.692000E+01  0.54270838034791E+00  0.76610415991954E+00
 0.696000E+01  0.54112161294694E+00  0.76478586399579E+00
 0.700000E+01  0.53983920887768E+00  0.76318092071570E+00
 0.704000E+01  0.53884581469630E+00  0.76130462931448E+00
 0.708000E+01  0.53812967593778E+00  0.75916872954986E+00
 0.712000E+01  0.53768221529674E+00  0.75678185004386E+00
 0.716000E+01  0.53749676636775E+00  0.75415033559760E+00
 0.720000E+01  0.53756430715534E+00  0.75128298870563E+00
 0.724000E+01  0.53786865760496E+00  0.74819551639147E+00
 0.728000E+01  0.53838121915645E+00  0.74491609507791E+00
 0.732000E+01  0.53905864796486E+00  0.74148756510255E+00
 0.736000E+01  0.53984267843018E+00  0.73796745828427E+00
 0.740000E+01  0.54066254018860E+00  0.73442586775559E+00
 0.744000E+01  0.54144022505992E+00  0.73094015606678E+00
 0.748000E+01  0.54209815046322E+00  0.72758737963603E+00
 0.752000E+01  0.54256816194654E+00  0.72443541817615E+00
 0.756000E+01  0.54279809455217E+00  0.72153629090568E+00
 0.760000E+01  0.54275506733976E+00  0.71892274173505E+00
 0.764000E+01  0.54242574775719E+00  0.71660834964288E+00
 0.768000E+01  0.54181473351977E+00  0.71458866196799E+00
 0.772000E+01  0.54094209806892E+00  0.71284400436174E+00
 0.776000E+01  0.53984063588233E+00  0.71134195692489E+00
 0.780000E+01  0.53855389664648E+00  0.71003888595040E+00
 0.784000E+01  0.53713469175691E+00  0.70888214044672E+00
 0.788000E+01  0.53564208293226E+00  0.70781282983906E+00
 0.792000E+01  0.53413588107348E+00  0.70677068581845E+00
 0.796000E+01  0.53266880748413E+00  0.70570278971434E+00
 0.800000E+01  0.53127906289216E+00  0.70457037312228E+00
 0.804000E+01  0.52998567436106E+00  0.70335386846593E+00
 0.808000E+01  0.52878822556937E+00  0.70205316106129E+00
 0.812000E+01  0.52766903049550E+00  0.70068518359776E+00
 0.816000E+01  0.52659690092594E+00  0.69928060556263E+00
 0.820000E+01  0.52553084745346E+00  0.69788003848735E+00
 0.824000E+01  0.52442446867012E+00  0.69652925999056E+00
 0.828000E+01  0.52323164060062E+00  0.69527417133131E+00
 0.832000E+01  0.52191279340364E+00  0.69415419098980E+00
 0.836000E+01  0.52044101949535E+00  0.69319605047531E+00
 0.840000E+01  0.51880560278919E+00  0.69241033784281E+00
 0.844000E+01  0.51701286001685E+00  0.69179107992512E+00
 0.848000E+01  0.51508293425976E+00  0.69131833477531E+00
 0.852000E+01  0.51304352310093E+00  0.69096467979561E+00
 0.856000E+01  0.51092215313188E+00  0.69070289320431E+00
 0.860000E+01  0.50873880248231E+00  0.69051328192800E+00
 0.864000E+01  0.50650133858399E+00  0.69038828507928E+00
 0.868000E+01  0.50420590272195E+00  0.69033197816429E+00
 0.872000E+01  0.50184129631353E+00  0.69035576200370E+00
 0.876000E+01  0.49939551893754E+00  0.69047160121024E+00
 0.880000E+01  0.49686207890800E+00  0.69068606803672E+00
 0.884000E+01  0.49424378510488E+00  0.69099642142332E+00
 0.888000E+01  0.49155450932773E+00  0.69138864833586E+00
 0.892000E+01  0.48881888898943E+00  0.69183817269722E+00
 0.896000E+01  0.48607092256617E+00  0.69231071542150E+00
 0.900000E+01  0.48335223811654E+00  0.69276480566022E+00
 0.904000E+01  0.48071074696187E+00  0.69315246838020E+00
 0.908000E+01  0.47819977988621E+00  0.69342016903569E+00
 0.912000E+01  0.47587717401721E+00  0.69350979809998E+00
 0.916000E+01  0.47380244845954E+00  0.69336168556218E+00
 0.920000E+01  0.47203092521575E+00  0.69292031346032E+00
 0.924000E+01  0.47060642774141E+00  0.69214158227497E+00
 0.928000E+01  0.46955437921441E+00  0.69099952896090E+00
 0.932000E+01  0.46887836847431E+00  0.68949054310226E+00
 0.936000E+01  0.46855988155521E+00  0.68763263578153E+00
 0.940000E+01  0.46856141418396E+00  0.68546317853394E+00
 0.944000E+01  0.46883051780104E+00  0.68303431089648E+00
 0.948000E+01  0.46930524525734E+00  0.68040778921103E+00
 0.952000E+01  0.46991968797954E+00  0.67764943525590E+00
 0.956000E+01  0.47061014744711E+00  0.67482274397465E+00
 0.960000E+01  0.47132042172883E+00  0.67198377423535E+00
 0.964000E+01  0.47200536581028E+00  0.66917752248706E+00
 0.968000E+01  0.47263222078121E+00  0.66643670941783E+00
 0.972000E+01  0.47317917280693E+00  0.66378279817702E+00
 0.976000E+01  0.47363202394923E+00  0.66122999383880E+00
 0.980000E+01  0.47397911229119E+00  0.65878971453146E+00
 0.984000E+01  0.47420601308802E+00  0.65647621986680E+00
 0.988000E+01  0.47429163341222E+00  0.65431041875180E+00
 0.992000E+01  0.47420754251472E+00  0.65232045357935E+00
 0.996000E+01  0.47392048235819E+00  0.65053937669803E+00
 0.100000E+02  0.47339741853394E+00  0.64900012389313E+00
 0.100400E+02  0.47261091716098E+00  0.64773002950582E+00
 0.100800E+02  0.47154357196283E+00  0.64674646101550E+00
 0.101200E+02  0.47019012253576E+00  0.64605468043242E+00
 0.101600E+02  0.46855744408404E+00  0.64564794435232E+00
 0.102000E+02  0.46666353642963E+00  0.64550840738955E+00
 0.102400E+02  0.46453639353725E+00  0.64560822162781E+00
 0.102800E+02  0.46221337913970E+00  0.64591051461554E+00
 0.103200E+02  0.45974168641272E+00  0.64636835058741E+00
 0.103600E+02  0.45717795922289E+00  0.64692536173439E+00
 0.104000E+02  0.45458764709126E+00  0.64751665958734E+00
 0.104400E+02  0.45204120099061E+00  0.64807191243242E+00
 0.104800E+02  0.44960862597086E+00  0.64852147905348E+00
 0.105200E+02  0.44735219101622E+00  0.64880310113275E+00
 0.105600E+02  0.44532009401923E+00  0.64886886413841E+00
 0.106000E+02  0.44354209267521E+00  0.64868905817128E+00
 0.106400E+02  0.44202835325821E+00  0.64825314502655E+00
 0.106800E+02  0.44077111971037E+00  0.64756896388969E+00
 0.107200E+02  0.43974808658084E+00  0.64665851985658E+00
 0.107600E+02  0.43892735593010E+00  0.64555341575654E+00
 0.108000E+02  0.43827281521335E+00  0.64428952981727E+00
 0.108400E+02  0.43774945844683E+00  0.64290154822486E+00
 0.108800E+02  0.43732809254391E+00  0.64141841058349E+00
 0.109200E+02  0.43698793702485E+00  0.63986072760012E+00
 0.109600E+02  0.43671707343461E+00  0.63824020084829E+00
 0.110000E+02  0.43651053978976E+00  0.63656185801863E+00
 0.110400E+02  0.43636610028979E+00  0.63482795323838E+00
 0.110800E+02  0.43627961895192E+00  0.63304247423388E+00
 0.111200E+02  0.43624079308958E+00  0.63121591020791E+00
 0.111600E+02  0.43623024905468E+00  0.62936774465665E+00
 0.112000E+02  0.43621945813534E+00  0.62752644237476E+00
 0.112400E+02  0.43617330186199E+00  0.62572744721974E+00
 0.112800E+02  0.43605459131679E+00  0.62400777189002E+00
 0.113200E+02  0.43582942022621E+00  0.62240132982058E+00
 0.113600E+02  0.43547147943240E+00  0.62093438024333E+00
 0.114000E+02  0.43496433979451E+00  0.61962349738554E+00
 0.114400E+02  0.43430125610493E+00  0.61847502865364E+00
 0.114800E+02  0.43348424884863E+00  0.61748711989836E+00
 0.115200E+02  0.43252302761763E+00  0.61664980431192E+00
 0.115600E+02  0.43143502086586E+00  0.61594573036199E+00
 0.116000E+02  0.43024573444349E+00  0.61534943793805E+00
 0.116400E+02  0.42898904129758E+00  0.61482691701758E+00
 0.116800E+02  0.42770585247764E+00  0.61433729850512E+00
 0.117200E+02  0.42644156776235E+00  0.61383521189024E+00
 0.117600E+02  0.42524147155396E+00  0.61327550684701E+00
 0.118000E+02  0.42414560822721E+00  0.61261817689840E+00
 0.118400E+02  0.42318418140021E+00  0.61183311174372E+00
 0.118800E+02  0.42237442842706E+00  0.61090321397412E+00
 0.119200E+02  0.42171980389668E+00  0.60982522009993E+00
 0.119600E+02  0.42121128614826E+00  0.60860825910592E+00
 0.120000E+02  0.42083049614064E+00  0.60727082507716E+00
 0.120400E+02  0.42055333465672E+00  0.60583712120747E+00
 0.120800E+02  0.42035375539782E+00  0.60433337923882E+00
 0.121200E+02  0.42020679291567E+00  0.60278456054502E+00
 0.121600E+02  0.42009099352053E+00  0.60121219907076E+00
 0.122000E+02  0.41998899796984E+00  0.59963388022555E+00
 0.122400E+02  0.41988748662238E+00  0.59806284128839E+00
 0.122800E+02  0.41977565532969E+00  0.59650979062107E+00
 0.123200E+02  0.41964325765734E+00  0.59498523919356E+00
 0.123600E+02  0.41947835286644E+00  0.59350093530511E+00
 0.124000E+02  0.41926569122572E+00  0.59207207590467E+00
 0.124400E+02  0.41898626767026E+00  0.59071766283712E+00
 0.124800E+02  0.41861841985727E+00  0.58945935993704E+00
 0.125200E+02  0.41814007866250E+00  0.58831911328565E+00
 0.125600E+02  0.41753250105051E+00  0.58731564582391E+00
 0.126000E+02  0.41678319223344E+00  0.58646109139220E+00
 0.126400E+02  0.41588827134334E+00  0.58575936907606E+00
 0.126800E+02  0.41485211600619E+00  0.58520582897620E+00
 0.127200E+02  0.41368637303240E+00  0.58478860450514E+00
 0.127600E+02  0.41240793582840E+00  0.58449070417774E+00
 0.128000E+02  0.41103802071125E+00  0.58429087319185E+00
 0.128400E+02  0.40960205245994E+00  0.58416350257569E+00
 0.128800E+02  0.40813023946148E+00  0.58407824728778E+00
 0.129200E+02  0.40665760714548E+00  0.58399993188995E+00
 0.129600E+02  0.40522297200994E+00  0.58388969782324E+00
 0.130000E+02  0.40386626408856E+00  0.58370750245445E+00
 0.130400E+02  0.40262480601492E+00  0.58341595685368E+00
 0.130800E+02  0.40152938538462E+00  0.58298418811119E+00
 0.131200E+02  0.40060074372540E+00  0.58239133466097E+00
 0.131600E+02  0.39984785000639E+00  0.58162823018559E+00
 0.132000E+02  0.39926808959864E+00  0.58069742827318E+00
 0.132400E+02  0.39884931553140E+00  0.57961082371096E+00
 0.132800E+02  0.39857282673186E+00  0.57838706129163E+00
 0.133200E+02  0.39841664064575E+00  0.57704791293667E+00
 0.133600E+02  0.39835857173629E+00  0.57561536059314E+00
 0.134000E+02  0.39837808109637E+00  0.57410987055278E+00
 0.134400E+02  0.39845737658207E+00  0.57254912326442E+00
 0.134800E+02  0.39858107814943E+00  0.57094826102784E+00
 0.135200E+02  0.39873572741372E+00  0.56932078189650E+00
 0.135600E+02  0.39890824788599E+00  0.56767971413161E+00
 0.136000E+02  0.39908453095534E+00  0.56603900588371E+00
 0.136400E+02  0.39924808091247E+00  0.56441517444159E+00
 0.136800E+02  0.39937922520655E+00  0.56282791730734E+00
 0.137200E+02  0.39945506173827E+00  0.56130019646874E+00
 0.137600E+02  0.39945066860381E+00  0.55985691119536E+00
 0.138000E+02  0.39934102501344E+00  0.55852322356687E+00
 0.138400E+02  0.39910393357984E+00  0.55732141694734E+00
 0.138800E+02  0.39872186986602E+00  0.55626891200970E+00
 0.139200E+02  0.39818388820868E+00  0.55537687897870E+00
 0.139600E+02  0.39748532104853E+00  0.55465005019416E+00
 0.140000E+02  0.39662693285294E+00  0.55408753633585E+00
 0.140400E+02  0.39561408659940E+00  0.55368434417479E+00
 0.140800E+02  0.39445573331515E+00  0.55343150598790E+00
 0.141200E+02  0.39316477739070E+00  0.55331627865750E+00
 0.141600E+02  0.39175838044831E+00  0.55332152860444E+00
 0.142000E+02  0.39025840048506E+00  0.55342550831512E+00
 0.142400E+02  0.38869112198332E+00  0.55360207204733E+00
 0.142800E+02  0.38708611469460E+00  0.55382169144157E+00
 0.143200E+02  0.38547433714757E+00  0.55405365639606E+00
 0.143600E+02  0.38388560276432E+00  0.55426814699002E+00
 0.144000E+02  0.38234674429399E+00  0.55443828579117E+00
 0.144400E+02  0.38088014157358E+00  0.55454189607503E+00
 0.144800E+02  0.37950333578401E+00  0.55456120359599E+00
 0.145200E+02  0.37822960756454E+00  0.55448293162343E+00
 0.145600E+02  0.37706898379400E+00  0.55429686060219E+00
 0.146000E+02  0.37602944799914E+00  0.55399494385584E+00
 0.146400E+02  0.37511807885740E+00  0.55357001302453E+00
 0.146800E+02  0.37434147847886E+00  0.55301506369738E+00
 0.147200E+02  0.37370574324834E+00  0.55232402828562E+00
 0.147600E+02  0.37321551986569E+00  0.55149188813987E+00
 0.148000E+02  0.37287270334478E+00  0.55051678427939E+00
 0.148400E+02  0.37267488326962E+00  0.54940090488335E+00
 0.148800E+02  0.37261367599979E+00  0.54815243743484E+00
 0.149200E+02  0.37267388611869E+00  0.54678655210528E+00
 0.149600E+02  0.37283322643681E+00  0.54532525331800E+00
 0.150000E+02  0.37306294724711E+00  0.54379745155083E+00
 0.150400E+02  0.37332933019786E+00  0.54223658468703E+00
 0.150800E+02  0.37359620323125E+00  0.54067892977565E+00
 0.151200E+02  0.37382779143447E+00  0.53916016106052E+00
 0.151600E+02  0.37399123026838E+00  0.53771313724869E+00
 0.152000E+02  0.37405823847956E+00  0.53636614800557E+00
 0.152400E+02  0.37400615877899E+00  0.53514196489552E+00
 0.152800E+02  0.37381794340540E+00  0.53405749801416E+00
 0.153200E+02  0.37348202410943E+00  0.53312442073816E+00
 0.153600E+02  0.37299177613873E+00  0.53234946633874E+00
 0.154000E+02  0.37234566143548E+00  0.53173414918745E+00
 0.154400E+02  0.37154709272480E+00  0.53127519450773E+00
 0.154800E+02  0.37060462579255E+00  0.53096405719663E+00
 0.155200E+02  0.36953145156400E+00  0.53078765151361E+00
 0.155600E+02  0.36834489713476E+00  0.53072881345075E+00
 0.156000E+02  0.36706551416318E+00  0.53076705482185E+00
 0.156400E+02  0.36571570692495E+00  0.53087982399405E+00
 0.156800E+02  0.36431885876709E+00  0.53104394342373E+00
 0.157200E+02  0.36289810174440E+00  0.53123638246037E+00
 0.157600E+02  0.36147575436241E+00  0.53143468158847E+00
 0.158000E+02  0.36007277063491E+00  0.53161807049766E+00
 0.158400E+02  0.35870869910549E+00  0.53176675716787E+00
 0.158800E+02  0.35740187903099E+00  0.53186243895969E+00
 0.159200E+02  0.35616965524805E+00  0.53188780046780E+00
 0.159600E+02  0.35502845365435E+00  0.53182623908598E+00
 0.160000E+02  0.35399353057916E+00  0.53166255262796E+00
 0.160400E+02  0.35307822036050E+00  0.53138329300680E+00
 0.160800E+02  0.35229284078652E+00  0.53097812677333E+00
 0.161200E+02  0.35164345174941E+00  0.53044068049202E+00
 0.161600E+02  0.35113061075776E+00  0.52977054795453E+00
 0.162000E+02  0.35074869616376E+00  0.52897330922812E+00
 0.162400E+02  0.35048550323520E+00  0.52806086406451E+00
 0.162800E+02  0.35032286435364E+00  0.52705143223912E+00
 0.163200E+02  0.35023794972579E+00  0.52596788398897E+00
 0.163600E+02  0.35020499621992E+00  0.52483577683267E+00
 0.164000E+02  0.35019755733103E+00  0.52368169991461E+00
 0.164400E+02  0.35019054937363E+00  0.52253062975204E+00
 0.164800E+02  0.35016192759257E+00  0.52140466607094E+00
 0.165200E+02  0.35009352196119E+00  0.52032201094593E+00
 0.165600E+02  0.34997156924030E+00  0.51929629996624E+00
 0.166000E+02  0.34978643656985E+00  0.51833737079756E+00
 0.166400E+02  0.34953237111788E+00  0.51745100625708E+00
 0.166800E+02  0.34920663144509E+00  0.51663987455557E+00
 0.167200E+02  0.34880917933639E+00  0.51590419130778E+00
 0.167600E+02  0.34834192885138E+00  0.51524198926179E+00
 0.168000E+02  0.34780852093885E+00  0.51464972218885E+00
 0.168400E+02  0.34721381011774E+00  0.51412250170364E+00
 0.168800E+02  0.34656384496786E+00  0.51365439576077E+00
 0.169200E+02  0.34586555113807E+00  0.51323830903422E+00
 0.169600E+02  0.34512691055941E+00  0.51286648555941E+00
 0.170000E+02  0.34435652903979E+00  0.51252992601836E+00
 0.170400E+02  0.34356393982932E+00  0.51221930672125E+00
 0.170800E+02  0.34275925636251E+00  0.51192441010488E+00
 0.171200E+02  0.34195302752147E+00  0.51163473668226E+00
 0.171600E+02  0.34115634406747E+00  0.51133893268142E+00
 0.172000E+02  0.34038066552039E+00  0.51102557397382E+00
 0.172400E+02  0.33963748935656E+00  0.51068311798357E+00
 0.172800E+02  0.33893785300033E+00  0.51030044157302E+00
 0.173200E+02  0.33829174164548E+00  0.50986764404453E+00
 0.173600E+02  0.33770687012115E+00  0.50937679375814E+00
 0.174000E+02  0.33718795581966E+00  0.50882319391967E+00
 0.174400E+02  0.33673583267727E+00  0.50820603240995E+00
 0.174800E+02  0.33634686227005E+00  0.50752885678593E+00
 0.175200E+02  0.33601290620955E+00  0.50679986523495E+00
 0.175600E+02  0.33572159432553E+00  0.50603153016056E+00
 0.176000E+02  0.33545717639222E+00  0.50523929697610E+00
 0.176400E+02  0.33520189580989E+00  0.50444117084181E+00
 0.176800E+02  0.33493759239786E+00  0.50365527422229E+00
 0.177200E+02  0.33464734818689E+00  0.50289855799159E+00
 0.177600E+02  0.33431705248081E+00  0.50218511984576E+00
 0.178000E+02  0.33393645050282E+00  0.50152525752070E+00
 0.178400E+02  0.33349995578166E+00  0.50092453673527E+00
 0.178800E+02  0.33300646341772E+00  0.50038420949508E+00
 0.179200E+02  0.33245907209939E+00  0.49990082873063E+00
 0.179600E+02  0.33186453455057E+00  0.49946795361854E+00
 0.180000E+02  0.33123205556165E+00  0.49907622190669E+00
 0.180400E+02  0.33057244446746E+00  0.49871482134201E+00
 0.180800E+02  0.32989748285241E+00  0.49837201609251E+00
 0.181200E+02  0.32921915855894E+00  0.49803560087192E+00
 0.181600E+02  0.32854942525233E+00  0.49769373031155E+00
 0.182000E+02  0.32789985083380E+00  0.49733479758161E+00
 0.182400E+02  0.32728168232730E+00  0.49694751069561E+00
 0.182800E+02  0.32670544780575E+00  0.49652127048176E+00
 0.183200E+02  0.32618108450964E+00  0.49604622432785E+00
 0.183600E+02  0.32571746240954E+00  0.49551340050867E+00
 0.184000E+02  0.32532253390573E+00  0.49491477594498E+00
 0.184400E+02  0.32500280386553E+00  0.49424396689687E+00
 0.184800E+02  0.32476333022296E+00  0.49349580867159E+00
 0.185200E+02  0.32460709024173E+00  0.49266733217188E+00
 0.185600E+02  0.32453485934726E+00  0.49175767635340E+00
 0.186000E+02  0.32454444202435E+00  0.49076910931409E+00
 0.186400E+02  0.32463050985077E+00  0.48970692190129E+00
 0.186800E+02  0.32478431991297E+00  0.48857992517995E+00
 0.187200E+02  0.32499332241038E+00  0.48740063856721E+00
 0.187600E+02  0.32524168886705E+00  0.48618492040167E+00
 0.188000E+02  0.32551046209563E+00  0.48495163804898E+00
 0.188400E+02  0.32577854203471E+00  0.48372205001959E+00
 0.188800E+02  0.32602348145257E+00  0.48251862268114E+00
 0.189200E+02  0.32622265651810E+00  0.48136383872411E+00
 0.189600E+02  0.32635467717809E+00  0.48027917400579E+00
 0.190000E+02  0.32640042838131E+00  0.47928372356436E+00
 0.190400E+02  0.32634421767266E+00  0.47839329701344E+00
 0.190800E+02  0.32617461167794E+00  0.47761920642124E+00
 0.191200E+02  0.32588476560992E+00  0.47696839829363E+00
 0.191600E+02  0.32547250427438E+00  0.47644307672165E+00
 0.192000E+02  0.32493986411484E+00  0.47604109818475E+00
 0.192400E+02  0.32429245127789E+00  0.47575687741222E+00
 0.192800E+02  0.32353868915879E+00  0.47558191763279E+00
 0.193200E+02  0.32268921238337E+00  0.47550562610341E+00
 0.193600E+02  0.32175601411562E+00  0.47551586186255E+00
 0.194000E+02  0.32075232849280E+00  0.47559932142459E+00
 0.194400E+02  0.31969232779416E+00  0.47574195700876E+00
 0.194800E+02  0.31859085589821E+00  0.47592875268164E+00
 0.195200E+02  0.31746339506240E+00  0.47614407958509E+00
 0.195600E+02  0.31632614104029E+00  0.47637170886971E+00
 0.196000E+02  0.31519558689715E+00  0.47659512263158E+00
 0.196400E+02  0.31408855697704E+00  0.47679754483867E+00
 0.196800E+02  0.31302181275663E+00  0.47696224355819E+00
 0.197200E+02  0.31201165866071E+00  0.47707275581765E+00
 0.197600E+02  0.31107355720909E+00  0.47711357261990E+00
 0.198000E+02  0.31022150190136E+00  0.47707085229569E+00
 0.198400E+02  0.30946735544773E+00  0.47693273220546E+00
 0.198800E+02  0.30882038959187E+00  0.47668986910456E+00
 0.199200E+02  0.30828673304184E+00  0.47633623378159E+00
 0.199600E+02  0.30786912053301E+00  0.47586913499010E+00
 0.200000E+02  0.30756669928858E+00  0.47528953445632E+00
