 0.100000E+01  0.123496788874036E+00
 0.200000E+01  0.318385059417778E-01
 0.300000E+01  0.116472665163769E-01
 0.400000E+01  0.106068251973261E-01
 0.500000E+01  0.509285393425896E-02
 0.600000E+01  0.246538082874635E-02
 0.700000E+01  0.160291383307577E-02
 0.800000E+01  0.965342084380236E-03
 0.900000E+01  0.690835498189263E-03
 0.100000E+02  0.383395162177065E-03
 0.110000E+02  0.207950067623245E-03
 0.120000E+02  0.135661207889501E-03
 0.130000E+02  0.931583923876943E-04
 0.140000E+02  0.635611778021660E-04
 0.150000E+02  0.408840450816941E-04
 0.160000E+02  0.300103202267077E-04
 0.170000E+02  0.199892081765704E-04
 0.180000E+02  0.131804965452827E-04
 0.190000E+02  0.885263043717749E-05
 0.200000E+02  0.626624361035155E-05
 0.210000E+02  0.483236351372793E-05
 0.220000E+02  0.308462902374723E-05
 0.230000E+02  0.233030037726025E-05
 0.240000E+02  0.171030968272194E-05
 0.250000E+02  0.124823659563405E-05
 0.260000E+02  0.946600366257662E-06
 0.270000E+02  0.645504184263916E-06
 0.280000E+02  0.525213084193301E-06
 0.290000E+02  0.373170999960747E-06
 0.300000E+02  0.281574042088109E-06
 0.310000E+02  0.212176779406669E-06
 0.320000E+02  0.150977197985768E-06
 0.330000E+02  0.122556264092294E-06
 0.340000E+02  0.869456064446182E-07
 0.350000E+02  0.683387780835188E-07
 0.360000E+02  0.523712711272989E-07
 0.370000E+02  0.402385885571099E-07
 0.380000E+02  0.332370118009549E-07
 0.390000E+02  0.274262136458408E-07
 0.400000E+02  0.228334238824934E-07
 0.410000E+02  0.167896159656338E-07
 0.420000E+02  0.140336916187970E-07
 0.430000E+02  0.105196826889666E-08
 0.440000E+02  0.000000000000000E+00
 0.450000E+02  0.000000000000000E+00
 0.460000E+02  0.000000000000000E+00
 0.470000E+02  0.000000000000000E+00
 0.480000E+02  0.000000000000000E+00
 0.490000E+02  0.000000000000000E+00
 0.500000E+02  0.000000000000000E+00
 0.510000E+02  0.000000000000000E+00
 0.520000E+02  0.000000000000000E+00
 0.530000E+02  0.000000000000000E+00
 0.540000E+02  0.000000000000000E+00
 0.550000E+02  0.000000000000000E+00
 0.560000E+02  0.000000000000000E+00
 0.570000E+02  0.000000000000000E+00
 0.580000E+02  0.000000000000000E+00
 0.590000E+02  0.000000000000000E+00
 0.600000E+02  0.000000000000000E+00
 0.610000E+02  0.000000000000000E+00
 0.620000E+02  0.000000000000000E+00
 0.630000E+02  0.000000000000000E+00
 0.640000E+02  0.000000000000000E+00
 0.650000E+02  0.000000000000000E+00
