 0.100000E+01  0.114918994324398E+00
 0.200000E+01  0.270134377441309E-01
 0.300000E+01  0.992220364602758E-02
 0.400000E+01  0.686325385822917E-02
 0.500000E+01  0.447505090988135E-02
 0.600000E+01  0.219967070410718E-02
 0.700000E+01  0.101726354386327E-02
 0.800000E+01  0.670785743330179E-03
 0.900000E+01  0.448025485692424E-03
 0.100000E+02  0.213924641190817E-03
 0.110000E+02  0.122772890363304E-03
 0.120000E+02  0.745230486373537E-04
 0.130000E+02  0.519330950040594E-04
 0.140000E+02  0.297925873155128E-04
 0.150000E+02  0.194239545728611E-04
 0.160000E+02  0.138578800306442E-04
 0.170000E+02  0.960404251811759E-05
 0.180000E+02  0.618818356866718E-05
 0.190000E+02  0.433732225617297E-05
 0.200000E+02  0.308824300897895E-05
 0.210000E+02  0.255443109294889E-05
 0.220000E+02  0.157042635533792E-05
 0.230000E+02  0.119893479687199E-05
 0.240000E+02  0.903075974449191E-06
 0.250000E+02  0.633507730978585E-06
 0.260000E+02  0.502413830993981E-06
 0.270000E+02  0.339998027065042E-06
 0.280000E+02  0.253813133973119E-06
 0.290000E+02  0.187108986095629E-06
 0.300000E+02  0.138199610143340E-06
 0.310000E+02  0.104879708120315E-06
 0.320000E+02  0.727746492345338E-07
 0.330000E+02  0.599412343742615E-07
 0.340000E+02  0.442997351904070E-07
 0.350000E+02  0.322031712710807E-07
 0.360000E+02  0.261026454894722E-07
 0.370000E+02  0.184828253859692E-07
 0.380000E+02  0.157305109134868E-07
 0.390000E+02  0.126673057874798E-07
 0.400000E+02  0.107757433826422E-07
 0.410000E+02  0.103560261430940E-07
 0.420000E+02  0.974362718328247E-08
 0.430000E+02  0.970435145788854E-09
 0.440000E+02  0.000000000000000E+00
 0.450000E+02  0.000000000000000E+00
 0.460000E+02  0.000000000000000E+00
 0.470000E+02  0.000000000000000E+00
 0.480000E+02  0.000000000000000E+00
 0.490000E+02  0.000000000000000E+00
 0.500000E+02  0.000000000000000E+00
 0.510000E+02  0.000000000000000E+00
 0.520000E+02  0.000000000000000E+00
 0.530000E+02  0.000000000000000E+00
 0.540000E+02  0.000000000000000E+00
 0.550000E+02  0.000000000000000E+00
 0.560000E+02  0.000000000000000E+00
 0.570000E+02  0.000000000000000E+00
 0.580000E+02  0.000000000000000E+00
 0.590000E+02  0.000000000000000E+00
 0.600000E+02  0.000000000000000E+00
 0.610000E+02  0.000000000000000E+00
 0.620000E+02  0.000000000000000E+00
 0.630000E+02  0.000000000000000E+00
 0.640000E+02  0.000000000000000E+00
 0.650000E+02  0.000000000000000E+00
