 0.100000E+01  0.220601318316767E+00
 0.200000E+01  0.945843083027285E-01
 0.300000E+01  0.385210750655460E-01
 0.400000E+01  0.301672187542579E-01
 0.500000E+01  0.220762841040880E-01
 0.600000E+01  0.121347462474404E-01
 0.700000E+01  0.926146821666407E-02
 0.800000E+01  0.678292262734459E-02
 0.900000E+01  0.551743808099014E-02
 0.100000E+02  0.298421206972535E-02
 0.110000E+02  0.181318178262627E-02
 0.120000E+02  0.127413366845265E-02
 0.130000E+02  0.824017451466978E-03
 0.140000E+02  0.540546430338740E-03
 0.150000E+02  0.358268594559806E-03
 0.160000E+02  0.286767654414368E-03
 0.170000E+02  0.191654780382610E-03
 0.180000E+02  0.142679298780164E-03
 0.190000E+02  0.950755243996320E-04
 0.200000E+02  0.734395456801732E-04
 0.210000E+02  0.538768727672112E-04
 0.220000E+02  0.380321720046236E-04
 0.230000E+02  0.279175812118343E-04
 0.240000E+02  0.199419185366650E-04
 0.250000E+02  0.159402600989437E-04
 0.260000E+02  0.114581048855088E-04
 0.270000E+02  0.852801804351034E-05
 0.280000E+02  0.645323609594862E-05
 0.290000E+02  0.498500668492279E-05
 0.300000E+02  0.379381586561791E-05
 0.310000E+02  0.294855417182019E-05
 0.320000E+02  0.223575995590601E-05
 0.330000E+02  0.175948354542424E-05
 0.340000E+02  0.139123525301914E-05
 0.350000E+02  0.103566262211648E-05
 0.360000E+02  0.799407048570789E-06
 0.370000E+02  0.584820931307630E-06
 0.380000E+02  0.435849670000861E-06
 0.390000E+02  0.319413372298952E-06
 0.400000E+02  0.233898935188795E-06
 0.410000E+02  0.162960552798309E-06
 0.420000E+02  0.108248701771385E-06
 0.430000E+02  0.652432142035989E-08
 0.440000E+02  0.000000000000000E+00
 0.450000E+02  0.000000000000000E+00
 0.460000E+02  0.000000000000000E+00
 0.470000E+02  0.000000000000000E+00
 0.480000E+02  0.000000000000000E+00
 0.490000E+02  0.000000000000000E+00
 0.500000E+02  0.000000000000000E+00
 0.510000E+02  0.000000000000000E+00
 0.520000E+02  0.000000000000000E+00
 0.530000E+02  0.000000000000000E+00
 0.540000E+02  0.000000000000000E+00
 0.550000E+02  0.000000000000000E+00
 0.560000E+02  0.000000000000000E+00
 0.570000E+02  0.000000000000000E+00
 0.580000E+02  0.000000000000000E+00
 0.590000E+02  0.000000000000000E+00
 0.600000E+02  0.000000000000000E+00
 0.610000E+02  0.000000000000000E+00
 0.620000E+02  0.000000000000000E+00
 0.630000E+02  0.000000000000000E+00
 0.640000E+02  0.000000000000000E+00
 0.650000E+02  0.000000000000000E+00
