 0.100000E+01  0.110454579633370E+00
 0.200000E+01  0.257258153125601E-01
 0.300000E+01  0.102918304113047E-01
 0.400000E+01  0.724250600510723E-02
 0.500000E+01  0.419785362730701E-02
 0.600000E+01  0.215793321053234E-02
 0.700000E+01  0.907647405162838E-03
 0.800000E+01  0.509411153073148E-03
 0.900000E+01  0.349031982349372E-03
 0.100000E+02  0.193866355405665E-03
 0.110000E+02  0.108996563156127E-03
 0.120000E+02  0.662322515027863E-04
 0.130000E+02  0.475917320523891E-04
 0.140000E+02  0.291972880057728E-04
 0.150000E+02  0.157286697819959E-04
 0.160000E+02  0.125988074983205E-04
 0.170000E+02  0.805030352152378E-05
 0.180000E+02  0.538460505698999E-05
 0.190000E+02  0.358998549220229E-05
 0.200000E+02  0.252490762894100E-05
 0.210000E+02  0.199571339640981E-05
 0.220000E+02  0.129890512602507E-05
 0.230000E+02  0.976854136631923E-06
 0.240000E+02  0.692656766346097E-06
 0.250000E+02  0.514712256525072E-06
 0.260000E+02  0.395612533787987E-06
 0.270000E+02  0.258839835669260E-06
 0.280000E+02  0.211417436004648E-06
 0.290000E+02  0.152509884225595E-06
 0.300000E+02  0.116681262831957E-06
 0.310000E+02  0.915609973159067E-07
 0.320000E+02  0.614132958300155E-07
 0.330000E+02  0.530573352439427E-07
 0.340000E+02  0.384146307850613E-07
 0.350000E+02  0.283208575958189E-07
 0.360000E+02  0.233656652473201E-07
 0.370000E+02  0.175855130837783E-07
 0.380000E+02  0.149008675378311E-07
 0.390000E+02  0.115313858668271E-07
 0.400000E+02  0.105941030555851E-07
 0.410000E+02  0.945076038443904E-08
 0.420000E+02  0.904821770998110E-08
 0.430000E+02  0.724020008754238E-09
 0.440000E+02  0.000000000000000E+00
 0.450000E+02  0.000000000000000E+00
 0.460000E+02  0.000000000000000E+00
 0.470000E+02  0.000000000000000E+00
 0.480000E+02  0.000000000000000E+00
 0.490000E+02  0.000000000000000E+00
 0.500000E+02  0.000000000000000E+00
 0.510000E+02  0.000000000000000E+00
 0.520000E+02  0.000000000000000E+00
 0.530000E+02  0.000000000000000E+00
 0.540000E+02  0.000000000000000E+00
 0.550000E+02  0.000000000000000E+00
 0.560000E+02  0.000000000000000E+00
 0.570000E+02  0.000000000000000E+00
 0.580000E+02  0.000000000000000E+00
 0.590000E+02  0.000000000000000E+00
 0.600000E+02  0.000000000000000E+00
 0.610000E+02  0.000000000000000E+00
 0.620000E+02  0.000000000000000E+00
 0.630000E+02  0.000000000000000E+00
 0.640000E+02  0.000000000000000E+00
 0.650000E+02  0.000000000000000E+00
