 0.100000E+01  0.109555119284323E+00
 0.200000E+01  0.207960634736537E-01
 0.300000E+01  0.984955118708797E-02
 0.400000E+01  0.639236172093560E-02
 0.500000E+01  0.331828792540545E-02
 0.600000E+01  0.194884424106743E-02
 0.700000E+01  0.850786833494527E-03
 0.800000E+01  0.433255661664138E-03
 0.900000E+01  0.266250554520343E-03
 0.100000E+02  0.149486188204038E-03
 0.110000E+02  0.788861852784360E-04
 0.120000E+02  0.501882626479064E-04
 0.130000E+02  0.342414388670244E-04
 0.140000E+02  0.210286405287363E-04
 0.150000E+02  0.111995624828028E-04
 0.160000E+02  0.894169662646905E-05
 0.170000E+02  0.559750485330376E-05
 0.180000E+02  0.400700344154153E-05
 0.190000E+02  0.261174874083125E-05
 0.200000E+02  0.181460875891978E-05
 0.210000E+02  0.141431843007800E-05
 0.220000E+02  0.961763367230826E-06
 0.230000E+02  0.669666449164423E-06
 0.240000E+02  0.487616569050566E-06
 0.250000E+02  0.349533890599290E-06
 0.260000E+02  0.270261604959663E-06
 0.270000E+02  0.168665554597241E-06
 0.280000E+02  0.136168172975604E-06
 0.290000E+02  0.930726435751117E-07
 0.300000E+02  0.702609348998239E-07
 0.310000E+02  0.534825454054316E-07
 0.320000E+02  0.356727118032036E-07
 0.330000E+02  0.300198110485608E-07
 0.340000E+02  0.209988618229404E-07
 0.350000E+02  0.156803074035455E-07
 0.360000E+02  0.124322540683216E-07
 0.370000E+02  0.902993559663804E-08
 0.380000E+02  0.774978775919216E-08
 0.390000E+02  0.586400723342051E-08
 0.400000E+02  0.491978495976563E-08
 0.410000E+02  0.411813413209780E-08
 0.420000E+02  0.415219963470499E-08
 0.430000E+02  0.473757242915312E-09
 0.440000E+02  0.000000000000000E+00
 0.450000E+02  0.000000000000000E+00
 0.460000E+02  0.000000000000000E+00
 0.470000E+02  0.000000000000000E+00
 0.480000E+02  0.000000000000000E+00
 0.490000E+02  0.000000000000000E+00
 0.500000E+02  0.000000000000000E+00
 0.510000E+02  0.000000000000000E+00
 0.520000E+02  0.000000000000000E+00
 0.530000E+02  0.000000000000000E+00
 0.540000E+02  0.000000000000000E+00
 0.550000E+02  0.000000000000000E+00
 0.560000E+02  0.000000000000000E+00
 0.570000E+02  0.000000000000000E+00
 0.580000E+02  0.000000000000000E+00
 0.590000E+02  0.000000000000000E+00
 0.600000E+02  0.000000000000000E+00
 0.610000E+02  0.000000000000000E+00
 0.620000E+02  0.000000000000000E+00
 0.630000E+02  0.000000000000000E+00
 0.640000E+02  0.000000000000000E+00
 0.650000E+02  0.000000000000000E+00
