 0.100000E+01  0.180384594466886E+00
 0.200000E+01  0.416023398997822E-01
 0.300000E+01  0.192344833402558E-01
 0.400000E+01  0.181039616824350E-01
 0.500000E+01  0.118553031911617E-01
 0.600000E+01  0.595697262836845E-02
 0.700000E+01  0.377360588938605E-02
 0.800000E+01  0.259709025888230E-02
 0.900000E+01  0.195020680895975E-02
 0.100000E+02  0.117460074582825E-02
 0.110000E+02  0.816042667274395E-03
 0.120000E+02  0.564381794976689E-03
 0.130000E+02  0.445714348376129E-03
 0.140000E+02  0.299181826338134E-03
 0.150000E+02  0.192029451409613E-03
 0.160000E+02  0.160886436035150E-03
 0.170000E+02  0.125210277336448E-03
 0.180000E+02  0.913691491814141E-04
 0.190000E+02  0.627956208083407E-04
 0.200000E+02  0.481370578952165E-04
 0.210000E+02  0.383814546908903E-04
 0.220000E+02  0.276673830853526E-04
 0.230000E+02  0.198837174599524E-04
 0.240000E+02  0.158987999363148E-04
 0.250000E+02  0.123535673535267E-04
 0.260000E+02  0.951342057378744E-05
 0.270000E+02  0.696443021538885E-05
 0.280000E+02  0.566605094271953E-05
 0.290000E+02  0.421274658376040E-05
 0.300000E+02  0.330128122368412E-05
 0.310000E+02  0.260316188989509E-05
 0.320000E+02  0.198440243652570E-05
 0.330000E+02  0.164081836078513E-05
 0.340000E+02  0.126781538423259E-05
 0.350000E+02  0.979944968190285E-06
 0.360000E+02  0.758426026475310E-06
 0.370000E+02  0.586396085474934E-06
 0.380000E+02  0.453075234105771E-06
 0.390000E+02  0.354297921441020E-06
 0.400000E+02  0.284417735684761E-06
 0.410000E+02  0.229681537119128E-06
 0.420000E+02  0.201118759204796E-06
 0.430000E+02  0.206351195041789E-07
 0.440000E+02  0.000000000000000E+00
 0.450000E+02  0.000000000000000E+00
 0.460000E+02  0.000000000000000E+00
 0.470000E+02  0.000000000000000E+00
 0.480000E+02  0.000000000000000E+00
 0.490000E+02  0.000000000000000E+00
 0.500000E+02  0.000000000000000E+00
 0.510000E+02  0.000000000000000E+00
 0.520000E+02  0.000000000000000E+00
 0.530000E+02  0.000000000000000E+00
 0.540000E+02  0.000000000000000E+00
 0.550000E+02  0.000000000000000E+00
 0.560000E+02  0.000000000000000E+00
 0.570000E+02  0.000000000000000E+00
 0.580000E+02  0.000000000000000E+00
 0.590000E+02  0.000000000000000E+00
 0.600000E+02  0.000000000000000E+00
 0.610000E+02  0.000000000000000E+00
 0.620000E+02  0.000000000000000E+00
 0.630000E+02  0.000000000000000E+00
 0.640000E+02  0.000000000000000E+00
 0.650000E+02  0.000000000000000E+00
