 0.100000E+01  0.226206946186721E+00
 0.200000E+01  0.764860785266137E-01
 0.300000E+01  0.345569775709009E-01
 0.400000E+01  0.299051977566194E-01
 0.500000E+01  0.174663470361907E-01
 0.600000E+01  0.966815702048152E-02
 0.700000E+01  0.788231160848785E-02
 0.800000E+01  0.506377760420943E-02
 0.900000E+01  0.436437760395136E-02
 0.100000E+02  0.268575882773200E-02
 0.110000E+02  0.206750835575804E-02
 0.120000E+02  0.156949377594998E-02
 0.130000E+02  0.119635298848445E-02
 0.140000E+02  0.938492733740621E-03
 0.150000E+02  0.652220662461962E-03
 0.160000E+02  0.554707344912388E-03
 0.170000E+02  0.439552970449300E-03
 0.180000E+02  0.320935473452752E-03
 0.190000E+02  0.249622658215471E-03
 0.200000E+02  0.193318902897966E-03
 0.210000E+02  0.158425732305632E-03
 0.220000E+02  0.117028909712424E-03
 0.230000E+02  0.913215498824075E-04
 0.240000E+02  0.734786632732289E-04
 0.250000E+02  0.574099466912665E-04
 0.260000E+02  0.460018308589345E-04
 0.270000E+02  0.355130930332877E-04
 0.280000E+02  0.291784470006936E-04
 0.290000E+02  0.235439096798198E-04
 0.300000E+02  0.181975159055488E-04
 0.310000E+02  0.150333355296978E-04
 0.320000E+02  0.119948086107723E-04
 0.330000E+02  0.998202635060448E-05
 0.340000E+02  0.821006082440034E-05
 0.350000E+02  0.648883857706370E-05
 0.360000E+02  0.515040316068418E-05
 0.370000E+02  0.413586511893420E-05
 0.380000E+02  0.342528481787013E-05
 0.390000E+02  0.268422824572951E-05
 0.400000E+02  0.216143696502134E-05
 0.410000E+02  0.162161661673908E-05
 0.420000E+02  0.119630365373918E-05
 0.430000E+02  0.842638344794588E-07
 0.440000E+02  0.000000000000000E+00
 0.450000E+02  0.000000000000000E+00
 0.460000E+02  0.000000000000000E+00
 0.470000E+02  0.000000000000000E+00
 0.480000E+02  0.000000000000000E+00
 0.490000E+02  0.000000000000000E+00
 0.500000E+02  0.000000000000000E+00
 0.510000E+02  0.000000000000000E+00
 0.520000E+02  0.000000000000000E+00
 0.530000E+02  0.000000000000000E+00
 0.540000E+02  0.000000000000000E+00
 0.550000E+02  0.000000000000000E+00
 0.560000E+02  0.000000000000000E+00
 0.570000E+02  0.000000000000000E+00
 0.580000E+02  0.000000000000000E+00
 0.590000E+02  0.000000000000000E+00
 0.600000E+02  0.000000000000000E+00
 0.610000E+02  0.000000000000000E+00
 0.620000E+02  0.000000000000000E+00
 0.630000E+02  0.000000000000000E+00
 0.640000E+02  0.000000000000000E+00
 0.650000E+02  0.000000000000000E+00
