 0.100000E+01  0.122500686818967E+00
 0.200000E+01  0.314241427259816E-01
 0.300000E+01  0.110673135819752E-01
 0.400000E+01  0.930444430524791E-02
 0.500000E+01  0.482127505103591E-02
 0.600000E+01  0.224339700253612E-02
 0.700000E+01  0.141444113236717E-02
 0.800000E+01  0.883283562414207E-03
 0.900000E+01  0.563577569700768E-03
 0.100000E+02  0.309623292227437E-03
 0.110000E+02  0.185411849371520E-03
 0.120000E+02  0.105954982873845E-03
 0.130000E+02  0.759123484836711E-04
 0.140000E+02  0.451243106259794E-04
 0.150000E+02  0.278885990757601E-04
 0.160000E+02  0.218526135668835E-04
 0.170000E+02  0.149600888303870E-04
 0.180000E+02  0.947024279603803E-05
 0.190000E+02  0.651213042403066E-05
 0.200000E+02  0.445174311444695E-05
 0.210000E+02  0.345219141184205E-05
 0.220000E+02  0.228376315086355E-05
 0.230000E+02  0.167961308569572E-05
 0.240000E+02  0.117254135121888E-05
 0.250000E+02  0.848003140590243E-06
 0.260000E+02  0.633910207713031E-06
 0.270000E+02  0.446847955320698E-06
 0.280000E+02  0.343773805496776E-06
 0.290000E+02  0.256222016638339E-06
 0.300000E+02  0.185306475593057E-06
 0.310000E+02  0.153711359278667E-06
 0.320000E+02  0.106911993635151E-06
 0.330000E+02  0.908426215367702E-07
 0.340000E+02  0.675001096831038E-07
 0.350000E+02  0.528086112487552E-07
 0.360000E+02  0.433297652024470E-07
 0.370000E+02  0.339871162015332E-07
 0.380000E+02  0.279395524967677E-07
 0.390000E+02  0.237609990639792E-07
 0.400000E+02  0.203877201069778E-07
 0.410000E+02  0.185534657151514E-07
 0.420000E+02  0.174651718627746E-07
 0.430000E+02  0.143449080494988E-08
 0.440000E+02  0.000000000000000E+00
 0.450000E+02  0.000000000000000E+00
 0.460000E+02  0.000000000000000E+00
 0.470000E+02  0.000000000000000E+00
 0.480000E+02  0.000000000000000E+00
 0.490000E+02  0.000000000000000E+00
 0.500000E+02  0.000000000000000E+00
 0.510000E+02  0.000000000000000E+00
 0.520000E+02  0.000000000000000E+00
 0.530000E+02  0.000000000000000E+00
 0.540000E+02  0.000000000000000E+00
 0.550000E+02  0.000000000000000E+00
 0.560000E+02  0.000000000000000E+00
 0.570000E+02  0.000000000000000E+00
 0.580000E+02  0.000000000000000E+00
 0.590000E+02  0.000000000000000E+00
 0.600000E+02  0.000000000000000E+00
 0.610000E+02  0.000000000000000E+00
 0.620000E+02  0.000000000000000E+00
 0.630000E+02  0.000000000000000E+00
 0.640000E+02  0.000000000000000E+00
 0.650000E+02  0.000000000000000E+00
