 0.100000E+01  0.143002006574534E+00
 0.200000E+01  0.315946108348726E-01
 0.300000E+01  0.131430498999379E-01
 0.400000E+01  0.118562667961770E-01
 0.500000E+01  0.700469755044875E-02
 0.600000E+01  0.360051204066129E-02
 0.700000E+01  0.232851743124305E-02
 0.800000E+01  0.143205611723747E-02
 0.900000E+01  0.916547127714441E-03
 0.100000E+02  0.541573565286749E-03
 0.110000E+02  0.344847843287352E-03
 0.120000E+02  0.235420431467064E-03
 0.130000E+02  0.156790229494328E-03
 0.140000E+02  0.103055969928567E-03
 0.150000E+02  0.674108606329435E-04
 0.160000E+02  0.542402616901738E-04
 0.170000E+02  0.377361376391599E-04
 0.180000E+02  0.256583736961516E-04
 0.190000E+02  0.178457894390033E-04
 0.200000E+02  0.126962016863106E-04
 0.210000E+02  0.974361818091554E-05
 0.220000E+02  0.641810979500869E-05
 0.230000E+02  0.483685053431793E-05
 0.240000E+02  0.346811887933654E-05
 0.250000E+02  0.265196005999369E-05
 0.260000E+02  0.196026465389585E-05
 0.270000E+02  0.137877068070003E-05
 0.280000E+02  0.105359502884009E-05
 0.290000E+02  0.806168496171035E-06
 0.300000E+02  0.591803678356257E-06
 0.310000E+02  0.462451014285336E-06
 0.320000E+02  0.343972817682675E-06
 0.330000E+02  0.273732918342074E-06
 0.340000E+02  0.200288311575763E-06
 0.350000E+02  0.153242507264572E-06
 0.360000E+02  0.119175798329523E-06
 0.370000E+02  0.938050456937411E-07
 0.380000E+02  0.793450452621066E-07
 0.390000E+02  0.632151828093709E-07
 0.400000E+02  0.545708283889065E-07
 0.410000E+02  0.439772328335996E-07
 0.420000E+02  0.364912728721306E-07
 0.430000E+02  0.273397349084912E-08
 0.440000E+02  0.000000000000000E+00
 0.450000E+02  0.000000000000000E+00
 0.460000E+02  0.000000000000000E+00
 0.470000E+02  0.000000000000000E+00
 0.480000E+02  0.000000000000000E+00
 0.490000E+02  0.000000000000000E+00
 0.500000E+02  0.000000000000000E+00
 0.510000E+02  0.000000000000000E+00
 0.520000E+02  0.000000000000000E+00
 0.530000E+02  0.000000000000000E+00
 0.540000E+02  0.000000000000000E+00
 0.550000E+02  0.000000000000000E+00
 0.560000E+02  0.000000000000000E+00
 0.570000E+02  0.000000000000000E+00
 0.580000E+02  0.000000000000000E+00
 0.590000E+02  0.000000000000000E+00
 0.600000E+02  0.000000000000000E+00
 0.610000E+02  0.000000000000000E+00
 0.620000E+02  0.000000000000000E+00
 0.630000E+02  0.000000000000000E+00
 0.640000E+02  0.000000000000000E+00
 0.650000E+02  0.000000000000000E+00
