 0.100000E+01  0.239942711603362E+00
 0.200000E+01  0.827647094556596E-01
 0.300000E+01  0.416666910291497E-01
 0.400000E+01  0.259600611347253E-01
 0.500000E+01  0.211854895505326E-01
 0.600000E+01  0.116066837126567E-01
 0.700000E+01  0.873238203769056E-02
 0.800000E+01  0.641057859315475E-02
 0.900000E+01  0.526701017936793E-02
 0.100000E+02  0.333455640268854E-02
 0.110000E+02  0.230396689510548E-02
 0.120000E+02  0.178907604031238E-02
 0.130000E+02  0.132079339871962E-02
 0.140000E+02  0.924738422169415E-03
 0.150000E+02  0.632086957767425E-03
 0.160000E+02  0.532446827957857E-03
 0.170000E+02  0.397742789392934E-03
 0.180000E+02  0.286523144965151E-03
 0.190000E+02  0.212466579368151E-03
 0.200000E+02  0.176124147594576E-03
 0.210000E+02  0.140227120767375E-03
 0.220000E+02  0.103283124621082E-03
 0.230000E+02  0.808393821228577E-04
 0.240000E+02  0.631529763322719E-04
 0.250000E+02  0.544099140588909E-04
 0.260000E+02  0.408720179419673E-04
 0.270000E+02  0.310274410706420E-04
 0.280000E+02  0.263427104947685E-04
 0.290000E+02  0.204203373555055E-04
 0.300000E+02  0.157820027296108E-04
 0.310000E+02  0.128467517842760E-04
 0.320000E+02  0.100228576956074E-04
 0.330000E+02  0.811590660572251E-05
 0.340000E+02  0.651099148789361E-05
 0.350000E+02  0.514449664966903E-05
 0.360000E+02  0.415050674664917E-05
 0.370000E+02  0.320953495287126E-05
 0.380000E+02  0.271568001436254E-05
 0.390000E+02  0.214552978044257E-05
 0.400000E+02  0.173401191548353E-05
 0.410000E+02  0.135185795016664E-05
 0.420000E+02  0.817941190260482E-06
 0.430000E+02  0.488689233732464E-07
 0.440000E+02  0.000000000000000E+00
 0.450000E+02  0.000000000000000E+00
 0.460000E+02  0.000000000000000E+00
 0.470000E+02  0.000000000000000E+00
 0.480000E+02  0.000000000000000E+00
 0.490000E+02  0.000000000000000E+00
 0.500000E+02  0.000000000000000E+00
 0.510000E+02  0.000000000000000E+00
 0.520000E+02  0.000000000000000E+00
 0.530000E+02  0.000000000000000E+00
 0.540000E+02  0.000000000000000E+00
 0.550000E+02  0.000000000000000E+00
 0.560000E+02  0.000000000000000E+00
 0.570000E+02  0.000000000000000E+00
 0.580000E+02  0.000000000000000E+00
 0.590000E+02  0.000000000000000E+00
 0.600000E+02  0.000000000000000E+00
 0.610000E+02  0.000000000000000E+00
 0.620000E+02  0.000000000000000E+00
 0.630000E+02  0.000000000000000E+00
 0.640000E+02  0.000000000000000E+00
 0.650000E+02  0.000000000000000E+00
