 0.100000E+01  0.161145072110230E+00
 0.200000E+01  0.439829255133191E-01
 0.300000E+01  0.230235290518976E-01
 0.400000E+01  0.229611792665674E-01
 0.500000E+01  0.124324665458211E-01
 0.600000E+01  0.676645338908699E-02
 0.700000E+01  0.447134994099574E-02
 0.800000E+01  0.311779873798746E-02
 0.900000E+01  0.248607379735640E-02
 0.100000E+02  0.158160391014206E-02
 0.110000E+02  0.106387645255744E-02
 0.120000E+02  0.830640540530664E-03
 0.130000E+02  0.617660384309762E-03
 0.140000E+02  0.433174863066737E-03
 0.150000E+02  0.299298577459249E-03
 0.160000E+02  0.252390643977188E-03
 0.170000E+02  0.190442114720363E-03
 0.180000E+02  0.140601576087422E-03
 0.190000E+02  0.100415002354583E-03
 0.200000E+02  0.717959654938312E-04
 0.210000E+02  0.553092134239143E-04
 0.220000E+02  0.415416589874948E-04
 0.230000E+02  0.310402981759616E-04
 0.240000E+02  0.244012910866374E-04
 0.250000E+02  0.185941550809741E-04
 0.260000E+02  0.148605915027358E-04
 0.270000E+02  0.111693488531957E-04
 0.280000E+02  0.901856430557631E-05
 0.290000E+02  0.689936737197964E-05
 0.300000E+02  0.550109630685935E-05
 0.310000E+02  0.438039479197449E-05
 0.320000E+02  0.319658602130591E-05
 0.330000E+02  0.257820572545706E-05
 0.340000E+02  0.205220154662300E-05
 0.350000E+02  0.156121659945375E-05
 0.360000E+02  0.125755037798272E-05
 0.370000E+02  0.977155210595417E-06
 0.380000E+02  0.775192018796861E-06
 0.390000E+02  0.612406230622213E-06
 0.400000E+02  0.478069682511220E-06
 0.410000E+02  0.374917675845796E-06
 0.420000E+02  0.313669367317396E-06
 0.430000E+02  0.479096071890305E-07
 0.440000E+02  0.000000000000000E+00
 0.450000E+02  0.000000000000000E+00
 0.460000E+02  0.000000000000000E+00
 0.470000E+02  0.000000000000000E+00
 0.480000E+02  0.000000000000000E+00
 0.490000E+02  0.000000000000000E+00
 0.500000E+02  0.000000000000000E+00
 0.510000E+02  0.000000000000000E+00
 0.520000E+02  0.000000000000000E+00
 0.530000E+02  0.000000000000000E+00
 0.540000E+02  0.000000000000000E+00
 0.550000E+02  0.000000000000000E+00
 0.560000E+02  0.000000000000000E+00
 0.570000E+02  0.000000000000000E+00
 0.580000E+02  0.000000000000000E+00
 0.590000E+02  0.000000000000000E+00
 0.600000E+02  0.000000000000000E+00
 0.610000E+02  0.000000000000000E+00
 0.620000E+02  0.000000000000000E+00
 0.630000E+02  0.000000000000000E+00
 0.640000E+02  0.000000000000000E+00
 0.650000E+02  0.000000000000000E+00
