 0.100000E+01  0.113154470753216E+00
 0.200000E+01  0.263463792863377E-01
 0.300000E+01  0.101318494992881E-01
 0.400000E+01  0.699568526378158E-02
 0.500000E+01  0.446110253596155E-02
 0.600000E+01  0.208030045291084E-02
 0.700000E+01  0.975004276942961E-03
 0.800000E+01  0.554193606757405E-03
 0.900000E+01  0.399618164707629E-03
 0.100000E+02  0.208594925042834E-03
 0.110000E+02  0.107881972491708E-03
 0.120000E+02  0.664842062421331E-04
 0.130000E+02  0.478817471789435E-04
 0.140000E+02  0.273606080963258E-04
 0.150000E+02  0.167938694133686E-04
 0.160000E+02  0.129464167859809E-04
 0.170000E+02  0.866025687922034E-05
 0.180000E+02  0.584497317037699E-05
 0.190000E+02  0.404764252071219E-05
 0.200000E+02  0.281903700620796E-05
 0.210000E+02  0.231078419939290E-05
 0.220000E+02  0.146236431607363E-05
 0.230000E+02  0.112581441450546E-05
 0.240000E+02  0.811060674712947E-06
 0.250000E+02  0.587162753419335E-06
 0.260000E+02  0.481765586878210E-06
 0.270000E+02  0.318700796061528E-06
 0.280000E+02  0.253346482366620E-06
 0.290000E+02  0.184326983748456E-06
 0.300000E+02  0.139296968362982E-06
 0.310000E+02  0.108610869659012E-06
 0.320000E+02  0.720648459186173E-07
 0.330000E+02  0.658386230650418E-07
 0.340000E+02  0.443609537639235E-07
 0.350000E+02  0.351692253311091E-07
 0.360000E+02  0.270693232752535E-07
 0.370000E+02  0.196096955132534E-07
 0.380000E+02  0.165642437840943E-07
 0.390000E+02  0.126539384362683E-07
 0.400000E+02  0.113886751334939E-07
 0.410000E+02  0.106930084682225E-07
 0.420000E+02  0.906923119428043E-08
 0.430000E+02  0.570288050026028E-09
 0.440000E+02  0.000000000000000E+00
 0.450000E+02  0.000000000000000E+00
 0.460000E+02  0.000000000000000E+00
 0.470000E+02  0.000000000000000E+00
 0.480000E+02  0.000000000000000E+00
 0.490000E+02  0.000000000000000E+00
 0.500000E+02  0.000000000000000E+00
 0.510000E+02  0.000000000000000E+00
 0.520000E+02  0.000000000000000E+00
 0.530000E+02  0.000000000000000E+00
 0.540000E+02  0.000000000000000E+00
 0.550000E+02  0.000000000000000E+00
 0.560000E+02  0.000000000000000E+00
 0.570000E+02  0.000000000000000E+00
 0.580000E+02  0.000000000000000E+00
 0.590000E+02  0.000000000000000E+00
 0.600000E+02  0.000000000000000E+00
 0.610000E+02  0.000000000000000E+00
 0.620000E+02  0.000000000000000E+00
 0.630000E+02  0.000000000000000E+00
 0.640000E+02  0.000000000000000E+00
 0.650000E+02  0.000000000000000E+00
