 0.100000E+01  0.140961328666890E+00
 0.200000E+01  0.299840553579998E-01
 0.300000E+01  0.113272069700656E-01
 0.400000E+01  0.119862984097647E-01
 0.500000E+01  0.577388001556578E-02
 0.600000E+01  0.334611284233974E-02
 0.700000E+01  0.218325621158520E-02
 0.800000E+01  0.135466205530194E-02
 0.900000E+01  0.854424556980555E-03
 0.100000E+02  0.474764713645081E-03
 0.110000E+02  0.309969200527609E-03
 0.120000E+02  0.200439018054433E-03
 0.130000E+02  0.146587381961263E-03
 0.140000E+02  0.869677508122322E-04
 0.150000E+02  0.584159300213867E-04
 0.160000E+02  0.450403686646134E-04
 0.170000E+02  0.311480819790687E-04
 0.180000E+02  0.205969582926616E-04
 0.190000E+02  0.139461064758839E-04
 0.200000E+02  0.988484530661184E-05
 0.210000E+02  0.769835239800182E-05
 0.220000E+02  0.507071258201382E-05
 0.230000E+02  0.376010763971213E-05
 0.240000E+02  0.295923321618857E-05
 0.250000E+02  0.218884783653567E-05
 0.260000E+02  0.163702579598159E-05
 0.270000E+02  0.118473254499805E-05
 0.280000E+02  0.918538350168238E-06
 0.290000E+02  0.676692505834455E-06
 0.300000E+02  0.498604968522390E-06
 0.310000E+02  0.382219666276827E-06
 0.320000E+02  0.283596730025922E-06
 0.330000E+02  0.223242557312871E-06
 0.340000E+02  0.170246841975567E-06
 0.350000E+02  0.129396150548757E-06
 0.360000E+02  0.106479164264368E-06
 0.370000E+02  0.829268871538276E-07
 0.380000E+02  0.681457172851531E-07
 0.390000E+02  0.568869378944988E-07
 0.400000E+02  0.436457404625580E-07
 0.410000E+02  0.352649061478260E-07
 0.420000E+02  0.205091425897701E-07
 0.430000E+02  0.109797232026795E-08
 0.440000E+02  0.000000000000000E+00
 0.450000E+02  0.000000000000000E+00
 0.460000E+02  0.000000000000000E+00
 0.470000E+02  0.000000000000000E+00
 0.480000E+02  0.000000000000000E+00
 0.490000E+02  0.000000000000000E+00
 0.500000E+02  0.000000000000000E+00
 0.510000E+02  0.000000000000000E+00
 0.520000E+02  0.000000000000000E+00
 0.530000E+02  0.000000000000000E+00
 0.540000E+02  0.000000000000000E+00
 0.550000E+02  0.000000000000000E+00
 0.560000E+02  0.000000000000000E+00
 0.570000E+02  0.000000000000000E+00
 0.580000E+02  0.000000000000000E+00
 0.590000E+02  0.000000000000000E+00
 0.600000E+02  0.000000000000000E+00
 0.610000E+02  0.000000000000000E+00
 0.620000E+02  0.000000000000000E+00
 0.630000E+02  0.000000000000000E+00
 0.640000E+02  0.000000000000000E+00
 0.650000E+02  0.000000000000000E+00
