 0.100000E+01  0.113876634422923E+00
 0.200000E+01  0.247167613699730E-01
 0.300000E+01  0.101540530234558E-01
 0.400000E+01  0.619684297067336E-02
 0.500000E+01  0.392283972366408E-02
 0.600000E+01  0.211455441436948E-02
 0.700000E+01  0.902189551228224E-03
 0.800000E+01  0.504909468204093E-03
 0.900000E+01  0.348491536177961E-03
 0.100000E+02  0.178992995507096E-03
 0.110000E+02  0.103194780377083E-03
 0.120000E+02  0.609454618638856E-04
 0.130000E+02  0.427656473981470E-04
 0.140000E+02  0.260859334559983E-04
 0.150000E+02  0.142881621373682E-04
 0.160000E+02  0.115990881093308E-04
 0.170000E+02  0.755151205644258E-05
 0.180000E+02  0.521115477499650E-05
 0.190000E+02  0.331981175462556E-05
 0.200000E+02  0.238448464667372E-05
 0.210000E+02  0.196437723009060E-05
 0.220000E+02  0.124141483401464E-05
 0.230000E+02  0.900716225961185E-06
 0.240000E+02  0.672891952157101E-06
 0.250000E+02  0.481010952601778E-06
 0.260000E+02  0.376072079498686E-06
 0.270000E+02  0.234698062437610E-06
 0.280000E+02  0.189736487779656E-06
 0.290000E+02  0.132721543457111E-06
 0.300000E+02  0.100628346491368E-06
 0.310000E+02  0.752079732090684E-07
 0.320000E+02  0.529603153085567E-07
 0.330000E+02  0.443558481513529E-07
 0.340000E+02  0.313300126331297E-07
 0.350000E+02  0.247138667422586E-07
 0.360000E+02  0.183714010170480E-07
 0.370000E+02  0.138450238160323E-07
 0.380000E+02  0.115826020767768E-07
 0.390000E+02  0.902765200852870E-08
 0.400000E+02  0.821740709960752E-08
 0.410000E+02  0.727768438306187E-08
 0.420000E+02  0.695228321631171E-08
 0.430000E+02  0.568134097901198E-09
 0.440000E+02  0.000000000000000E+00
 0.450000E+02  0.000000000000000E+00
 0.460000E+02  0.000000000000000E+00
 0.470000E+02  0.000000000000000E+00
 0.480000E+02  0.000000000000000E+00
 0.490000E+02  0.000000000000000E+00
 0.500000E+02  0.000000000000000E+00
 0.510000E+02  0.000000000000000E+00
 0.520000E+02  0.000000000000000E+00
 0.530000E+02  0.000000000000000E+00
 0.540000E+02  0.000000000000000E+00
 0.550000E+02  0.000000000000000E+00
 0.560000E+02  0.000000000000000E+00
 0.570000E+02  0.000000000000000E+00
 0.580000E+02  0.000000000000000E+00
 0.590000E+02  0.000000000000000E+00
 0.600000E+02  0.000000000000000E+00
 0.610000E+02  0.000000000000000E+00
 0.620000E+02  0.000000000000000E+00
 0.630000E+02  0.000000000000000E+00
 0.640000E+02  0.000000000000000E+00
 0.650000E+02  0.000000000000000E+00
