 0.100000E+01  0.133859168199706E+00
 0.200000E+01  0.298207463800964E-01
 0.300000E+01  0.113256525950476E-01
 0.400000E+01  0.106980877675813E-01
 0.500000E+01  0.582991160904856E-02
 0.600000E+01  0.285450419245827E-02
 0.700000E+01  0.185555664364542E-02
 0.800000E+01  0.119848595552276E-02
 0.900000E+01  0.701727807125000E-03
 0.100000E+02  0.425197692541466E-03
 0.110000E+02  0.240941245762361E-03
 0.120000E+02  0.170542657538626E-03
 0.130000E+02  0.114830573314332E-03
 0.140000E+02  0.771274743097366E-04
 0.150000E+02  0.452347428967619E-04
 0.160000E+02  0.336652297788795E-04
 0.170000E+02  0.230026949886455E-04
 0.180000E+02  0.149433400780608E-04
 0.190000E+02  0.105074700664179E-04
 0.200000E+02  0.747846968247077E-05
 0.210000E+02  0.574235676955732E-05
 0.220000E+02  0.371033228227876E-05
 0.230000E+02  0.280134171013045E-05
 0.240000E+02  0.206628259629838E-05
 0.250000E+02  0.153308909942124E-05
 0.260000E+02  0.114903302050640E-05
 0.270000E+02  0.785195382118540E-06
 0.280000E+02  0.631542282714846E-06
 0.290000E+02  0.472699972015119E-06
 0.300000E+02  0.349921793627365E-06
 0.310000E+02  0.275966033782948E-06
 0.320000E+02  0.199003282689267E-06
 0.330000E+02  0.155877949032768E-06
 0.340000E+02  0.120319282488081E-06
 0.350000E+02  0.872143773554876E-07
 0.360000E+02  0.722775503546240E-07
 0.370000E+02  0.571147446501540E-07
 0.380000E+02  0.443805490863168E-07
 0.390000E+02  0.355916213262133E-07
 0.400000E+02  0.273578904701387E-07
 0.410000E+02  0.191091727869051E-07
 0.420000E+02  0.148905784070288E-07
 0.430000E+02  0.107586657191092E-08
 0.440000E+02  0.000000000000000E+00
 0.450000E+02  0.000000000000000E+00
 0.460000E+02  0.000000000000000E+00
 0.470000E+02  0.000000000000000E+00
 0.480000E+02  0.000000000000000E+00
 0.490000E+02  0.000000000000000E+00
 0.500000E+02  0.000000000000000E+00
 0.510000E+02  0.000000000000000E+00
 0.520000E+02  0.000000000000000E+00
 0.530000E+02  0.000000000000000E+00
 0.540000E+02  0.000000000000000E+00
 0.550000E+02  0.000000000000000E+00
 0.560000E+02  0.000000000000000E+00
 0.570000E+02  0.000000000000000E+00
 0.580000E+02  0.000000000000000E+00
 0.590000E+02  0.000000000000000E+00
 0.600000E+02  0.000000000000000E+00
 0.610000E+02  0.000000000000000E+00
 0.620000E+02  0.000000000000000E+00
 0.630000E+02  0.000000000000000E+00
 0.640000E+02  0.000000000000000E+00
 0.650000E+02  0.000000000000000E+00
