 0.100000E+01  0.188972890216974E+00
 0.200000E+01  0.619251764960609E-01
 0.300000E+01  0.296478881198254E-01
 0.400000E+01  0.236798748628075E-01
 0.500000E+01  0.142201182495859E-01
 0.600000E+01  0.887588243479054E-02
 0.700000E+01  0.599427052888779E-02
 0.800000E+01  0.405139134167776E-02
 0.900000E+01  0.325770232149904E-02
 0.100000E+02  0.208475678762327E-02
 0.110000E+02  0.148970998169327E-02
 0.120000E+02  0.115481619165729E-02
 0.130000E+02  0.874709448305467E-03
 0.140000E+02  0.633019833517209E-03
 0.150000E+02  0.451542476533986E-03
 0.160000E+02  0.368125294973698E-03
 0.170000E+02  0.286222996876153E-03
 0.180000E+02  0.199689431822465E-03
 0.190000E+02  0.156595290952631E-03
 0.200000E+02  0.122110729588265E-03
 0.210000E+02  0.943809060887178E-04
 0.220000E+02  0.688578615061709E-04
 0.230000E+02  0.525254037841425E-04
 0.240000E+02  0.424819138018956E-04
 0.250000E+02  0.327999321274547E-04
 0.260000E+02  0.257551374180584E-04
 0.270000E+02  0.194237707633234E-04
 0.280000E+02  0.157555693900888E-04
 0.290000E+02  0.121767015888556E-04
 0.300000E+02  0.976869777863098E-05
 0.310000E+02  0.775561564563353E-05
 0.320000E+02  0.592272520140009E-05
 0.330000E+02  0.476645827800222E-05
 0.340000E+02  0.389455980793248E-05
 0.350000E+02  0.284182459862869E-05
 0.360000E+02  0.230610415165225E-05
 0.370000E+02  0.176108932209204E-05
 0.380000E+02  0.144890774394189E-05
 0.390000E+02  0.112476412462827E-05
 0.400000E+02  0.924729146863896E-06
 0.410000E+02  0.717919832719068E-06
 0.420000E+02  0.612289807873238E-06
 0.430000E+02  0.542625836451316E-07
 0.440000E+02  0.000000000000000E+00
 0.450000E+02  0.000000000000000E+00
 0.460000E+02  0.000000000000000E+00
 0.470000E+02  0.000000000000000E+00
 0.480000E+02  0.000000000000000E+00
 0.490000E+02  0.000000000000000E+00
 0.500000E+02  0.000000000000000E+00
 0.510000E+02  0.000000000000000E+00
 0.520000E+02  0.000000000000000E+00
 0.530000E+02  0.000000000000000E+00
 0.540000E+02  0.000000000000000E+00
 0.550000E+02  0.000000000000000E+00
 0.560000E+02  0.000000000000000E+00
 0.570000E+02  0.000000000000000E+00
 0.580000E+02  0.000000000000000E+00
 0.590000E+02  0.000000000000000E+00
 0.600000E+02  0.000000000000000E+00
 0.610000E+02  0.000000000000000E+00
 0.620000E+02  0.000000000000000E+00
 0.630000E+02  0.000000000000000E+00
 0.640000E+02  0.000000000000000E+00
 0.650000E+02  0.000000000000000E+00
