 0.100000E+01  0.170452079873940E+00
 0.200000E+01  0.316949645634850E-01
 0.300000E+01  0.151568649604314E-01
 0.400000E+01  0.157992301053564E-01
 0.500000E+01  0.100372791078904E-01
 0.600000E+01  0.476132662798676E-02
 0.700000E+01  0.316017575146460E-02
 0.800000E+01  0.192916125519050E-02
 0.900000E+01  0.142428888168174E-02
 0.100000E+02  0.783596430674074E-03
 0.110000E+02  0.547032893106803E-03
 0.120000E+02  0.374777280321457E-03
 0.130000E+02  0.274432742497991E-03
 0.140000E+02  0.186374161020938E-03
 0.150000E+02  0.119733236794366E-03
 0.160000E+02  0.912960466608974E-04
 0.170000E+02  0.644490032389025E-04
 0.180000E+02  0.473793417265259E-04
 0.190000E+02  0.315730394576055E-04
 0.200000E+02  0.245799702665154E-04
 0.210000E+02  0.189206095565125E-04
 0.220000E+02  0.137188954718141E-04
 0.230000E+02  0.104652497450424E-04
 0.240000E+02  0.779563714336113E-05
 0.250000E+02  0.593064148803862E-05
 0.260000E+02  0.472339861402849E-05
 0.270000E+02  0.334722703229585E-05
 0.280000E+02  0.260533427253937E-05
 0.290000E+02  0.199936765809166E-05
 0.300000E+02  0.153434962396121E-05
 0.310000E+02  0.122165214489886E-05
 0.320000E+02  0.940599265506888E-06
 0.330000E+02  0.796583184062030E-06
 0.340000E+02  0.632669734315216E-06
 0.350000E+02  0.496642078803833E-06
 0.360000E+02  0.410327988426371E-06
 0.370000E+02  0.340512169556857E-06
 0.380000E+02  0.285342885837419E-06
 0.390000E+02  0.238550866940698E-06
 0.400000E+02  0.201673554775718E-06
 0.410000E+02  0.180329720110959E-06
 0.420000E+02  0.161657429489767E-06
 0.430000E+02  0.117944615061951E-07
 0.440000E+02  0.000000000000000E+00
 0.450000E+02  0.000000000000000E+00
 0.460000E+02  0.000000000000000E+00
 0.470000E+02  0.000000000000000E+00
 0.480000E+02  0.000000000000000E+00
 0.490000E+02  0.000000000000000E+00
 0.500000E+02  0.000000000000000E+00
 0.510000E+02  0.000000000000000E+00
 0.520000E+02  0.000000000000000E+00
 0.530000E+02  0.000000000000000E+00
 0.540000E+02  0.000000000000000E+00
 0.550000E+02  0.000000000000000E+00
 0.560000E+02  0.000000000000000E+00
 0.570000E+02  0.000000000000000E+00
 0.580000E+02  0.000000000000000E+00
 0.590000E+02  0.000000000000000E+00
 0.600000E+02  0.000000000000000E+00
 0.610000E+02  0.000000000000000E+00
 0.620000E+02  0.000000000000000E+00
 0.630000E+02  0.000000000000000E+00
 0.640000E+02  0.000000000000000E+00
 0.650000E+02  0.000000000000000E+00
