 0.100000E+01  0.112635047269578E+00
 0.200000E+01  0.222642203443684E-01
 0.300000E+01  0.992889511489636E-02
 0.400000E+01  0.630678034827437E-02
 0.500000E+01  0.382849890492760E-02
 0.600000E+01  0.196164284209895E-02
 0.700000E+01  0.899964139882756E-03
 0.800000E+01  0.462557438491615E-03
 0.900000E+01  0.318146072153043E-03
 0.100000E+02  0.168704793245755E-03
 0.110000E+02  0.862042966563931E-04
 0.120000E+02  0.519443369186955E-04
 0.130000E+02  0.372868239708934E-04
 0.140000E+02  0.226156194002155E-04
 0.150000E+02  0.119583971843511E-04
 0.160000E+02  0.920834767830506E-05
 0.170000E+02  0.633726184993873E-05
 0.180000E+02  0.447997935813503E-05
 0.190000E+02  0.287145379368223E-05
 0.200000E+02  0.194868572325069E-05
 0.210000E+02  0.156228902656489E-05
 0.220000E+02  0.107594568175907E-05
 0.230000E+02  0.725309127793428E-06
 0.240000E+02  0.539121238884741E-06
 0.250000E+02  0.393433898855622E-06
 0.260000E+02  0.295846460571061E-06
 0.270000E+02  0.189636058248482E-06
 0.280000E+02  0.157197812753845E-06
 0.290000E+02  0.106114746260301E-06
 0.300000E+02  0.823716631677147E-07
 0.310000E+02  0.621217875304119E-07
 0.320000E+02  0.426150037033170E-07
 0.330000E+02  0.348511294504229E-07
 0.340000E+02  0.253452543676472E-07
 0.350000E+02  0.187859846136568E-07
 0.360000E+02  0.151075944841515E-07
 0.370000E+02  0.111898182887600E-07
 0.380000E+02  0.911746078120172E-08
 0.390000E+02  0.742582693865534E-08
 0.400000E+02  0.608053785214478E-08
 0.410000E+02  0.543880715575681E-08
 0.420000E+02  0.485441884562314E-08
 0.430000E+02  0.331591267333502E-09
 0.440000E+02  0.000000000000000E+00
 0.450000E+02  0.000000000000000E+00
 0.460000E+02  0.000000000000000E+00
 0.470000E+02  0.000000000000000E+00
 0.480000E+02  0.000000000000000E+00
 0.490000E+02  0.000000000000000E+00
 0.500000E+02  0.000000000000000E+00
 0.510000E+02  0.000000000000000E+00
 0.520000E+02  0.000000000000000E+00
 0.530000E+02  0.000000000000000E+00
 0.540000E+02  0.000000000000000E+00
 0.550000E+02  0.000000000000000E+00
 0.560000E+02  0.000000000000000E+00
 0.570000E+02  0.000000000000000E+00
 0.580000E+02  0.000000000000000E+00
 0.590000E+02  0.000000000000000E+00
 0.600000E+02  0.000000000000000E+00
 0.610000E+02  0.000000000000000E+00
 0.620000E+02  0.000000000000000E+00
 0.630000E+02  0.000000000000000E+00
 0.640000E+02  0.000000000000000E+00
 0.650000E+02  0.000000000000000E+00
