 0.100000E+01  0.191940947512194E+00
 0.200000E+01  0.701058939794166E-01
 0.300000E+01  0.285278167290244E-01
 0.400000E+01  0.199347140354504E-01
 0.500000E+01  0.117275371624119E-01
 0.600000E+01  0.738198704974113E-02
 0.700000E+01  0.563397234116136E-02
 0.800000E+01  0.367804689226131E-02
 0.900000E+01  0.302532394111749E-02
 0.100000E+02  0.189881778293853E-02
 0.110000E+02  0.128366063842121E-02
 0.120000E+02  0.100502791152538E-02
 0.130000E+02  0.757606200283788E-03
 0.140000E+02  0.583085483728220E-03
 0.150000E+02  0.381263291313551E-03
 0.160000E+02  0.312928527169980E-03
 0.170000E+02  0.237302771870395E-03
 0.180000E+02  0.175245179827640E-03
 0.190000E+02  0.126114342858540E-03
 0.200000E+02  0.945481739252366E-04
 0.210000E+02  0.763173372164079E-04
 0.220000E+02  0.543844057253723E-04
 0.230000E+02  0.436306986350103E-04
 0.240000E+02  0.333611400484254E-04
 0.250000E+02  0.265804793358176E-04
 0.260000E+02  0.215160866110413E-04
 0.270000E+02  0.158725909556946E-04
 0.280000E+02  0.133695184893435E-04
 0.290000E+02  0.100762186613184E-04
 0.300000E+02  0.742420229546821E-05
 0.310000E+02  0.602563307095454E-05
 0.320000E+02  0.450091521217266E-05
 0.330000E+02  0.381443595625887E-05
 0.340000E+02  0.303190168378822E-05
 0.350000E+02  0.230019645145386E-05
 0.360000E+02  0.181343901826892E-05
 0.370000E+02  0.145773293588960E-05
 0.380000E+02  0.121330828823832E-05
 0.390000E+02  0.958900196423396E-06
 0.400000E+02  0.782468709403423E-06
 0.410000E+02  0.598421660243466E-06
 0.420000E+02  0.512242115789543E-06
 0.430000E+02  0.613798052471332E-07
 0.440000E+02  0.000000000000000E+00
 0.450000E+02  0.000000000000000E+00
 0.460000E+02  0.000000000000000E+00
 0.470000E+02  0.000000000000000E+00
 0.480000E+02  0.000000000000000E+00
 0.490000E+02  0.000000000000000E+00
 0.500000E+02  0.000000000000000E+00
 0.510000E+02  0.000000000000000E+00
 0.520000E+02  0.000000000000000E+00
 0.530000E+02  0.000000000000000E+00
 0.540000E+02  0.000000000000000E+00
 0.550000E+02  0.000000000000000E+00
 0.560000E+02  0.000000000000000E+00
 0.570000E+02  0.000000000000000E+00
 0.580000E+02  0.000000000000000E+00
 0.590000E+02  0.000000000000000E+00
 0.600000E+02  0.000000000000000E+00
 0.610000E+02  0.000000000000000E+00
 0.620000E+02  0.000000000000000E+00
 0.630000E+02  0.000000000000000E+00
 0.640000E+02  0.000000000000000E+00
 0.650000E+02  0.000000000000000E+00
