 0.100000E+01  0.181029085451883E+00
 0.200000E+01  0.681753852604743E-01
 0.300000E+01  0.373463925116084E-01
 0.400000E+01  0.281902887354590E-01
 0.500000E+01  0.204639420518298E-01
 0.600000E+01  0.106853603473880E-01
 0.700000E+01  0.757922447438375E-02
 0.800000E+01  0.589322823693017E-02
 0.900000E+01  0.482547823050328E-02
 0.100000E+02  0.306201336036323E-02
 0.110000E+02  0.236009490563999E-02
 0.120000E+02  0.183695040052171E-02
 0.130000E+02  0.142626510930638E-02
 0.140000E+02  0.100794770717920E-02
 0.150000E+02  0.729368801882249E-03
 0.160000E+02  0.645634252786431E-03
 0.170000E+02  0.482202216888450E-03
 0.180000E+02  0.370758500601550E-03
 0.190000E+02  0.270273641876842E-03
 0.200000E+02  0.215631336248263E-03
 0.210000E+02  0.174485065768990E-03
 0.220000E+02  0.131723315781647E-03
 0.230000E+02  0.104048069295008E-03
 0.240000E+02  0.820026769250568E-04
 0.250000E+02  0.683417680277772E-04
 0.260000E+02  0.546728772887490E-04
 0.270000E+02  0.429758894709602E-04
 0.280000E+02  0.347983022959253E-04
 0.290000E+02  0.275616497534665E-04
 0.300000E+02  0.219228232990034E-04
 0.310000E+02  0.176763927476158E-04
 0.320000E+02  0.140235028093309E-04
 0.330000E+02  0.115075468385936E-04
 0.340000E+02  0.917359851602950E-05
 0.350000E+02  0.705550545592262E-05
 0.360000E+02  0.578864691949728E-05
 0.370000E+02  0.462630686199281E-05
 0.380000E+02  0.377059612191360E-05
 0.390000E+02  0.298389747371712E-05
 0.400000E+02  0.244347810116664E-05
 0.410000E+02  0.188466954183116E-05
 0.420000E+02  0.119250148968944E-05
 0.430000E+02  0.758529293889976E-07
 0.440000E+02  0.000000000000000E+00
 0.450000E+02  0.000000000000000E+00
 0.460000E+02  0.000000000000000E+00
 0.470000E+02  0.000000000000000E+00
 0.480000E+02  0.000000000000000E+00
 0.490000E+02  0.000000000000000E+00
 0.500000E+02  0.000000000000000E+00
 0.510000E+02  0.000000000000000E+00
 0.520000E+02  0.000000000000000E+00
 0.530000E+02  0.000000000000000E+00
 0.540000E+02  0.000000000000000E+00
 0.550000E+02  0.000000000000000E+00
 0.560000E+02  0.000000000000000E+00
 0.570000E+02  0.000000000000000E+00
 0.580000E+02  0.000000000000000E+00
 0.590000E+02  0.000000000000000E+00
 0.600000E+02  0.000000000000000E+00
 0.610000E+02  0.000000000000000E+00
 0.620000E+02  0.000000000000000E+00
 0.630000E+02  0.000000000000000E+00
 0.640000E+02  0.000000000000000E+00
 0.650000E+02  0.000000000000000E+00
