 0.100000E+01  0.176677287716302E+00
 0.200000E+01  0.574268145328460E-01
 0.300000E+01  0.253278608655307E-01
 0.400000E+01  0.223347110424079E-01
 0.500000E+01  0.122806772599526E-01
 0.600000E+01  0.666018326086193E-02
 0.700000E+01  0.480975195073108E-02
 0.800000E+01  0.305333537666530E-02
 0.900000E+01  0.256430870973052E-02
 0.100000E+02  0.164547210555249E-02
 0.110000E+02  0.119684675646669E-02
 0.120000E+02  0.921674088551596E-03
 0.130000E+02  0.651457457567274E-03
 0.140000E+02  0.496622205559526E-03
 0.150000E+02  0.334089734041802E-03
 0.160000E+02  0.267061116745927E-03
 0.170000E+02  0.207681087709009E-03
 0.180000E+02  0.146048146758351E-03
 0.190000E+02  0.112299184853964E-03
 0.200000E+02  0.857710114858341E-04
 0.210000E+02  0.654350179574442E-04
 0.220000E+02  0.494997333769616E-04
 0.230000E+02  0.379649036790229E-04
 0.240000E+02  0.278340603329179E-04
 0.250000E+02  0.222758938565174E-04
 0.260000E+02  0.176699403171545E-04
 0.270000E+02  0.131351004271196E-04
 0.280000E+02  0.105015447104042E-04
 0.290000E+02  0.799756448151359E-05
 0.300000E+02  0.653166033307831E-05
 0.310000E+02  0.515940934012955E-05
 0.320000E+02  0.385446156799130E-05
 0.330000E+02  0.306276201492391E-05
 0.340000E+02  0.243144887936262E-05
 0.350000E+02  0.179336337107126E-05
 0.360000E+02  0.137799478103872E-05
 0.370000E+02  0.109132350387290E-05
 0.380000E+02  0.865559141771450E-06
 0.390000E+02  0.686472541125318E-06
 0.400000E+02  0.560821650745320E-06
 0.410000E+02  0.467779279160170E-06
 0.420000E+02  0.439403163739579E-06
 0.430000E+02  0.346981390035236E-07
 0.440000E+02  0.000000000000000E+00
 0.450000E+02  0.000000000000000E+00
 0.460000E+02  0.000000000000000E+00
 0.470000E+02  0.000000000000000E+00
 0.480000E+02  0.000000000000000E+00
 0.490000E+02  0.000000000000000E+00
 0.500000E+02  0.000000000000000E+00
 0.510000E+02  0.000000000000000E+00
 0.520000E+02  0.000000000000000E+00
 0.530000E+02  0.000000000000000E+00
 0.540000E+02  0.000000000000000E+00
 0.550000E+02  0.000000000000000E+00
 0.560000E+02  0.000000000000000E+00
 0.570000E+02  0.000000000000000E+00
 0.580000E+02  0.000000000000000E+00
 0.590000E+02  0.000000000000000E+00
 0.600000E+02  0.000000000000000E+00
 0.610000E+02  0.000000000000000E+00
 0.620000E+02  0.000000000000000E+00
 0.630000E+02  0.000000000000000E+00
 0.640000E+02  0.000000000000000E+00
 0.650000E+02  0.000000000000000E+00
