 0.100000E+01  0.117641731907497E+00
 0.200000E+01  0.297039517640485E-01
 0.300000E+01  0.106014221587998E-01
 0.400000E+01  0.877984513602337E-02
 0.500000E+01  0.463204059897959E-02
 0.600000E+01  0.220244196700979E-02
 0.700000E+01  0.132684487292776E-02
 0.800000E+01  0.811657070092472E-03
 0.900000E+01  0.562946099143388E-03
 0.100000E+02  0.278521980436810E-03
 0.110000E+02  0.164718963243213E-03
 0.120000E+02  0.961710133427076E-04
 0.130000E+02  0.678954068148589E-04
 0.140000E+02  0.418762642664540E-04
 0.150000E+02  0.259841747447671E-04
 0.160000E+02  0.180992156892725E-04
 0.170000E+02  0.123267922531088E-04
 0.180000E+02  0.827615298645434E-05
 0.190000E+02  0.534123668236406E-05
 0.200000E+02  0.370965283848271E-05
 0.210000E+02  0.292180949959257E-05
 0.220000E+02  0.197196450265279E-05
 0.230000E+02  0.152612975817822E-05
 0.240000E+02  0.114870021891139E-05
 0.250000E+02  0.821252492875319E-06
 0.260000E+02  0.680171621438334E-06
 0.270000E+02  0.447805240130542E-06
 0.280000E+02  0.367155762779866E-06
 0.290000E+02  0.269040490623730E-06
 0.300000E+02  0.196380993108475E-06
 0.310000E+02  0.153878079532942E-06
 0.320000E+02  0.107646055280671E-06
 0.330000E+02  0.880870343411008E-07
 0.340000E+02  0.647424191333413E-07
 0.350000E+02  0.477182759142568E-07
 0.360000E+02  0.387233052755823E-07
 0.370000E+02  0.275526600854175E-07
 0.380000E+02  0.235989422888912E-07
 0.390000E+02  0.185078691788352E-07
 0.400000E+02  0.165164205068479E-07
 0.410000E+02  0.139978800663902E-07
 0.420000E+02  0.105262274044481E-07
 0.430000E+02  0.956008762832103E-09
 0.440000E+02  0.000000000000000E+00
 0.450000E+02  0.000000000000000E+00
 0.460000E+02  0.000000000000000E+00
 0.470000E+02  0.000000000000000E+00
 0.480000E+02  0.000000000000000E+00
 0.490000E+02  0.000000000000000E+00
 0.500000E+02  0.000000000000000E+00
 0.510000E+02  0.000000000000000E+00
 0.520000E+02  0.000000000000000E+00
 0.530000E+02  0.000000000000000E+00
 0.540000E+02  0.000000000000000E+00
 0.550000E+02  0.000000000000000E+00
 0.560000E+02  0.000000000000000E+00
 0.570000E+02  0.000000000000000E+00
 0.580000E+02  0.000000000000000E+00
 0.590000E+02  0.000000000000000E+00
 0.600000E+02  0.000000000000000E+00
 0.610000E+02  0.000000000000000E+00
 0.620000E+02  0.000000000000000E+00
 0.630000E+02  0.000000000000000E+00
 0.640000E+02  0.000000000000000E+00
 0.650000E+02  0.000000000000000E+00
