 0.100000E+01  0.153016535485222E+00
 0.200000E+01  0.311864209670603E-01
 0.300000E+01  0.142937904150018E-01
 0.400000E+01  0.146790290027523E-01
 0.500000E+01  0.876341344654041E-02
 0.600000E+01  0.483026438861178E-02
 0.700000E+01  0.304562153356089E-02
 0.800000E+01  0.156764310244359E-02
 0.900000E+01  0.119571093738782E-02
 0.100000E+02  0.692681482756990E-03
 0.110000E+02  0.454574841303431E-03
 0.120000E+02  0.303993051568385E-03
 0.130000E+02  0.231018302922061E-03
 0.140000E+02  0.160032144542792E-03
 0.150000E+02  0.103602092896926E-03
 0.160000E+02  0.784433198996650E-04
 0.170000E+02  0.552103618669971E-04
 0.180000E+02  0.381024479033502E-04
 0.190000E+02  0.274495519265814E-04
 0.200000E+02  0.200545899751756E-04
 0.210000E+02  0.146183175638770E-04
 0.220000E+02  0.101998435133213E-04
 0.230000E+02  0.765680775044598E-05
 0.240000E+02  0.556847661374596E-05
 0.250000E+02  0.419362632271170E-05
 0.260000E+02  0.320306608191389E-05
 0.270000E+02  0.227711491446084E-05
 0.280000E+02  0.184668455235917E-05
 0.290000E+02  0.137040437747832E-05
 0.300000E+02  0.107277388618022E-05
 0.310000E+02  0.840177725593641E-06
 0.320000E+02  0.639847724726478E-06
 0.330000E+02  0.557554483966486E-06
 0.340000E+02  0.428019129687111E-06
 0.350000E+02  0.345031765860819E-06
 0.360000E+02  0.275269288511892E-06
 0.370000E+02  0.220498759609827E-06
 0.380000E+02  0.182726678131822E-06
 0.390000E+02  0.150697013861368E-06
 0.400000E+02  0.127680000126887E-06
 0.410000E+02  0.992383262824268E-07
 0.420000E+02  0.830767677585103E-07
 0.430000E+02  0.670580262309263E-08
 0.440000E+02  0.000000000000000E+00
 0.450000E+02  0.000000000000000E+00
 0.460000E+02  0.000000000000000E+00
 0.470000E+02  0.000000000000000E+00
 0.480000E+02  0.000000000000000E+00
 0.490000E+02  0.000000000000000E+00
 0.500000E+02  0.000000000000000E+00
 0.510000E+02  0.000000000000000E+00
 0.520000E+02  0.000000000000000E+00
 0.530000E+02  0.000000000000000E+00
 0.540000E+02  0.000000000000000E+00
 0.550000E+02  0.000000000000000E+00
 0.560000E+02  0.000000000000000E+00
 0.570000E+02  0.000000000000000E+00
 0.580000E+02  0.000000000000000E+00
 0.590000E+02  0.000000000000000E+00
 0.600000E+02  0.000000000000000E+00
 0.610000E+02  0.000000000000000E+00
 0.620000E+02  0.000000000000000E+00
 0.630000E+02  0.000000000000000E+00
 0.640000E+02  0.000000000000000E+00
 0.650000E+02  0.000000000000000E+00
