 0.100000E+01  0.157213772872637E+00
 0.200000E+01  0.325646206842976E-01
 0.300000E+01  0.133613120886196E-01
 0.400000E+01  0.134302167343157E-01
 0.500000E+01  0.813665540736697E-02
 0.600000E+01  0.447370440881223E-02
 0.700000E+01  0.278848818988830E-02
 0.800000E+01  0.168237065204387E-02
 0.900000E+01  0.109627980985958E-02
 0.100000E+02  0.604737937215886E-03
 0.110000E+02  0.414371395976527E-03
 0.120000E+02  0.277988742387980E-03
 0.130000E+02  0.194357586941866E-03
 0.140000E+02  0.133347944559272E-03
 0.150000E+02  0.873619272296779E-04
 0.160000E+02  0.693937380662478E-04
 0.170000E+02  0.455730418788734E-04
 0.180000E+02  0.326096154816026E-04
 0.190000E+02  0.228416056069212E-04
 0.200000E+02  0.171396544839767E-04
 0.210000E+02  0.131793166350297E-04
 0.220000E+02  0.930190509361486E-05
 0.230000E+02  0.681967039049947E-05
 0.240000E+02  0.531563225762666E-05
 0.250000E+02  0.400809712761943E-05
 0.260000E+02  0.300615697012006E-05
 0.270000E+02  0.226807458069917E-05
 0.280000E+02  0.170388622490278E-05
 0.290000E+02  0.129393081564933E-05
 0.300000E+02  0.966264427288518E-06
 0.310000E+02  0.777996003712604E-06
 0.320000E+02  0.591591581797694E-06
 0.330000E+02  0.522677406303593E-06
 0.340000E+02  0.422947011837385E-06
 0.350000E+02  0.343758045773502E-06
 0.360000E+02  0.266876165728088E-06
 0.370000E+02  0.203750445557173E-06
 0.380000E+02  0.163906564652420E-06
 0.390000E+02  0.133127785745500E-06
 0.400000E+02  0.117882412481451E-06
 0.410000E+02  0.913577801159436E-07
 0.420000E+02  0.623029271911490E-07
 0.430000E+02  0.412064293526648E-08
 0.440000E+02  0.000000000000000E+00
 0.450000E+02  0.000000000000000E+00
 0.460000E+02  0.000000000000000E+00
 0.470000E+02  0.000000000000000E+00
 0.480000E+02  0.000000000000000E+00
 0.490000E+02  0.000000000000000E+00
 0.500000E+02  0.000000000000000E+00
 0.510000E+02  0.000000000000000E+00
 0.520000E+02  0.000000000000000E+00
 0.530000E+02  0.000000000000000E+00
 0.540000E+02  0.000000000000000E+00
 0.550000E+02  0.000000000000000E+00
 0.560000E+02  0.000000000000000E+00
 0.570000E+02  0.000000000000000E+00
 0.580000E+02  0.000000000000000E+00
 0.590000E+02  0.000000000000000E+00
 0.600000E+02  0.000000000000000E+00
 0.610000E+02  0.000000000000000E+00
 0.620000E+02  0.000000000000000E+00
 0.630000E+02  0.000000000000000E+00
 0.640000E+02  0.000000000000000E+00
 0.650000E+02  0.000000000000000E+00
