 0.100000E+01  0.146691815265513E+00
 0.200000E+01  0.339878132735976E-01
 0.300000E+01  0.128924311953824E-01
 0.400000E+01  0.112874981325248E-01
 0.500000E+01  0.755250741656943E-02
 0.600000E+01  0.445387064997309E-02
 0.700000E+01  0.254883956903714E-02
 0.800000E+01  0.168003476146353E-02
 0.900000E+01  0.110525802579808E-02
 0.100000E+02  0.632564638098976E-03
 0.110000E+02  0.448803075017821E-03
 0.120000E+02  0.288579626854698E-03
 0.130000E+02  0.197716037446591E-03
 0.140000E+02  0.136417792158735E-03
 0.150000E+02  0.907411145788844E-04
 0.160000E+02  0.677177368109645E-04
 0.170000E+02  0.460787913281609E-04
 0.180000E+02  0.331532693874604E-04
 0.190000E+02  0.219725824438557E-04
 0.200000E+02  0.169423916485318E-04
 0.210000E+02  0.127418789462120E-04
 0.220000E+02  0.897922882781068E-05
 0.230000E+02  0.629175647417327E-05
 0.240000E+02  0.468083917915068E-05
 0.250000E+02  0.360859046175369E-05
 0.260000E+02  0.263065622032601E-05
 0.270000E+02  0.188830380099197E-05
 0.280000E+02  0.147748021005207E-05
 0.290000E+02  0.105558163823274E-05
 0.300000E+02  0.798518145464927E-06
 0.310000E+02  0.624425259718164E-06
 0.320000E+02  0.459657221039275E-06
 0.330000E+02  0.368661933366882E-06
 0.340000E+02  0.288995249832383E-06
 0.350000E+02  0.215770474773879E-06
 0.360000E+02  0.167440637228633E-06
 0.370000E+02  0.130867677148462E-06
 0.380000E+02  0.104685688656372E-06
 0.390000E+02  0.832099190063038E-07
 0.400000E+02  0.659165355002030E-07
 0.410000E+02  0.518996759075709E-07
 0.420000E+02  0.348195258167279E-07
 0.430000E+02  0.216487474903040E-08
 0.440000E+02  0.000000000000000E+00
 0.450000E+02  0.000000000000000E+00
 0.460000E+02  0.000000000000000E+00
 0.470000E+02  0.000000000000000E+00
 0.480000E+02  0.000000000000000E+00
 0.490000E+02  0.000000000000000E+00
 0.500000E+02  0.000000000000000E+00
 0.510000E+02  0.000000000000000E+00
 0.520000E+02  0.000000000000000E+00
 0.530000E+02  0.000000000000000E+00
 0.540000E+02  0.000000000000000E+00
 0.550000E+02  0.000000000000000E+00
 0.560000E+02  0.000000000000000E+00
 0.570000E+02  0.000000000000000E+00
 0.580000E+02  0.000000000000000E+00
 0.590000E+02  0.000000000000000E+00
 0.600000E+02  0.000000000000000E+00
 0.610000E+02  0.000000000000000E+00
 0.620000E+02  0.000000000000000E+00
 0.630000E+02  0.000000000000000E+00
 0.640000E+02  0.000000000000000E+00
 0.650000E+02  0.000000000000000E+00
