 0.100000E+01  0.192410973482765E+00
 0.200000E+01  0.658412110533391E-01
 0.300000E+01  0.300199963664269E-01
 0.400000E+01  0.237611775923838E-01
 0.500000E+01  0.149211870543127E-01
 0.600000E+01  0.870920204433634E-02
 0.700000E+01  0.629530959977054E-02
 0.800000E+01  0.395545384033610E-02
 0.900000E+01  0.372112983393025E-02
 0.100000E+02  0.215077222899134E-02
 0.110000E+02  0.165596227038137E-02
 0.120000E+02  0.129901119339038E-02
 0.130000E+02  0.967831757246210E-03
 0.140000E+02  0.701922846003841E-03
 0.150000E+02  0.503941026681028E-03
 0.160000E+02  0.429723187265334E-03
 0.170000E+02  0.341291520325263E-03
 0.180000E+02  0.261425440176906E-03
 0.190000E+02  0.185471824444473E-03
 0.200000E+02  0.151655756800619E-03
 0.210000E+02  0.121926804232701E-03
 0.220000E+02  0.895017931411435E-04
 0.230000E+02  0.720947175484063E-04
 0.240000E+02  0.570957034499472E-04
 0.250000E+02  0.449413982018535E-04
 0.260000E+02  0.349446626852128E-04
 0.270000E+02  0.266729335802119E-04
 0.280000E+02  0.215705396807405E-04
 0.290000E+02  0.165387340201362E-04
 0.300000E+02  0.132751454728588E-04
 0.310000E+02  0.103061158243152E-04
 0.320000E+02  0.812693847450725E-05
 0.330000E+02  0.655377305334466E-05
 0.340000E+02  0.515038975777331E-05
 0.350000E+02  0.411075396401575E-05
 0.360000E+02  0.327515039942789E-05
 0.370000E+02  0.257274046392639E-05
 0.380000E+02  0.204359840103818E-05
 0.390000E+02  0.159151355164046E-05
 0.400000E+02  0.121683122081885E-05
 0.410000E+02  0.931652232328395E-06
 0.420000E+02  0.694031694931523E-06
 0.430000E+02  0.522695803618911E-07
 0.440000E+02  0.000000000000000E+00
 0.450000E+02  0.000000000000000E+00
 0.460000E+02  0.000000000000000E+00
 0.470000E+02  0.000000000000000E+00
 0.480000E+02  0.000000000000000E+00
 0.490000E+02  0.000000000000000E+00
 0.500000E+02  0.000000000000000E+00
 0.510000E+02  0.000000000000000E+00
 0.520000E+02  0.000000000000000E+00
 0.530000E+02  0.000000000000000E+00
 0.540000E+02  0.000000000000000E+00
 0.550000E+02  0.000000000000000E+00
 0.560000E+02  0.000000000000000E+00
 0.570000E+02  0.000000000000000E+00
 0.580000E+02  0.000000000000000E+00
 0.590000E+02  0.000000000000000E+00
 0.600000E+02  0.000000000000000E+00
 0.610000E+02  0.000000000000000E+00
 0.620000E+02  0.000000000000000E+00
 0.630000E+02  0.000000000000000E+00
 0.640000E+02  0.000000000000000E+00
 0.650000E+02  0.000000000000000E+00
