 0.100000E+01  0.123043840008904E+00
 0.200000E+01  0.314357078686953E-01
 0.300000E+01  0.116706600864802E-01
 0.400000E+01  0.898387652183841E-02
 0.500000E+01  0.533259183466761E-02
 0.600000E+01  0.216394449036965E-02
 0.700000E+01  0.140144882478469E-02
 0.800000E+01  0.966205987693214E-03
 0.900000E+01  0.642620361208760E-03
 0.100000E+02  0.335678065389935E-03
 0.110000E+02  0.192400699040450E-03
 0.120000E+02  0.118853551491957E-03
 0.130000E+02  0.788416800582227E-04
 0.140000E+02  0.518869939711678E-04
 0.150000E+02  0.321963812824774E-04
 0.160000E+02  0.244497061560610E-04
 0.170000E+02  0.161517183610180E-04
 0.180000E+02  0.115505481661380E-04
 0.190000E+02  0.776938563606467E-05
 0.200000E+02  0.549241569354318E-05
 0.210000E+02  0.441704175176382E-05
 0.220000E+02  0.284598248652722E-05
 0.230000E+02  0.205286888197176E-05
 0.240000E+02  0.149152128266789E-05
 0.250000E+02  0.110690005822367E-05
 0.260000E+02  0.845998006641375E-06
 0.270000E+02  0.578822245562783E-06
 0.280000E+02  0.468275836056542E-06
 0.290000E+02  0.346896028507421E-06
 0.300000E+02  0.262199906550159E-06
 0.310000E+02  0.207198468030150E-06
 0.320000E+02  0.150516558047943E-06
 0.330000E+02  0.122214499830098E-06
 0.340000E+02  0.924813912466534E-07
 0.350000E+02  0.712035176715997E-07
 0.360000E+02  0.572996350470598E-07
 0.370000E+02  0.450180268177503E-07
 0.380000E+02  0.384293220151354E-07
 0.390000E+02  0.313603341527398E-07
 0.400000E+02  0.285010843397332E-07
 0.410000E+02  0.239635231724793E-07
 0.420000E+02  0.204660730848357E-07
 0.430000E+02  0.133474819933622E-08
 0.440000E+02  0.000000000000000E+00
 0.450000E+02  0.000000000000000E+00
 0.460000E+02  0.000000000000000E+00
 0.470000E+02  0.000000000000000E+00
 0.480000E+02  0.000000000000000E+00
 0.490000E+02  0.000000000000000E+00
 0.500000E+02  0.000000000000000E+00
 0.510000E+02  0.000000000000000E+00
 0.520000E+02  0.000000000000000E+00
 0.530000E+02  0.000000000000000E+00
 0.540000E+02  0.000000000000000E+00
 0.550000E+02  0.000000000000000E+00
 0.560000E+02  0.000000000000000E+00
 0.570000E+02  0.000000000000000E+00
 0.580000E+02  0.000000000000000E+00
 0.590000E+02  0.000000000000000E+00
 0.600000E+02  0.000000000000000E+00
 0.610000E+02  0.000000000000000E+00
 0.620000E+02  0.000000000000000E+00
 0.630000E+02  0.000000000000000E+00
 0.640000E+02  0.000000000000000E+00
 0.650000E+02  0.000000000000000E+00
