 0.100000E+01  0.143286381848156E+00
 0.200000E+01  0.311016869554805E-01
 0.300000E+01  0.138231230926351E-01
 0.400000E+01  0.123678074571743E-01
 0.500000E+01  0.702057525113697E-02
 0.600000E+01  0.391483144373736E-02
 0.700000E+01  0.237258846454870E-02
 0.800000E+01  0.145151459344606E-02
 0.900000E+01  0.104507641055079E-02
 0.100000E+02  0.608013100150328E-03
 0.110000E+02  0.386940614713987E-03
 0.120000E+02  0.263252995846356E-03
 0.130000E+02  0.188471734469193E-03
 0.140000E+02  0.130083456516911E-03
 0.150000E+02  0.801007419176685E-04
 0.160000E+02  0.640712336920520E-04
 0.170000E+02  0.436691332287373E-04
 0.180000E+02  0.303617086400801E-04
 0.190000E+02  0.208023517937204E-04
 0.200000E+02  0.150696825691929E-04
 0.210000E+02  0.113856982344101E-04
 0.220000E+02  0.767896912146860E-05
 0.230000E+02  0.564126518033402E-05
 0.240000E+02  0.415092721788378E-05
 0.250000E+02  0.302145013070099E-05
 0.260000E+02  0.227851844333592E-05
 0.270000E+02  0.160531969150505E-05
 0.280000E+02  0.126263431339062E-05
 0.290000E+02  0.933874563393788E-06
 0.300000E+02  0.720241244653340E-06
 0.310000E+02  0.537083226004010E-06
 0.320000E+02  0.399400349797569E-06
 0.330000E+02  0.315984575204607E-06
 0.340000E+02  0.241832438811381E-06
 0.350000E+02  0.179039581994185E-06
 0.360000E+02  0.138487658624438E-06
 0.370000E+02  0.104922259623275E-06
 0.380000E+02  0.823195545427184E-07
 0.390000E+02  0.585143869602432E-07
 0.400000E+02  0.464126077372478E-07
 0.410000E+02  0.365298112296953E-07
 0.420000E+02  0.260720467806168E-07
 0.430000E+02  0.212783917205974E-08
 0.440000E+02  0.000000000000000E+00
 0.450000E+02  0.000000000000000E+00
 0.460000E+02  0.000000000000000E+00
 0.470000E+02  0.000000000000000E+00
 0.480000E+02  0.000000000000000E+00
 0.490000E+02  0.000000000000000E+00
 0.500000E+02  0.000000000000000E+00
 0.510000E+02  0.000000000000000E+00
 0.520000E+02  0.000000000000000E+00
 0.530000E+02  0.000000000000000E+00
 0.540000E+02  0.000000000000000E+00
 0.550000E+02  0.000000000000000E+00
 0.560000E+02  0.000000000000000E+00
 0.570000E+02  0.000000000000000E+00
 0.580000E+02  0.000000000000000E+00
 0.590000E+02  0.000000000000000E+00
 0.600000E+02  0.000000000000000E+00
 0.610000E+02  0.000000000000000E+00
 0.620000E+02  0.000000000000000E+00
 0.630000E+02  0.000000000000000E+00
 0.640000E+02  0.000000000000000E+00
 0.650000E+02  0.000000000000000E+00
