 0.100000E+01  0.165886394446716E+00
 0.200000E+01  0.397345030432916E-01
 0.300000E+01  0.175851665301821E-01
 0.400000E+01  0.183313990651754E-01
 0.500000E+01  0.111353339492055E-01
 0.600000E+01  0.576787261935960E-02
 0.700000E+01  0.361352627031802E-02
 0.800000E+01  0.222635549347036E-02
 0.900000E+01  0.185855889552611E-02
 0.100000E+02  0.111406866552736E-02
 0.110000E+02  0.687546194606637E-03
 0.120000E+02  0.544208250847927E-03
 0.130000E+02  0.401723423546307E-03
 0.140000E+02  0.282857436296798E-03
 0.150000E+02  0.184190833568380E-03
 0.160000E+02  0.149500858916199E-03
 0.170000E+02  0.108414821042544E-03
 0.180000E+02  0.799371632336304E-04
 0.190000E+02  0.543836482538442E-04
 0.200000E+02  0.422099315010931E-04
 0.210000E+02  0.327906623824152E-04
 0.220000E+02  0.228675233358109E-04
 0.230000E+02  0.182102550732213E-04
 0.240000E+02  0.137754030720699E-04
 0.250000E+02  0.102100060590569E-04
 0.260000E+02  0.807026857285758E-05
 0.270000E+02  0.591215853436785E-05
 0.280000E+02  0.457374249554310E-05
 0.290000E+02  0.341399440964071E-05
 0.300000E+02  0.270512853257460E-05
 0.310000E+02  0.211818666835111E-05
 0.320000E+02  0.157135370881972E-05
 0.330000E+02  0.122901224723047E-05
 0.340000E+02  0.997969324266457E-06
 0.350000E+02  0.716981918254332E-06
 0.360000E+02  0.570436910903053E-06
 0.370000E+02  0.439964897870705E-06
 0.380000E+02  0.348407065773085E-06
 0.390000E+02  0.275008731482671E-06
 0.400000E+02  0.244545993317508E-06
 0.410000E+02  0.199542309338122E-06
 0.420000E+02  0.196263766392111E-06
 0.430000E+02  0.160822462959634E-07
 0.440000E+02  0.000000000000000E+00
 0.450000E+02  0.000000000000000E+00
 0.460000E+02  0.000000000000000E+00
 0.470000E+02  0.000000000000000E+00
 0.480000E+02  0.000000000000000E+00
 0.490000E+02  0.000000000000000E+00
 0.500000E+02  0.000000000000000E+00
 0.510000E+02  0.000000000000000E+00
 0.520000E+02  0.000000000000000E+00
 0.530000E+02  0.000000000000000E+00
 0.540000E+02  0.000000000000000E+00
 0.550000E+02  0.000000000000000E+00
 0.560000E+02  0.000000000000000E+00
 0.570000E+02  0.000000000000000E+00
 0.580000E+02  0.000000000000000E+00
 0.590000E+02  0.000000000000000E+00
 0.600000E+02  0.000000000000000E+00
 0.610000E+02  0.000000000000000E+00
 0.620000E+02  0.000000000000000E+00
 0.630000E+02  0.000000000000000E+00
 0.640000E+02  0.000000000000000E+00
 0.650000E+02  0.000000000000000E+00
