 0.100000E+01  0.193483752660086E+00
 0.200000E+01  0.745979097473395E-01
 0.300000E+01  0.364303641454171E-01
 0.400000E+01  0.283331367486457E-01
 0.500000E+01  0.166230594064842E-01
 0.600000E+01  0.902966438923158E-02
 0.700000E+01  0.717909927157634E-02
 0.800000E+01  0.493547278954432E-02
 0.900000E+01  0.412453646429800E-02
 0.100000E+02  0.251087567549570E-02
 0.110000E+02  0.184316625527695E-02
 0.120000E+02  0.139294374998425E-02
 0.130000E+02  0.107216891022209E-02
 0.140000E+02  0.841259692289354E-03
 0.150000E+02  0.574752909247901E-03
 0.160000E+02  0.506329035945199E-03
 0.170000E+02  0.377087457514463E-03
 0.180000E+02  0.294128311513591E-03
 0.190000E+02  0.209861492291766E-03
 0.200000E+02  0.170587640556439E-03
 0.210000E+02  0.136659457321436E-03
 0.220000E+02  0.105664094203206E-03
 0.230000E+02  0.851768471965365E-04
 0.240000E+02  0.691326140289793E-04
 0.250000E+02  0.574845740655004E-04
 0.260000E+02  0.454079768676517E-04
 0.270000E+02  0.353461168273261E-04
 0.280000E+02  0.277629370770117E-04
 0.290000E+02  0.223829665943333E-04
 0.300000E+02  0.179228398497870E-04
 0.310000E+02  0.145286110739501E-04
 0.320000E+02  0.113463824522900E-04
 0.330000E+02  0.961082374446910E-05
 0.340000E+02  0.756216984822266E-05
 0.350000E+02  0.590458138542193E-05
 0.360000E+02  0.477419586530746E-05
 0.370000E+02  0.386181409474538E-05
 0.380000E+02  0.294694528984459E-05
 0.390000E+02  0.230860915593628E-05
 0.400000E+02  0.180762356357032E-05
 0.410000E+02  0.128371200234516E-05
 0.420000E+02  0.898664226549464E-06
 0.430000E+02  0.570311024933323E-07
 0.440000E+02  0.000000000000000E+00
 0.450000E+02  0.000000000000000E+00
 0.460000E+02  0.000000000000000E+00
 0.470000E+02  0.000000000000000E+00
 0.480000E+02  0.000000000000000E+00
 0.490000E+02  0.000000000000000E+00
 0.500000E+02  0.000000000000000E+00
 0.510000E+02  0.000000000000000E+00
 0.520000E+02  0.000000000000000E+00
 0.530000E+02  0.000000000000000E+00
 0.540000E+02  0.000000000000000E+00
 0.550000E+02  0.000000000000000E+00
 0.560000E+02  0.000000000000000E+00
 0.570000E+02  0.000000000000000E+00
 0.580000E+02  0.000000000000000E+00
 0.590000E+02  0.000000000000000E+00
 0.600000E+02  0.000000000000000E+00
 0.610000E+02  0.000000000000000E+00
 0.620000E+02  0.000000000000000E+00
 0.630000E+02  0.000000000000000E+00
 0.640000E+02  0.000000000000000E+00
 0.650000E+02  0.000000000000000E+00
