 0.100000E+01  0.133437248150585E+00
 0.200000E+01  0.303101270870911E-01
 0.300000E+01  0.110688349380155E-01
 0.400000E+01  0.110035995168110E-01
 0.500000E+01  0.513271954194794E-02
 0.600000E+01  0.276152278821523E-02
 0.700000E+01  0.174412141991947E-02
 0.800000E+01  0.108988730769213E-02
 0.900000E+01  0.677687460266188E-03
 0.100000E+02  0.419769370914528E-03
 0.110000E+02  0.219676947977819E-03
 0.120000E+02  0.142922048924416E-03
 0.130000E+02  0.997043085870862E-04
 0.140000E+02  0.641868798430812E-04
 0.150000E+02  0.422073007900800E-04
 0.160000E+02  0.306314035592701E-04
 0.170000E+02  0.207244117172505E-04
 0.180000E+02  0.136580594275380E-04
 0.190000E+02  0.934297677917411E-05
 0.200000E+02  0.675102324895447E-05
 0.210000E+02  0.511671959707977E-05
 0.220000E+02  0.341360910124751E-05
 0.230000E+02  0.255369026344973E-05
 0.240000E+02  0.180929046109399E-05
 0.250000E+02  0.139013272612334E-05
 0.260000E+02  0.101775847008267E-05
 0.270000E+02  0.706324871696040E-06
 0.280000E+02  0.542433243133444E-06
 0.290000E+02  0.402097009093461E-06
 0.300000E+02  0.295562570519251E-06
 0.310000E+02  0.221399136940218E-06
 0.320000E+02  0.159906785169433E-06
 0.330000E+02  0.127601780307560E-06
 0.340000E+02  0.954338963164190E-07
 0.350000E+02  0.719580606786697E-07
 0.360000E+02  0.582624618332599E-07
 0.370000E+02  0.447507340273126E-07
 0.380000E+02  0.363174984887028E-07
 0.390000E+02  0.275288638801649E-07
 0.400000E+02  0.207603023495416E-07
 0.410000E+02  0.179514931703199E-07
 0.420000E+02  0.130630966079630E-07
 0.430000E+02  0.931733819465501E-09
 0.440000E+02  0.000000000000000E+00
 0.450000E+02  0.000000000000000E+00
 0.460000E+02  0.000000000000000E+00
 0.470000E+02  0.000000000000000E+00
 0.480000E+02  0.000000000000000E+00
 0.490000E+02  0.000000000000000E+00
 0.500000E+02  0.000000000000000E+00
 0.510000E+02  0.000000000000000E+00
 0.520000E+02  0.000000000000000E+00
 0.530000E+02  0.000000000000000E+00
 0.540000E+02  0.000000000000000E+00
 0.550000E+02  0.000000000000000E+00
 0.560000E+02  0.000000000000000E+00
 0.570000E+02  0.000000000000000E+00
 0.580000E+02  0.000000000000000E+00
 0.590000E+02  0.000000000000000E+00
 0.600000E+02  0.000000000000000E+00
 0.610000E+02  0.000000000000000E+00
 0.620000E+02  0.000000000000000E+00
 0.630000E+02  0.000000000000000E+00
 0.640000E+02  0.000000000000000E+00
 0.650000E+02  0.000000000000000E+00
