 0.100000E+01  0.215051953797229E+00
 0.200000E+01  0.820947905167486E-01
 0.300000E+01  0.321302613898737E-01
 0.400000E+01  0.263854855429280E-01
 0.500000E+01  0.171420186739795E-01
 0.600000E+01  0.106348158744431E-01
 0.700000E+01  0.818588335129977E-02
 0.800000E+01  0.570033823237126E-02
 0.900000E+01  0.454222791122694E-02
 0.100000E+02  0.317129087835460E-02
 0.110000E+02  0.219548419479657E-02
 0.120000E+02  0.173162798111120E-02
 0.130000E+02  0.133461904190730E-02
 0.140000E+02  0.972412336015394E-03
 0.150000E+02  0.699759669897364E-03
 0.160000E+02  0.616029160769726E-03
 0.170000E+02  0.479027798522402E-03
 0.180000E+02  0.370539694546428E-03
 0.190000E+02  0.260256191925053E-03
 0.200000E+02  0.210785142514874E-03
 0.210000E+02  0.167907561048010E-03
 0.220000E+02  0.126484454541157E-03
 0.230000E+02  0.102527418646401E-03
 0.240000E+02  0.816865479812673E-04
 0.250000E+02  0.664629409313608E-04
 0.260000E+02  0.517040620367322E-04
 0.270000E+02  0.407937565066613E-04
 0.280000E+02  0.333544296320901E-04
 0.290000E+02  0.261614807944362E-04
 0.300000E+02  0.211278811252650E-04
 0.310000E+02  0.174507151119963E-04
 0.320000E+02  0.139115296282880E-04
 0.330000E+02  0.116095314062793E-04
 0.340000E+02  0.927613117086639E-05
 0.350000E+02  0.732126820820931E-05
 0.360000E+02  0.587320237894432E-05
 0.370000E+02  0.466386644390343E-05
 0.380000E+02  0.391262965328838E-05
 0.390000E+02  0.310526920868484E-05
 0.400000E+02  0.250091663792885E-05
 0.410000E+02  0.182043358452105E-05
 0.420000E+02  0.127936828998138E-05
 0.430000E+02  0.869570680010756E-07
 0.440000E+02  0.000000000000000E+00
 0.450000E+02  0.000000000000000E+00
 0.460000E+02  0.000000000000000E+00
 0.470000E+02  0.000000000000000E+00
 0.480000E+02  0.000000000000000E+00
 0.490000E+02  0.000000000000000E+00
 0.500000E+02  0.000000000000000E+00
 0.510000E+02  0.000000000000000E+00
 0.520000E+02  0.000000000000000E+00
 0.530000E+02  0.000000000000000E+00
 0.540000E+02  0.000000000000000E+00
 0.550000E+02  0.000000000000000E+00
 0.560000E+02  0.000000000000000E+00
 0.570000E+02  0.000000000000000E+00
 0.580000E+02  0.000000000000000E+00
 0.590000E+02  0.000000000000000E+00
 0.600000E+02  0.000000000000000E+00
 0.610000E+02  0.000000000000000E+00
 0.620000E+02  0.000000000000000E+00
 0.630000E+02  0.000000000000000E+00
 0.640000E+02  0.000000000000000E+00
 0.650000E+02  0.000000000000000E+00
