 0.100000E+01  0.142394102585968E+00
 0.200000E+01  0.296742460604946E-01
 0.300000E+01  0.109261785542571E-01
 0.400000E+01  0.111265384357173E-01
 0.500000E+01  0.658949088371852E-02
 0.600000E+01  0.360538586731407E-02
 0.700000E+01  0.225998451833111E-02
 0.800000E+01  0.139548669225769E-02
 0.900000E+01  0.882347151018219E-03
 0.100000E+02  0.522663189443159E-03
 0.110000E+02  0.333680444929625E-03
 0.120000E+02  0.225039813863747E-03
 0.130000E+02  0.150240262975885E-03
 0.140000E+02  0.998223302924736E-04
 0.150000E+02  0.646937433209806E-04
 0.160000E+02  0.498433307385256E-04
 0.170000E+02  0.335245993342398E-04
 0.180000E+02  0.232527073049869E-04
 0.190000E+02  0.151476593294075E-04
 0.200000E+02  0.114344768688758E-04
 0.210000E+02  0.838939034953989E-05
 0.220000E+02  0.593576493525438E-05
 0.230000E+02  0.445532810091697E-05
 0.240000E+02  0.335817090931614E-05
 0.250000E+02  0.258356860147460E-05
 0.260000E+02  0.185200952312822E-05
 0.270000E+02  0.132539829965010E-05
 0.280000E+02  0.102802093789228E-05
 0.290000E+02  0.755599656619229E-06
 0.300000E+02  0.576419904678904E-06
 0.310000E+02  0.455148141420061E-06
 0.320000E+02  0.320030616181284E-06
 0.330000E+02  0.266610160001230E-06
 0.340000E+02  0.202983364961454E-06
 0.350000E+02  0.154201435958954E-06
 0.360000E+02  0.124810930436825E-06
 0.370000E+02  0.978238165296537E-07
 0.380000E+02  0.770502206501979E-07
 0.390000E+02  0.629553566450986E-07
 0.400000E+02  0.485915662975797E-07
 0.410000E+02  0.414676692675016E-07
 0.420000E+02  0.314790184784435E-07
 0.430000E+02  0.193932549394913E-08
 0.440000E+02  0.000000000000000E+00
 0.450000E+02  0.000000000000000E+00
 0.460000E+02  0.000000000000000E+00
 0.470000E+02  0.000000000000000E+00
 0.480000E+02  0.000000000000000E+00
 0.490000E+02  0.000000000000000E+00
 0.500000E+02  0.000000000000000E+00
 0.510000E+02  0.000000000000000E+00
 0.520000E+02  0.000000000000000E+00
 0.530000E+02  0.000000000000000E+00
 0.540000E+02  0.000000000000000E+00
 0.550000E+02  0.000000000000000E+00
 0.560000E+02  0.000000000000000E+00
 0.570000E+02  0.000000000000000E+00
 0.580000E+02  0.000000000000000E+00
 0.590000E+02  0.000000000000000E+00
 0.600000E+02  0.000000000000000E+00
 0.610000E+02  0.000000000000000E+00
 0.620000E+02  0.000000000000000E+00
 0.630000E+02  0.000000000000000E+00
 0.640000E+02  0.000000000000000E+00
 0.650000E+02  0.000000000000000E+00
