 0.100000E+01  0.180246174790227E+00
 0.200000E+01  0.463886816914965E-01
 0.300000E+01  0.201642391759833E-01
 0.400000E+01  0.183430684080008E-01
 0.500000E+01  0.112813154207374E-01
 0.600000E+01  0.598773888395598E-02
 0.700000E+01  0.382662761432767E-02
 0.800000E+01  0.266842079256013E-02
 0.900000E+01  0.199375320433039E-02
 0.100000E+02  0.129250622246054E-02
 0.110000E+02  0.880177617521423E-03
 0.120000E+02  0.664249883615448E-03
 0.130000E+02  0.500770184142199E-03
 0.140000E+02  0.360963045462666E-03
 0.150000E+02  0.220510135505328E-03
 0.160000E+02  0.193784413043012E-03
 0.170000E+02  0.139537033446300E-03
 0.180000E+02  0.104460317809839E-03
 0.190000E+02  0.737079063150198E-04
 0.200000E+02  0.600798401779993E-04
 0.210000E+02  0.443051266028793E-04
 0.220000E+02  0.321858103018227E-04
 0.230000E+02  0.239152024528405E-04
 0.240000E+02  0.184513508805306E-04
 0.250000E+02  0.143353718559540E-04
 0.260000E+02  0.113709641739210E-04
 0.270000E+02  0.863885264689879E-05
 0.280000E+02  0.667518411031433E-05
 0.290000E+02  0.515064171981692E-05
 0.300000E+02  0.397900913172543E-05
 0.310000E+02  0.308196023428030E-05
 0.320000E+02  0.228992838365349E-05
 0.330000E+02  0.179792487490747E-05
 0.340000E+02  0.140078986373597E-05
 0.350000E+02  0.105272867801823E-05
 0.360000E+02  0.837941562191274E-06
 0.370000E+02  0.643707240856714E-06
 0.380000E+02  0.529182298557192E-06
 0.390000E+02  0.395805295630803E-06
 0.400000E+02  0.317832357192172E-06
 0.410000E+02  0.261015817888149E-06
 0.420000E+02  0.170806713700726E-06
 0.430000E+02  0.145932780980934E-07
 0.440000E+02  0.000000000000000E+00
 0.450000E+02  0.000000000000000E+00
 0.460000E+02  0.000000000000000E+00
 0.470000E+02  0.000000000000000E+00
 0.480000E+02  0.000000000000000E+00
 0.490000E+02  0.000000000000000E+00
 0.500000E+02  0.000000000000000E+00
 0.510000E+02  0.000000000000000E+00
 0.520000E+02  0.000000000000000E+00
 0.530000E+02  0.000000000000000E+00
 0.540000E+02  0.000000000000000E+00
 0.550000E+02  0.000000000000000E+00
 0.560000E+02  0.000000000000000E+00
 0.570000E+02  0.000000000000000E+00
 0.580000E+02  0.000000000000000E+00
 0.590000E+02  0.000000000000000E+00
 0.600000E+02  0.000000000000000E+00
 0.610000E+02  0.000000000000000E+00
 0.620000E+02  0.000000000000000E+00
 0.630000E+02  0.000000000000000E+00
 0.640000E+02  0.000000000000000E+00
 0.650000E+02  0.000000000000000E+00
