 0.100000E+01  0.132408012286760E+00
 0.200000E+01  0.323374648774006E-01
 0.300000E+01  0.115549261219030E-01
 0.400000E+01  0.114994044769676E-01
 0.500000E+01  0.585183863662442E-02
 0.600000E+01  0.289597066779319E-02
 0.700000E+01  0.208111874217753E-02
 0.800000E+01  0.120237084267540E-02
 0.900000E+01  0.818089280475141E-03
 0.100000E+02  0.459827654597840E-03
 0.110000E+02  0.272740982208776E-03
 0.120000E+02  0.171359181873667E-03
 0.130000E+02  0.128134254862567E-03
 0.140000E+02  0.799508122814203E-04
 0.150000E+02  0.485596201215210E-04
 0.160000E+02  0.378769873486959E-04
 0.170000E+02  0.240863866105003E-04
 0.180000E+02  0.178913972925809E-04
 0.190000E+02  0.119530745081328E-04
 0.200000E+02  0.843229192701316E-05
 0.210000E+02  0.671503727075639E-05
 0.220000E+02  0.423645411660079E-05
 0.230000E+02  0.316244100132388E-05
 0.240000E+02  0.230401535520048E-05
 0.250000E+02  0.175364496210410E-05
 0.260000E+02  0.128248855918179E-05
 0.270000E+02  0.897464760920920E-06
 0.280000E+02  0.674154715618142E-06
 0.290000E+02  0.517782422329768E-06
 0.300000E+02  0.377692776929953E-06
 0.310000E+02  0.293014378654174E-06
 0.320000E+02  0.214071028395121E-06
 0.330000E+02  0.171123723246158E-06
 0.340000E+02  0.126581246642076E-06
 0.350000E+02  0.984609786856230E-07
 0.360000E+02  0.805450412272631E-07
 0.370000E+02  0.641459671375959E-07
 0.380000E+02  0.501181750579448E-07
 0.390000E+02  0.396102548165111E-07
 0.400000E+02  0.292305617556966E-07
 0.410000E+02  0.198009072527792E-07
 0.420000E+02  0.145136800265937E-07
 0.430000E+02  0.107599085338254E-08
 0.440000E+02  0.000000000000000E+00
 0.450000E+02  0.000000000000000E+00
 0.460000E+02  0.000000000000000E+00
 0.470000E+02  0.000000000000000E+00
 0.480000E+02  0.000000000000000E+00
 0.490000E+02  0.000000000000000E+00
 0.500000E+02  0.000000000000000E+00
 0.510000E+02  0.000000000000000E+00
 0.520000E+02  0.000000000000000E+00
 0.530000E+02  0.000000000000000E+00
 0.540000E+02  0.000000000000000E+00
 0.550000E+02  0.000000000000000E+00
 0.560000E+02  0.000000000000000E+00
 0.570000E+02  0.000000000000000E+00
 0.580000E+02  0.000000000000000E+00
 0.590000E+02  0.000000000000000E+00
 0.600000E+02  0.000000000000000E+00
 0.610000E+02  0.000000000000000E+00
 0.620000E+02  0.000000000000000E+00
 0.630000E+02  0.000000000000000E+00
 0.640000E+02  0.000000000000000E+00
 0.650000E+02  0.000000000000000E+00
