 0.100000E+01  0.114215425419388E+00
 0.200000E+01  0.291153722159834E-01
 0.300000E+01  0.109326606413447E-01
 0.400000E+01  0.802597771611135E-02
 0.500000E+01  0.471638964140264E-02
 0.600000E+01  0.231275577586124E-02
 0.700000E+01  0.103884485666671E-02
 0.800000E+01  0.701420264231960E-03
 0.900000E+01  0.465837642977674E-03
 0.100000E+02  0.227943273087743E-03
 0.110000E+02  0.155160444329254E-03
 0.120000E+02  0.932502629643521E-04
 0.130000E+02  0.651465730889110E-04
 0.140000E+02  0.369688261170255E-04
 0.150000E+02  0.221512468918084E-04
 0.160000E+02  0.167956228031774E-04
 0.170000E+02  0.119505428371497E-04
 0.180000E+02  0.702362890208464E-05
 0.190000E+02  0.474951366885686E-05
 0.200000E+02  0.338281107772131E-05
 0.210000E+02  0.257158778760601E-05
 0.220000E+02  0.162919479803177E-05
 0.230000E+02  0.125314788181951E-05
 0.240000E+02  0.933369926660084E-06
 0.250000E+02  0.645199362659171E-06
 0.260000E+02  0.526584383247138E-06
 0.270000E+02  0.350145313022965E-06
 0.280000E+02  0.286259333847908E-06
 0.290000E+02  0.205989495539705E-06
 0.300000E+02  0.155643288368955E-06
 0.310000E+02  0.121652840169081E-06
 0.320000E+02  0.872408152485319E-07
 0.330000E+02  0.718411450029629E-07
 0.340000E+02  0.520473633598555E-07
 0.350000E+02  0.401509692519401E-07
 0.360000E+02  0.313540680914008E-07
 0.370000E+02  0.237593771269701E-07
 0.380000E+02  0.204415019927826E-07
 0.390000E+02  0.154294763183830E-07
 0.400000E+02  0.139613655461613E-07
 0.410000E+02  0.118854556213344E-07
 0.420000E+02  0.989134800171965E-08
 0.430000E+02  0.822868948130993E-09
 0.440000E+02  0.000000000000000E+00
 0.450000E+02  0.000000000000000E+00
 0.460000E+02  0.000000000000000E+00
 0.470000E+02  0.000000000000000E+00
 0.480000E+02  0.000000000000000E+00
 0.490000E+02  0.000000000000000E+00
 0.500000E+02  0.000000000000000E+00
 0.510000E+02  0.000000000000000E+00
 0.520000E+02  0.000000000000000E+00
 0.530000E+02  0.000000000000000E+00
 0.540000E+02  0.000000000000000E+00
 0.550000E+02  0.000000000000000E+00
 0.560000E+02  0.000000000000000E+00
 0.570000E+02  0.000000000000000E+00
 0.580000E+02  0.000000000000000E+00
 0.590000E+02  0.000000000000000E+00
 0.600000E+02  0.000000000000000E+00
 0.610000E+02  0.000000000000000E+00
 0.620000E+02  0.000000000000000E+00
 0.630000E+02  0.000000000000000E+00
 0.640000E+02  0.000000000000000E+00
 0.650000E+02  0.000000000000000E+00
