 0.100000E+01  0.172496489802143E+00
 0.200000E+01  0.338025491186045E-01
 0.300000E+01  0.174810642612613E-01
 0.400000E+01  0.154830376580861E-01
 0.500000E+01  0.115359277413001E-01
 0.600000E+01  0.532013570232347E-02
 0.700000E+01  0.327593663212697E-02
 0.800000E+01  0.193375613984028E-02
 0.900000E+01  0.141475804730115E-02
 0.100000E+02  0.856856602422997E-03
 0.110000E+02  0.574990507977521E-03
 0.120000E+02  0.408332039145224E-03
 0.130000E+02  0.298987669490525E-03
 0.140000E+02  0.213951600306195E-03
 0.150000E+02  0.135273056286767E-03
 0.160000E+02  0.108410102874238E-03
 0.170000E+02  0.809920967355368E-04
 0.180000E+02  0.561875770877326E-04
 0.190000E+02  0.392722255803875E-04
 0.200000E+02  0.307569800684102E-04
 0.210000E+02  0.226981888076757E-04
 0.220000E+02  0.166217963730072E-04
 0.230000E+02  0.123857846149879E-04
 0.240000E+02  0.982348087454846E-05
 0.250000E+02  0.726417881376296E-05
 0.260000E+02  0.571485255094014E-05
 0.270000E+02  0.405097742108057E-05
 0.280000E+02  0.318519871506457E-05
 0.290000E+02  0.242961242703032E-05
 0.300000E+02  0.182001643025493E-05
 0.310000E+02  0.140315878727927E-05
 0.320000E+02  0.104049392071732E-05
 0.330000E+02  0.825232821077711E-06
 0.340000E+02  0.646241034594685E-06
 0.350000E+02  0.485542988980051E-06
 0.360000E+02  0.380575485995619E-06
 0.370000E+02  0.291600657998388E-06
 0.380000E+02  0.237292228549348E-06
 0.390000E+02  0.182710141923796E-06
 0.400000E+02  0.153893420078913E-06
 0.410000E+02  0.113543303589661E-06
 0.420000E+02  0.103366191134325E-06
 0.430000E+02  0.814710531132109E-08
 0.440000E+02  0.000000000000000E+00
 0.450000E+02  0.000000000000000E+00
 0.460000E+02  0.000000000000000E+00
 0.470000E+02  0.000000000000000E+00
 0.480000E+02  0.000000000000000E+00
 0.490000E+02  0.000000000000000E+00
 0.500000E+02  0.000000000000000E+00
 0.510000E+02  0.000000000000000E+00
 0.520000E+02  0.000000000000000E+00
 0.530000E+02  0.000000000000000E+00
 0.540000E+02  0.000000000000000E+00
 0.550000E+02  0.000000000000000E+00
 0.560000E+02  0.000000000000000E+00
 0.570000E+02  0.000000000000000E+00
 0.580000E+02  0.000000000000000E+00
 0.590000E+02  0.000000000000000E+00
 0.600000E+02  0.000000000000000E+00
 0.610000E+02  0.000000000000000E+00
 0.620000E+02  0.000000000000000E+00
 0.630000E+02  0.000000000000000E+00
 0.640000E+02  0.000000000000000E+00
 0.650000E+02  0.000000000000000E+00
