 0.100000E+01  0.165478984374204E+00
 0.200000E+01  0.423301820942470E-01
 0.300000E+01  0.193921016172425E-01
 0.400000E+01  0.160308449235558E-01
 0.500000E+01  0.120269526598915E-01
 0.600000E+01  0.541973674663238E-02
 0.700000E+01  0.345764595993779E-02
 0.800000E+01  0.206285986842242E-02
 0.900000E+01  0.166128100957656E-02
 0.100000E+02  0.924609885484118E-03
 0.110000E+02  0.654431030774225E-03
 0.120000E+02  0.472998170496495E-03
 0.130000E+02  0.371669817414826E-03
 0.140000E+02  0.254420503987925E-03
 0.150000E+02  0.168359337445936E-03
 0.160000E+02  0.126226352311082E-03
 0.170000E+02  0.914320987783228E-04
 0.180000E+02  0.666676803522330E-04
 0.190000E+02  0.474644322788759E-04
 0.200000E+02  0.349573899805396E-04
 0.210000E+02  0.271916171392371E-04
 0.220000E+02  0.187808671670513E-04
 0.230000E+02  0.156371611756144E-04
 0.240000E+02  0.111496867264734E-04
 0.250000E+02  0.836901018952665E-05
 0.260000E+02  0.639213749775692E-05
 0.270000E+02  0.460635123756824E-05
 0.280000E+02  0.350191231335837E-05
 0.290000E+02  0.260330238387991E-05
 0.300000E+02  0.195734067982145E-05
 0.310000E+02  0.152380310871756E-05
 0.320000E+02  0.107942722289110E-05
 0.330000E+02  0.849215600969532E-06
 0.340000E+02  0.653348687769195E-06
 0.350000E+02  0.497384538069039E-06
 0.360000E+02  0.387162243161716E-06
 0.370000E+02  0.317260998394839E-06
 0.380000E+02  0.249911333221897E-06
 0.390000E+02  0.191966330552678E-06
 0.400000E+02  0.154027801639086E-06
 0.410000E+02  0.119591600400975E-06
 0.420000E+02  0.112298712710964E-06
 0.430000E+02  0.107645608685494E-07
 0.440000E+02  0.000000000000000E+00
 0.450000E+02  0.000000000000000E+00
 0.460000E+02  0.000000000000000E+00
 0.470000E+02  0.000000000000000E+00
 0.480000E+02  0.000000000000000E+00
 0.490000E+02  0.000000000000000E+00
 0.500000E+02  0.000000000000000E+00
 0.510000E+02  0.000000000000000E+00
 0.520000E+02  0.000000000000000E+00
 0.530000E+02  0.000000000000000E+00
 0.540000E+02  0.000000000000000E+00
 0.550000E+02  0.000000000000000E+00
 0.560000E+02  0.000000000000000E+00
 0.570000E+02  0.000000000000000E+00
 0.580000E+02  0.000000000000000E+00
 0.590000E+02  0.000000000000000E+00
 0.600000E+02  0.000000000000000E+00
 0.610000E+02  0.000000000000000E+00
 0.620000E+02  0.000000000000000E+00
 0.630000E+02  0.000000000000000E+00
 0.640000E+02  0.000000000000000E+00
 0.650000E+02  0.000000000000000E+00
