 0.100000E+01  0.115916909926455E+00
 0.200000E+01  0.300969283777590E-01
 0.300000E+01  0.110738402633785E-01
 0.400000E+01  0.788128215253137E-02
 0.500000E+01  0.483940423308424E-02
 0.600000E+01  0.214562745386159E-02
 0.700000E+01  0.114093696653447E-02
 0.800000E+01  0.738590127213904E-03
 0.900000E+01  0.527076142664672E-03
 0.100000E+02  0.249070497071834E-03
 0.110000E+02  0.171277683475691E-03
 0.120000E+02  0.995837627442720E-04
 0.130000E+02  0.672648748831441E-04
 0.140000E+02  0.402307467112199E-04
 0.150000E+02  0.240361319969973E-04
 0.160000E+02  0.167808480711620E-04
 0.170000E+02  0.113386950663821E-04
 0.180000E+02  0.793612515887215E-05
 0.190000E+02  0.499444901652037E-05
 0.200000E+02  0.354258865029238E-05
 0.210000E+02  0.292870200448340E-05
 0.220000E+02  0.184024953295937E-05
 0.230000E+02  0.141907849548354E-05
 0.240000E+02  0.102966094216893E-05
 0.250000E+02  0.730763138029286E-06
 0.260000E+02  0.590604665795259E-06
 0.270000E+02  0.392496205726343E-06
 0.280000E+02  0.311645540054173E-06
 0.290000E+02  0.228367585288301E-06
 0.300000E+02  0.166911674692783E-06
 0.310000E+02  0.132863429157434E-06
 0.320000E+02  0.901955140884751E-07
 0.330000E+02  0.803408567640023E-07
 0.340000E+02  0.557443901599348E-07
 0.350000E+02  0.442418600085306E-07
 0.360000E+02  0.342285115804717E-07
 0.370000E+02  0.259579112722763E-07
 0.380000E+02  0.229790641408778E-07
 0.390000E+02  0.183299027798262E-07
 0.400000E+02  0.161199061603506E-07
 0.410000E+02  0.153143440084073E-07
 0.420000E+02  0.106557428716349E-07
 0.430000E+02  0.823894094481993E-09
 0.440000E+02  0.000000000000000E+00
 0.450000E+02  0.000000000000000E+00
 0.460000E+02  0.000000000000000E+00
 0.470000E+02  0.000000000000000E+00
 0.480000E+02  0.000000000000000E+00
 0.490000E+02  0.000000000000000E+00
 0.500000E+02  0.000000000000000E+00
 0.510000E+02  0.000000000000000E+00
 0.520000E+02  0.000000000000000E+00
 0.530000E+02  0.000000000000000E+00
 0.540000E+02  0.000000000000000E+00
 0.550000E+02  0.000000000000000E+00
 0.560000E+02  0.000000000000000E+00
 0.570000E+02  0.000000000000000E+00
 0.580000E+02  0.000000000000000E+00
 0.590000E+02  0.000000000000000E+00
 0.600000E+02  0.000000000000000E+00
 0.610000E+02  0.000000000000000E+00
 0.620000E+02  0.000000000000000E+00
 0.630000E+02  0.000000000000000E+00
 0.640000E+02  0.000000000000000E+00
 0.650000E+02  0.000000000000000E+00
