 0.100000E+01  0.153778254811186E+00
 0.200000E+01  0.363809142251057E-01
 0.300000E+01  0.153905270873906E-01
 0.400000E+01  0.134547739276254E-01
 0.500000E+01  0.954135872400608E-02
 0.600000E+01  0.460703448770913E-02
 0.700000E+01  0.293920352564969E-02
 0.800000E+01  0.175277590056483E-02
 0.900000E+01  0.135444066599040E-02
 0.100000E+02  0.765745260657654E-03
 0.110000E+02  0.495638191962268E-03
 0.120000E+02  0.345586560985325E-03
 0.130000E+02  0.261779477782755E-03
 0.140000E+02  0.182736600835664E-03
 0.150000E+02  0.117778805595853E-03
 0.160000E+02  0.855407036657455E-04
 0.170000E+02  0.615358347896043E-04
 0.180000E+02  0.434734180842003E-04
 0.190000E+02  0.297991928128585E-04
 0.200000E+02  0.225903479217546E-04
 0.210000E+02  0.169118955596999E-04
 0.220000E+02  0.118565985691889E-04
 0.230000E+02  0.890169486342989E-05
 0.240000E+02  0.650712598376636E-05
 0.250000E+02  0.487377329759612E-05
 0.260000E+02  0.389087202859198E-05
 0.270000E+02  0.274853246905064E-05
 0.280000E+02  0.208026769702043E-05
 0.290000E+02  0.158150445506530E-05
 0.300000E+02  0.122171093271490E-05
 0.310000E+02  0.911239111742225E-06
 0.320000E+02  0.699906411600488E-06
 0.330000E+02  0.554275523977225E-06
 0.340000E+02  0.427618416011848E-06
 0.350000E+02  0.333022285817440E-06
 0.360000E+02  0.270502668432596E-06
 0.370000E+02  0.216354324064774E-06
 0.380000E+02  0.179734473252395E-06
 0.390000E+02  0.148885986581448E-06
 0.400000E+02  0.119475076201735E-06
 0.410000E+02  0.103283160568796E-06
 0.420000E+02  0.879278914078145E-07
 0.430000E+02  0.510676009281546E-08
 0.440000E+02  0.000000000000000E+00
 0.450000E+02  0.000000000000000E+00
 0.460000E+02  0.000000000000000E+00
 0.470000E+02  0.000000000000000E+00
 0.480000E+02  0.000000000000000E+00
 0.490000E+02  0.000000000000000E+00
 0.500000E+02  0.000000000000000E+00
 0.510000E+02  0.000000000000000E+00
 0.520000E+02  0.000000000000000E+00
 0.530000E+02  0.000000000000000E+00
 0.540000E+02  0.000000000000000E+00
 0.550000E+02  0.000000000000000E+00
 0.560000E+02  0.000000000000000E+00
 0.570000E+02  0.000000000000000E+00
 0.580000E+02  0.000000000000000E+00
 0.590000E+02  0.000000000000000E+00
 0.600000E+02  0.000000000000000E+00
 0.610000E+02  0.000000000000000E+00
 0.620000E+02  0.000000000000000E+00
 0.630000E+02  0.000000000000000E+00
 0.640000E+02  0.000000000000000E+00
 0.650000E+02  0.000000000000000E+00
