 0.100000E+01  0.202618240640732E+00
 0.200000E+01  0.312796821511938E-01
 0.300000E+01  0.117679296724589E-01
 0.400000E+01  0.858475594632435E-02
 0.500000E+01  0.564489095089016E-02
 0.600000E+01  0.231577435116580E-02
 0.700000E+01  0.132095424774210E-02
 0.800000E+01  0.880773048065779E-03
 0.900000E+01  0.565106052317857E-03
 0.100000E+02  0.295837365940370E-03
 0.110000E+02  0.190481170663204E-03
 0.120000E+02  0.115348660532511E-03
 0.130000E+02  0.804897993854594E-04
 0.140000E+02  0.524904056659799E-04
 0.150000E+02  0.332612983409340E-04
 0.160000E+02  0.267995557106658E-04
 0.170000E+02  0.170179807021387E-04
 0.180000E+02  0.118811470251699E-04
 0.190000E+02  0.767986524474501E-05
 0.200000E+02  0.555236864227542E-05
 0.210000E+02  0.435189720413425E-05
 0.220000E+02  0.301310993952207E-05
 0.230000E+02  0.220804331726317E-05
 0.240000E+02  0.170526934927143E-05
 0.250000E+02  0.124039883569801E-05
 0.260000E+02  0.103725679095789E-05
 0.270000E+02  0.687070414466639E-06
 0.280000E+02  0.549362659980700E-06
 0.290000E+02  0.390951238420875E-06
 0.300000E+02  0.292820496959416E-06
 0.310000E+02  0.220318492923539E-06
 0.320000E+02  0.159130439139938E-06
 0.330000E+02  0.124319638039656E-06
 0.340000E+02  0.911074133672909E-07
 0.350000E+02  0.655890565417102E-07
 0.360000E+02  0.530228399856561E-07
 0.370000E+02  0.374547641145272E-07
 0.380000E+02  0.312747020473083E-07
 0.390000E+02  0.233528215145709E-07
 0.400000E+02  0.198919929002676E-07
 0.410000E+02  0.154815943672677E-07
 0.420000E+02  0.115115633321275E-07
 0.430000E+02  0.999675717016204E-09
 0.440000E+02  0.000000000000000E+00
 0.450000E+02  0.000000000000000E+00
 0.460000E+02  0.000000000000000E+00
 0.470000E+02  0.000000000000000E+00
 0.480000E+02  0.000000000000000E+00
 0.490000E+02  0.000000000000000E+00
 0.500000E+02  0.000000000000000E+00
 0.510000E+02  0.000000000000000E+00
 0.520000E+02  0.000000000000000E+00
 0.530000E+02  0.000000000000000E+00
 0.540000E+02  0.000000000000000E+00
 0.550000E+02  0.000000000000000E+00
 0.560000E+02  0.000000000000000E+00
 0.570000E+02  0.000000000000000E+00
 0.580000E+02  0.000000000000000E+00
 0.590000E+02  0.000000000000000E+00
 0.600000E+02  0.000000000000000E+00
 0.610000E+02  0.000000000000000E+00
 0.620000E+02  0.000000000000000E+00
 0.630000E+02  0.000000000000000E+00
 0.640000E+02  0.000000000000000E+00
 0.650000E+02  0.000000000000000E+00
