 0.100000E+01  0.223371179759852E+00
 0.200000E+01  0.307476738187233E-01
 0.300000E+01  0.114007092088535E-01
 0.400000E+01  0.119580075455987E-01
 0.500000E+01  0.587055802493142E-02
 0.600000E+01  0.306955721670567E-02
 0.700000E+01  0.208941590037581E-02
 0.800000E+01  0.122534522344118E-02
 0.900000E+01  0.766311709403424E-03
 0.100000E+02  0.441252430760528E-03
 0.110000E+02  0.278345200071359E-03
 0.120000E+02  0.190608873986207E-03
 0.130000E+02  0.135044016849654E-03
 0.140000E+02  0.909165251454394E-04
 0.150000E+02  0.602649127304195E-04
 0.160000E+02  0.457034786887589E-04
 0.170000E+02  0.332039201737074E-04
 0.180000E+02  0.225906714062686E-04
 0.190000E+02  0.148788076430166E-04
 0.200000E+02  0.107375298772475E-04
 0.210000E+02  0.833578769008838E-05
 0.220000E+02  0.559042286022137E-05
 0.230000E+02  0.430626931104844E-05
 0.240000E+02  0.322077355106206E-05
 0.250000E+02  0.243816022787063E-05
 0.260000E+02  0.187072746309845E-05
 0.270000E+02  0.131155460019073E-05
 0.280000E+02  0.106961108280838E-05
 0.290000E+02  0.802364288674533E-06
 0.300000E+02  0.597475237121566E-06
 0.310000E+02  0.484646855158476E-06
 0.320000E+02  0.346337462216563E-06
 0.330000E+02  0.279464719790394E-06
 0.340000E+02  0.210674319317078E-06
 0.350000E+02  0.157329298937928E-06
 0.360000E+02  0.126681596693055E-06
 0.370000E+02  0.956652043028767E-07
 0.380000E+02  0.706135271807292E-07
 0.390000E+02  0.521437040082840E-07
 0.400000E+02  0.375126659056349E-07
 0.410000E+02  0.247446832506091E-07
 0.420000E+02  0.162667698727472E-07
 0.430000E+02  0.122489273945655E-08
 0.440000E+02  0.000000000000000E+00
 0.450000E+02  0.000000000000000E+00
 0.460000E+02  0.000000000000000E+00
 0.470000E+02  0.000000000000000E+00
 0.480000E+02  0.000000000000000E+00
 0.490000E+02  0.000000000000000E+00
 0.500000E+02  0.000000000000000E+00
 0.510000E+02  0.000000000000000E+00
 0.520000E+02  0.000000000000000E+00
 0.530000E+02  0.000000000000000E+00
 0.540000E+02  0.000000000000000E+00
 0.550000E+02  0.000000000000000E+00
 0.560000E+02  0.000000000000000E+00
 0.570000E+02  0.000000000000000E+00
 0.580000E+02  0.000000000000000E+00
 0.590000E+02  0.000000000000000E+00
 0.600000E+02  0.000000000000000E+00
 0.610000E+02  0.000000000000000E+00
 0.620000E+02  0.000000000000000E+00
 0.630000E+02  0.000000000000000E+00
 0.640000E+02  0.000000000000000E+00
 0.650000E+02  0.000000000000000E+00
