 0.100000E+01  0.208089125018887E+00
 0.200000E+01  0.331713712189412E-01
 0.300000E+01  0.116045987426787E-01
 0.400000E+01  0.109447393385622E-01
 0.500000E+01  0.586400820078919E-02
 0.600000E+01  0.238841920711622E-02
 0.700000E+01  0.172383681411026E-02
 0.800000E+01  0.116526921893636E-02
 0.900000E+01  0.815566420710866E-03
 0.100000E+02  0.432345620236738E-03
 0.110000E+02  0.261615914193200E-03
 0.120000E+02  0.182436079550961E-03
 0.130000E+02  0.137620402348717E-03
 0.140000E+02  0.795623185201447E-04
 0.150000E+02  0.488323772298169E-04
 0.160000E+02  0.403493876189905E-04
 0.170000E+02  0.278055691084943E-04
 0.180000E+02  0.182530723954166E-04
 0.190000E+02  0.130632360980063E-04
 0.200000E+02  0.932530463923066E-05
 0.210000E+02  0.727488703518665E-05
 0.220000E+02  0.485211063586536E-05
 0.230000E+02  0.361554733107493E-05
 0.240000E+02  0.259543784106129E-05
 0.250000E+02  0.186934419900753E-05
 0.260000E+02  0.144040628879808E-05
 0.270000E+02  0.977384358084448E-06
 0.280000E+02  0.767970235085818E-06
 0.290000E+02  0.570729137372229E-06
 0.300000E+02  0.418761024397235E-06
 0.310000E+02  0.314763900604542E-06
 0.320000E+02  0.227381510488843E-06
 0.330000E+02  0.183332753892935E-06
 0.340000E+02  0.134462338363549E-06
 0.350000E+02  0.102321670914352E-06
 0.360000E+02  0.782780638249059E-07
 0.370000E+02  0.589989522509521E-07
 0.380000E+02  0.466110269169967E-07
 0.390000E+02  0.342122508387868E-07
 0.400000E+02  0.263062803229476E-07
 0.410000E+02  0.207813731898048E-07
 0.420000E+02  0.137066362512603E-07
 0.430000E+02  0.970404919045436E-09
 0.440000E+02  0.000000000000000E+00
 0.450000E+02  0.000000000000000E+00
 0.460000E+02  0.000000000000000E+00
 0.470000E+02  0.000000000000000E+00
 0.480000E+02  0.000000000000000E+00
 0.490000E+02  0.000000000000000E+00
 0.500000E+02  0.000000000000000E+00
 0.510000E+02  0.000000000000000E+00
 0.520000E+02  0.000000000000000E+00
 0.530000E+02  0.000000000000000E+00
 0.540000E+02  0.000000000000000E+00
 0.550000E+02  0.000000000000000E+00
 0.560000E+02  0.000000000000000E+00
 0.570000E+02  0.000000000000000E+00
 0.580000E+02  0.000000000000000E+00
 0.590000E+02  0.000000000000000E+00
 0.600000E+02  0.000000000000000E+00
 0.610000E+02  0.000000000000000E+00
 0.620000E+02  0.000000000000000E+00
 0.630000E+02  0.000000000000000E+00
 0.640000E+02  0.000000000000000E+00
 0.650000E+02  0.000000000000000E+00
