 0.100000E+01  0.277297199772875E+00
 0.200000E+01  0.380173336543521E-01
 0.300000E+01  0.200476310646991E-01
 0.400000E+01  0.173692414631326E-01
 0.500000E+01  0.120646675172225E-01
 0.600000E+01  0.524268674967954E-02
 0.700000E+01  0.333631325336331E-02
 0.800000E+01  0.235628526469692E-02
 0.900000E+01  0.174612544390050E-02
 0.100000E+02  0.116014357804612E-02
 0.110000E+02  0.784129260749408E-03
 0.120000E+02  0.569837481009844E-03
 0.130000E+02  0.437371664594545E-03
 0.140000E+02  0.300202186991787E-03
 0.150000E+02  0.200330549794048E-03
 0.160000E+02  0.164077216711516E-03
 0.170000E+02  0.118960419859622E-03
 0.180000E+02  0.905678389373301E-04
 0.190000E+02  0.640029934048315E-04
 0.200000E+02  0.492173055737885E-04
 0.210000E+02  0.406561933967720E-04
 0.220000E+02  0.293931650066890E-04
 0.230000E+02  0.227487425235131E-04
 0.240000E+02  0.177147371598598E-04
 0.250000E+02  0.137013937426099E-04
 0.260000E+02  0.114843570304869E-04
 0.270000E+02  0.838809187976581E-05
 0.280000E+02  0.689511108796722E-05
 0.290000E+02  0.526672869720206E-05
 0.300000E+02  0.421859506305990E-05
 0.310000E+02  0.327056307359899E-05
 0.320000E+02  0.237194384422157E-05
 0.330000E+02  0.198098120245125E-05
 0.340000E+02  0.150193218137306E-05
 0.350000E+02  0.115857092107767E-05
 0.360000E+02  0.896053463539531E-06
 0.370000E+02  0.679895203851018E-06
 0.380000E+02  0.542761322952170E-06
 0.390000E+02  0.409532860453021E-06
 0.400000E+02  0.343564887182752E-06
 0.410000E+02  0.265015472398809E-06
 0.420000E+02  0.228889966832897E-06
 0.430000E+02  0.188582690103991E-07
 0.440000E+02  0.000000000000000E+00
 0.450000E+02  0.000000000000000E+00
 0.460000E+02  0.000000000000000E+00
 0.470000E+02  0.000000000000000E+00
 0.480000E+02  0.000000000000000E+00
 0.490000E+02  0.000000000000000E+00
 0.500000E+02  0.000000000000000E+00
 0.510000E+02  0.000000000000000E+00
 0.520000E+02  0.000000000000000E+00
 0.530000E+02  0.000000000000000E+00
 0.540000E+02  0.000000000000000E+00
 0.550000E+02  0.000000000000000E+00
 0.560000E+02  0.000000000000000E+00
 0.570000E+02  0.000000000000000E+00
 0.580000E+02  0.000000000000000E+00
 0.590000E+02  0.000000000000000E+00
 0.600000E+02  0.000000000000000E+00
 0.610000E+02  0.000000000000000E+00
 0.620000E+02  0.000000000000000E+00
 0.630000E+02  0.000000000000000E+00
 0.640000E+02  0.000000000000000E+00
 0.650000E+02  0.000000000000000E+00
