 0.100000E+01  0.187163639195205E+00
 0.200000E+01  0.263218847503595E-01
 0.300000E+01  0.100700310094624E-01
 0.400000E+01  0.649723156094173E-02
 0.500000E+01  0.352035707328212E-02
 0.600000E+01  0.225067767944478E-02
 0.700000E+01  0.920931286523298E-03
 0.800000E+01  0.495254967420098E-03
 0.900000E+01  0.304914080709466E-03
 0.100000E+02  0.170029082993304E-03
 0.110000E+02  0.109562180104638E-03
 0.120000E+02  0.679048071416164E-04
 0.130000E+02  0.442804977348058E-04
 0.140000E+02  0.260789806795888E-04
 0.150000E+02  0.158443422783639E-04
 0.160000E+02  0.111009827408149E-04
 0.170000E+02  0.799651369210648E-05
 0.180000E+02  0.530114350166459E-05
 0.190000E+02  0.358893544692690E-05
 0.200000E+02  0.262126009317274E-05
 0.210000E+02  0.224612601263025E-05
 0.220000E+02  0.138540411873120E-05
 0.230000E+02  0.987768451454408E-06
 0.240000E+02  0.781673501436962E-06
 0.250000E+02  0.590654801554435E-06
 0.260000E+02  0.461581279361704E-06
 0.270000E+02  0.309984075222844E-06
 0.280000E+02  0.244168890868417E-06
 0.290000E+02  0.170795374850965E-06
 0.300000E+02  0.132226875814350E-06
 0.310000E+02  0.100244148865760E-06
 0.320000E+02  0.720381162784594E-07
 0.330000E+02  0.574440981496775E-07
 0.340000E+02  0.413984918475673E-07
 0.350000E+02  0.309650448351902E-07
 0.360000E+02  0.244408148283159E-07
 0.370000E+02  0.174033962513854E-07
 0.380000E+02  0.137901256142298E-07
 0.390000E+02  0.104474248215936E-07
 0.400000E+02  0.825708767191908E-08
 0.410000E+02  0.720456554829062E-08
 0.420000E+02  0.560234159080476E-08
 0.430000E+02  0.357720441183012E-09
 0.440000E+02  0.000000000000000E+00
 0.450000E+02  0.000000000000000E+00
 0.460000E+02  0.000000000000000E+00
 0.470000E+02  0.000000000000000E+00
 0.480000E+02  0.000000000000000E+00
 0.490000E+02  0.000000000000000E+00
 0.500000E+02  0.000000000000000E+00
 0.510000E+02  0.000000000000000E+00
 0.520000E+02  0.000000000000000E+00
 0.530000E+02  0.000000000000000E+00
 0.540000E+02  0.000000000000000E+00
 0.550000E+02  0.000000000000000E+00
 0.560000E+02  0.000000000000000E+00
 0.570000E+02  0.000000000000000E+00
 0.580000E+02  0.000000000000000E+00
 0.590000E+02  0.000000000000000E+00
 0.600000E+02  0.000000000000000E+00
 0.610000E+02  0.000000000000000E+00
 0.620000E+02  0.000000000000000E+00
 0.630000E+02  0.000000000000000E+00
 0.640000E+02  0.000000000000000E+00
 0.650000E+02  0.000000000000000E+00
