 0.100000E+01  0.212359131379344E+00
 0.200000E+01  0.315238020816651E-01
 0.300000E+01  0.109417900030166E-01
 0.400000E+01  0.100027743539726E-01
 0.500000E+01  0.563960162879151E-02
 0.600000E+01  0.221097045350883E-02
 0.700000E+01  0.170708112229517E-02
 0.800000E+01  0.109835454552924E-02
 0.900000E+01  0.665791400144463E-03
 0.100000E+02  0.375504242238310E-03
 0.110000E+02  0.220912019576294E-03
 0.120000E+02  0.166073941010317E-03
 0.130000E+02  0.112138396787787E-03
 0.140000E+02  0.699030038651570E-04
 0.150000E+02  0.472881121050602E-04
 0.160000E+02  0.373208013024578E-04
 0.170000E+02  0.260394564218515E-04
 0.180000E+02  0.177087008010082E-04
 0.190000E+02  0.120503683632902E-04
 0.200000E+02  0.886276626801981E-05
 0.210000E+02  0.672396748981220E-05
 0.220000E+02  0.448943125922392E-05
 0.230000E+02  0.329981078537605E-05
 0.240000E+02  0.249433798888281E-05
 0.250000E+02  0.183621013683663E-05
 0.260000E+02  0.144348598522235E-05
 0.270000E+02  0.988941021709290E-06
 0.280000E+02  0.799326030328119E-06
 0.290000E+02  0.574587136776695E-06
 0.300000E+02  0.427785918008893E-06
 0.310000E+02  0.333041387300196E-06
 0.320000E+02  0.236189190452309E-06
 0.330000E+02  0.192087224769109E-06
 0.340000E+02  0.136791753473885E-06
 0.350000E+02  0.106228745386905E-06
 0.360000E+02  0.806739628259538E-07
 0.370000E+02  0.603347848694972E-07
 0.380000E+02  0.476025707410995E-07
 0.390000E+02  0.364730583593986E-07
 0.400000E+02  0.288543066411523E-07
 0.410000E+02  0.207607644273300E-07
 0.420000E+02  0.156856135651908E-07
 0.430000E+02  0.116564717012285E-08
 0.440000E+02  0.000000000000000E+00
 0.450000E+02  0.000000000000000E+00
 0.460000E+02  0.000000000000000E+00
 0.470000E+02  0.000000000000000E+00
 0.480000E+02  0.000000000000000E+00
 0.490000E+02  0.000000000000000E+00
 0.500000E+02  0.000000000000000E+00
 0.510000E+02  0.000000000000000E+00
 0.520000E+02  0.000000000000000E+00
 0.530000E+02  0.000000000000000E+00
 0.540000E+02  0.000000000000000E+00
 0.550000E+02  0.000000000000000E+00
 0.560000E+02  0.000000000000000E+00
 0.570000E+02  0.000000000000000E+00
 0.580000E+02  0.000000000000000E+00
 0.590000E+02  0.000000000000000E+00
 0.600000E+02  0.000000000000000E+00
 0.610000E+02  0.000000000000000E+00
 0.620000E+02  0.000000000000000E+00
 0.630000E+02  0.000000000000000E+00
 0.640000E+02  0.000000000000000E+00
 0.650000E+02  0.000000000000000E+00
