 0.100000E+01  0.251235394935975E+00
 0.200000E+01  0.371424470940838E-01
 0.300000E+01  0.176433782030578E-01
 0.400000E+01  0.149210730081020E-01
 0.500000E+01  0.104537121884535E-01
 0.600000E+01  0.483064973793748E-02
 0.700000E+01  0.306025451286499E-02
 0.800000E+01  0.181195407880547E-02
 0.900000E+01  0.145729120908439E-02
 0.100000E+02  0.842422307949538E-03
 0.110000E+02  0.613286566020940E-03
 0.120000E+02  0.430381744935271E-03
 0.130000E+02  0.293787869247390E-03
 0.140000E+02  0.225692900639766E-03
 0.150000E+02  0.150047330691040E-03
 0.160000E+02  0.114775243233771E-03
 0.170000E+02  0.801222887465436E-04
 0.180000E+02  0.632112036603134E-04
 0.190000E+02  0.444556473161208E-04
 0.200000E+02  0.335312109754346E-04
 0.210000E+02  0.268053783931866E-04
 0.220000E+02  0.203452871092038E-04
 0.230000E+02  0.153818819017650E-04
 0.240000E+02  0.117764501252133E-04
 0.250000E+02  0.916855808983516E-05
 0.260000E+02  0.729769586388342E-05
 0.270000E+02  0.542650079338628E-05
 0.280000E+02  0.418083854971014E-05
 0.290000E+02  0.340447880841689E-05
 0.300000E+02  0.264376652214748E-05
 0.310000E+02  0.217438910867507E-05
 0.320000E+02  0.165409403018497E-05
 0.330000E+02  0.139174355880432E-05
 0.340000E+02  0.110612390747390E-05
 0.350000E+02  0.878435368890558E-06
 0.360000E+02  0.696787536911205E-06
 0.370000E+02  0.560808431513999E-06
 0.380000E+02  0.434056206558683E-06
 0.390000E+02  0.355695915651581E-06
 0.400000E+02  0.269708140340216E-06
 0.410000E+02  0.212419791367551E-06
 0.420000E+02  0.174477040596028E-06
 0.430000E+02  0.114984112343326E-07
 0.440000E+02  0.000000000000000E+00
 0.450000E+02  0.000000000000000E+00
 0.460000E+02  0.000000000000000E+00
 0.470000E+02  0.000000000000000E+00
 0.480000E+02  0.000000000000000E+00
 0.490000E+02  0.000000000000000E+00
 0.500000E+02  0.000000000000000E+00
 0.510000E+02  0.000000000000000E+00
 0.520000E+02  0.000000000000000E+00
 0.530000E+02  0.000000000000000E+00
 0.540000E+02  0.000000000000000E+00
 0.550000E+02  0.000000000000000E+00
 0.560000E+02  0.000000000000000E+00
 0.570000E+02  0.000000000000000E+00
 0.580000E+02  0.000000000000000E+00
 0.590000E+02  0.000000000000000E+00
 0.600000E+02  0.000000000000000E+00
 0.610000E+02  0.000000000000000E+00
 0.620000E+02  0.000000000000000E+00
 0.630000E+02  0.000000000000000E+00
 0.640000E+02  0.000000000000000E+00
 0.650000E+02  0.000000000000000E+00
