 0.100000E+01  0.279000458598603E+00
 0.200000E+01  0.737792849645302E-01
 0.300000E+01  0.394057898414246E-01
 0.400000E+01  0.265942412975733E-01
 0.500000E+01  0.146775577403275E-01
 0.600000E+01  0.990044773359244E-02
 0.700000E+01  0.748873334345650E-02
 0.800000E+01  0.553186314916987E-02
 0.900000E+01  0.478182650708422E-02
 0.100000E+02  0.306212085329260E-02
 0.110000E+02  0.205729629113827E-02
 0.120000E+02  0.168678665197245E-02
 0.130000E+02  0.130091572697275E-02
 0.140000E+02  0.100365264715590E-02
 0.150000E+02  0.736514240610887E-03
 0.160000E+02  0.610158145205520E-03
 0.170000E+02  0.461144901886170E-03
 0.180000E+02  0.349191321090757E-03
 0.190000E+02  0.258995705722825E-03
 0.200000E+02  0.215217461385518E-03
 0.210000E+02  0.173790524897857E-03
 0.220000E+02  0.126818560763323E-03
 0.230000E+02  0.104495415387024E-03
 0.240000E+02  0.827495465521933E-04
 0.250000E+02  0.688246335139050E-04
 0.260000E+02  0.557294943464527E-04
 0.270000E+02  0.432824676760914E-04
 0.280000E+02  0.361367783702945E-04
 0.290000E+02  0.293225570100419E-04
 0.300000E+02  0.235784474246814E-04
 0.310000E+02  0.193709143050337E-04
 0.320000E+02  0.157137465089583E-04
 0.330000E+02  0.130740058922613E-04
 0.340000E+02  0.107544049189677E-04
 0.350000E+02  0.858958602354972E-05
 0.360000E+02  0.707617553064560E-05
 0.370000E+02  0.565389851612613E-05
 0.380000E+02  0.465681217681396E-05
 0.390000E+02  0.356510792007967E-05
 0.400000E+02  0.291874494095037E-05
 0.410000E+02  0.216264877768910E-05
 0.420000E+02  0.154836773339554E-05
 0.430000E+02  0.100703049437517E-06
 0.440000E+02  0.000000000000000E+00
 0.450000E+02  0.000000000000000E+00
 0.460000E+02  0.000000000000000E+00
 0.470000E+02  0.000000000000000E+00
 0.480000E+02  0.000000000000000E+00
 0.490000E+02  0.000000000000000E+00
 0.500000E+02  0.000000000000000E+00
 0.510000E+02  0.000000000000000E+00
 0.520000E+02  0.000000000000000E+00
 0.530000E+02  0.000000000000000E+00
 0.540000E+02  0.000000000000000E+00
 0.550000E+02  0.000000000000000E+00
 0.560000E+02  0.000000000000000E+00
 0.570000E+02  0.000000000000000E+00
 0.580000E+02  0.000000000000000E+00
 0.590000E+02  0.000000000000000E+00
 0.600000E+02  0.000000000000000E+00
 0.610000E+02  0.000000000000000E+00
 0.620000E+02  0.000000000000000E+00
 0.630000E+02  0.000000000000000E+00
 0.640000E+02  0.000000000000000E+00
 0.650000E+02  0.000000000000000E+00
