 0.100000E+01  0.314570372400340E+00
 0.200000E+01  0.775581626967323E-01
 0.300000E+01  0.400487073393379E-01
 0.400000E+01  0.294351085582036E-01
 0.500000E+01  0.177186049591569E-01
 0.600000E+01  0.117978809693895E-01
 0.700000E+01  0.823182234905140E-02
 0.800000E+01  0.598606864990403E-02
 0.900000E+01  0.478307232022129E-02
 0.100000E+02  0.317764396465414E-02
 0.110000E+02  0.227902840081091E-02
 0.120000E+02  0.187977387276960E-02
 0.130000E+02  0.146128541354234E-02
 0.140000E+02  0.105865077380203E-02
 0.150000E+02  0.735064745869101E-03
 0.160000E+02  0.643224148324937E-03
 0.170000E+02  0.496504735150020E-03
 0.180000E+02  0.380601661219834E-03
 0.190000E+02  0.281605772649938E-03
 0.200000E+02  0.224247874961171E-03
 0.210000E+02  0.186204124141934E-03
 0.220000E+02  0.141633648991681E-03
 0.230000E+02  0.117119590457413E-03
 0.240000E+02  0.939481554483160E-04
 0.250000E+02  0.774517269072094E-04
 0.260000E+02  0.610391815146823E-04
 0.270000E+02  0.484112347627040E-04
 0.280000E+02  0.406151222615762E-04
 0.290000E+02  0.327093393946822E-04
 0.300000E+02  0.258423066264417E-04
 0.310000E+02  0.210073112641639E-04
 0.320000E+02  0.166232999035926E-04
 0.330000E+02  0.138306525115032E-04
 0.340000E+02  0.111797220986749E-04
 0.350000E+02  0.881498123834799E-05
 0.360000E+02  0.714017318698763E-05
 0.370000E+02  0.571605791139125E-05
 0.380000E+02  0.454606174871775E-05
 0.390000E+02  0.353153042527299E-05
 0.400000E+02  0.280639059392453E-05
 0.410000E+02  0.200800015875133E-05
 0.420000E+02  0.136015277223363E-05
 0.430000E+02  0.966935116628043E-07
 0.440000E+02  0.000000000000000E+00
 0.450000E+02  0.000000000000000E+00
 0.460000E+02  0.000000000000000E+00
 0.470000E+02  0.000000000000000E+00
 0.480000E+02  0.000000000000000E+00
 0.490000E+02  0.000000000000000E+00
 0.500000E+02  0.000000000000000E+00
 0.510000E+02  0.000000000000000E+00
 0.520000E+02  0.000000000000000E+00
 0.530000E+02  0.000000000000000E+00
 0.540000E+02  0.000000000000000E+00
 0.550000E+02  0.000000000000000E+00
 0.560000E+02  0.000000000000000E+00
 0.570000E+02  0.000000000000000E+00
 0.580000E+02  0.000000000000000E+00
 0.590000E+02  0.000000000000000E+00
 0.600000E+02  0.000000000000000E+00
 0.610000E+02  0.000000000000000E+00
 0.620000E+02  0.000000000000000E+00
 0.630000E+02  0.000000000000000E+00
 0.640000E+02  0.000000000000000E+00
 0.650000E+02  0.000000000000000E+00
