 0.100000E+01  0.288877157785464E+00
 0.200000E+01  0.610274814823697E-01
 0.300000E+01  0.278264656993770E-01
 0.400000E+01  0.219326657456094E-01
 0.500000E+01  0.126536106269892E-01
 0.600000E+01  0.792454108652629E-02
 0.700000E+01  0.597266730175028E-02
 0.800000E+01  0.413961574812094E-02
 0.900000E+01  0.342295549667792E-02
 0.100000E+02  0.208255416451170E-02
 0.110000E+02  0.153331819659714E-02
 0.120000E+02  0.111852580794946E-02
 0.130000E+02  0.890681910371522E-03
 0.140000E+02  0.646273337108426E-03
 0.150000E+02  0.449922692301474E-03
 0.160000E+02  0.392363887382408E-03
 0.170000E+02  0.303539065514197E-03
 0.180000E+02  0.243698775038027E-03
 0.190000E+02  0.178184100083974E-03
 0.200000E+02  0.136623849411540E-03
 0.210000E+02  0.111324521672226E-03
 0.220000E+02  0.799643787801902E-04
 0.230000E+02  0.653038349269513E-04
 0.240000E+02  0.515176869146201E-04
 0.250000E+02  0.407608169414987E-04
 0.260000E+02  0.326625504477724E-04
 0.270000E+02  0.238892152812135E-04
 0.280000E+02  0.199788090097691E-04
 0.290000E+02  0.155869606020664E-04
 0.300000E+02  0.122178034355755E-04
 0.310000E+02  0.101996994403762E-04
 0.320000E+02  0.753936472087767E-05
 0.330000E+02  0.624061357716929E-05
 0.340000E+02  0.488884544214840E-05
 0.350000E+02  0.377578413829221E-05
 0.360000E+02  0.300295224004436E-05
 0.370000E+02  0.231971201187395E-05
 0.380000E+02  0.178231244101597E-05
 0.390000E+02  0.134943729115928E-05
 0.400000E+02  0.108733772327068E-05
 0.410000E+02  0.786612384658828E-06
 0.420000E+02  0.644276992839069E-06
 0.430000E+02  0.638460270676461E-07
 0.440000E+02  0.000000000000000E+00
 0.450000E+02  0.000000000000000E+00
 0.460000E+02  0.000000000000000E+00
 0.470000E+02  0.000000000000000E+00
 0.480000E+02  0.000000000000000E+00
 0.490000E+02  0.000000000000000E+00
 0.500000E+02  0.000000000000000E+00
 0.510000E+02  0.000000000000000E+00
 0.520000E+02  0.000000000000000E+00
 0.530000E+02  0.000000000000000E+00
 0.540000E+02  0.000000000000000E+00
 0.550000E+02  0.000000000000000E+00
 0.560000E+02  0.000000000000000E+00
 0.570000E+02  0.000000000000000E+00
 0.580000E+02  0.000000000000000E+00
 0.590000E+02  0.000000000000000E+00
 0.600000E+02  0.000000000000000E+00
 0.610000E+02  0.000000000000000E+00
 0.620000E+02  0.000000000000000E+00
 0.630000E+02  0.000000000000000E+00
 0.640000E+02  0.000000000000000E+00
 0.650000E+02  0.000000000000000E+00
