 0.100000E+01  0.246104036690667E+00
 0.200000E+01  0.287183981372436E-01
 0.300000E+01  0.154192863835192E-01
 0.400000E+01  0.132513743440299E-01
 0.500000E+01  0.851247802071819E-02
 0.600000E+01  0.474467011149945E-02
 0.700000E+01  0.276115830306952E-02
 0.800000E+01  0.158802741310340E-02
 0.900000E+01  0.115949356673331E-02
 0.100000E+02  0.650829332732579E-03
 0.110000E+02  0.397386591088613E-03
 0.120000E+02  0.307764574050130E-03
 0.130000E+02  0.230207053430724E-03
 0.140000E+02  0.142884430048057E-03
 0.150000E+02  0.906559080050592E-04
 0.160000E+02  0.709339396157606E-04
 0.170000E+02  0.512912381711954E-04
 0.180000E+02  0.353568305750721E-04
 0.190000E+02  0.266747234320445E-04
 0.200000E+02  0.193261193859523E-04
 0.210000E+02  0.157819406530895E-04
 0.220000E+02  0.112166819455720E-04
 0.230000E+02  0.816423318758972E-05
 0.240000E+02  0.623837939942129E-05
 0.250000E+02  0.471298799556378E-05
 0.260000E+02  0.374027505336636E-05
 0.270000E+02  0.258386129134083E-05
 0.280000E+02  0.210239733679217E-05
 0.290000E+02  0.160735710357047E-05
 0.300000E+02  0.119109109006798E-05
 0.310000E+02  0.904451853419657E-06
 0.320000E+02  0.687086013374421E-06
 0.330000E+02  0.543200305594048E-06
 0.340000E+02  0.426894849405498E-06
 0.350000E+02  0.325383929445570E-06
 0.360000E+02  0.248734974271786E-06
 0.370000E+02  0.192594313935274E-06
 0.380000E+02  0.153406994533040E-06
 0.390000E+02  0.116146145445898E-06
 0.400000E+02  0.875863615747877E-07
 0.410000E+02  0.640764649101359E-07
 0.420000E+02  0.404900787067428E-07
 0.430000E+02  0.270368381971435E-08
 0.440000E+02  0.000000000000000E+00
 0.450000E+02  0.000000000000000E+00
 0.460000E+02  0.000000000000000E+00
 0.470000E+02  0.000000000000000E+00
 0.480000E+02  0.000000000000000E+00
 0.490000E+02  0.000000000000000E+00
 0.500000E+02  0.000000000000000E+00
 0.510000E+02  0.000000000000000E+00
 0.520000E+02  0.000000000000000E+00
 0.530000E+02  0.000000000000000E+00
 0.540000E+02  0.000000000000000E+00
 0.550000E+02  0.000000000000000E+00
 0.560000E+02  0.000000000000000E+00
 0.570000E+02  0.000000000000000E+00
 0.580000E+02  0.000000000000000E+00
 0.590000E+02  0.000000000000000E+00
 0.600000E+02  0.000000000000000E+00
 0.610000E+02  0.000000000000000E+00
 0.620000E+02  0.000000000000000E+00
 0.630000E+02  0.000000000000000E+00
 0.640000E+02  0.000000000000000E+00
 0.650000E+02  0.000000000000000E+00
