 0.100000E+01  0.300121773849241E+00
 0.200000E+01  0.650944437174985E-01
 0.300000E+01  0.292142739710926E-01
 0.400000E+01  0.254398136789433E-01
 0.500000E+01  0.169387227646354E-01
 0.600000E+01  0.941314952136452E-02
 0.700000E+01  0.675455285023119E-02
 0.800000E+01  0.459131751421155E-02
 0.900000E+01  0.425799419360661E-02
 0.100000E+02  0.248236575222964E-02
 0.110000E+02  0.190276673541210E-02
 0.120000E+02  0.151835082873878E-02
 0.130000E+02  0.122650938157967E-02
 0.140000E+02  0.978395023607126E-03
 0.150000E+02  0.638528218370825E-03
 0.160000E+02  0.566949739828421E-03
 0.170000E+02  0.441499473281273E-03
 0.180000E+02  0.318217581677147E-03
 0.190000E+02  0.253222560913797E-03
 0.200000E+02  0.196760780034238E-03
 0.210000E+02  0.157899351624696E-03
 0.220000E+02  0.124330717089062E-03
 0.230000E+02  0.964630658963754E-04
 0.240000E+02  0.782571765081030E-04
 0.250000E+02  0.655400545110187E-04
 0.260000E+02  0.517409681527368E-04
 0.270000E+02  0.398882890759664E-04
 0.280000E+02  0.321504307342120E-04
 0.290000E+02  0.253720103854408E-04
 0.300000E+02  0.204312084645536E-04
 0.310000E+02  0.167677172392494E-04
 0.320000E+02  0.130606950417092E-04
 0.330000E+02  0.105793325034914E-04
 0.340000E+02  0.844199071218163E-05
 0.350000E+02  0.674260009411474E-05
 0.360000E+02  0.548886631185351E-05
 0.370000E+02  0.435170014478926E-05
 0.380000E+02  0.342891667996808E-05
 0.390000E+02  0.265092887338779E-05
 0.400000E+02  0.205340648762170E-05
 0.410000E+02  0.144754593368026E-05
 0.420000E+02  0.962210605074804E-06
 0.430000E+02  0.659784178368150E-07
 0.440000E+02  0.000000000000000E+00
 0.450000E+02  0.000000000000000E+00
 0.460000E+02  0.000000000000000E+00
 0.470000E+02  0.000000000000000E+00
 0.480000E+02  0.000000000000000E+00
 0.490000E+02  0.000000000000000E+00
 0.500000E+02  0.000000000000000E+00
 0.510000E+02  0.000000000000000E+00
 0.520000E+02  0.000000000000000E+00
 0.530000E+02  0.000000000000000E+00
 0.540000E+02  0.000000000000000E+00
 0.550000E+02  0.000000000000000E+00
 0.560000E+02  0.000000000000000E+00
 0.570000E+02  0.000000000000000E+00
 0.580000E+02  0.000000000000000E+00
 0.590000E+02  0.000000000000000E+00
 0.600000E+02  0.000000000000000E+00
 0.610000E+02  0.000000000000000E+00
 0.620000E+02  0.000000000000000E+00
 0.630000E+02  0.000000000000000E+00
 0.640000E+02  0.000000000000000E+00
 0.650000E+02  0.000000000000000E+00
