 0.100000E+01  0.205675444361987E+00
 0.200000E+01  0.327438298947982E-01
 0.300000E+01  0.108635801446439E-01
 0.400000E+01  0.107450295545344E-01
 0.500000E+01  0.517176229302729E-02
 0.600000E+01  0.245194222727495E-02
 0.700000E+01  0.156122164930838E-02
 0.800000E+01  0.103668406339847E-02
 0.900000E+01  0.662507858511590E-03
 0.100000E+02  0.348483567825818E-03
 0.110000E+02  0.197659211622777E-03
 0.120000E+02  0.130507670151259E-03
 0.130000E+02  0.100496489965160E-03
 0.140000E+02  0.596121747943658E-04
 0.150000E+02  0.406281910512461E-04
 0.160000E+02  0.313267540983314E-04
 0.170000E+02  0.223962775390462E-04
 0.180000E+02  0.152355438094250E-04
 0.190000E+02  0.103512821051929E-04
 0.200000E+02  0.745830456418018E-05
 0.210000E+02  0.602737219085529E-05
 0.220000E+02  0.416993296474935E-05
 0.230000E+02  0.302965203953825E-05
 0.240000E+02  0.228606883112826E-05
 0.250000E+02  0.170958393174897E-05
 0.260000E+02  0.134347052020254E-05
 0.270000E+02  0.924035075419518E-06
 0.280000E+02  0.737048561168340E-06
 0.290000E+02  0.577497681302942E-06
 0.300000E+02  0.416951424858655E-06
 0.310000E+02  0.328768258575067E-06
 0.320000E+02  0.236440370518519E-06
 0.330000E+02  0.190012342269742E-06
 0.340000E+02  0.145335606541431E-06
 0.350000E+02  0.108854858959198E-06
 0.360000E+02  0.873685083330893E-07
 0.370000E+02  0.663227642129970E-07
 0.380000E+02  0.538454773156362E-07
 0.390000E+02  0.410446100080437E-07
 0.400000E+02  0.341279728244782E-07
 0.410000E+02  0.296945314155075E-07
 0.420000E+02  0.233171231255767E-07
 0.430000E+02  0.151475812427103E-08
 0.440000E+02  0.000000000000000E+00
 0.450000E+02  0.000000000000000E+00
 0.460000E+02  0.000000000000000E+00
 0.470000E+02  0.000000000000000E+00
 0.480000E+02  0.000000000000000E+00
 0.490000E+02  0.000000000000000E+00
 0.500000E+02  0.000000000000000E+00
 0.510000E+02  0.000000000000000E+00
 0.520000E+02  0.000000000000000E+00
 0.530000E+02  0.000000000000000E+00
 0.540000E+02  0.000000000000000E+00
 0.550000E+02  0.000000000000000E+00
 0.560000E+02  0.000000000000000E+00
 0.570000E+02  0.000000000000000E+00
 0.580000E+02  0.000000000000000E+00
 0.590000E+02  0.000000000000000E+00
 0.600000E+02  0.000000000000000E+00
 0.610000E+02  0.000000000000000E+00
 0.620000E+02  0.000000000000000E+00
 0.630000E+02  0.000000000000000E+00
 0.640000E+02  0.000000000000000E+00
 0.650000E+02  0.000000000000000E+00
