 0.100000E+01  0.270530700741801E+00
 0.200000E+01  0.307013225947230E-01
 0.300000E+01  0.176617631196336E-01
 0.400000E+01  0.177222518336890E-01
 0.500000E+01  0.105790236676162E-01
 0.600000E+01  0.539607181868917E-02
 0.700000E+01  0.332600099378608E-02
 0.800000E+01  0.202882409604530E-02
 0.900000E+01  0.149671741960805E-02
 0.100000E+02  0.100409916769317E-02
 0.110000E+02  0.687919764624501E-03
 0.120000E+02  0.499373765917687E-03
 0.130000E+02  0.378194041689725E-03
 0.140000E+02  0.265649968923686E-03
 0.150000E+02  0.177963341156639E-03
 0.160000E+02  0.140417631066142E-03
 0.170000E+02  0.996496877287153E-04
 0.180000E+02  0.743118606534858E-04
 0.190000E+02  0.521452124506560E-04
 0.200000E+02  0.390643653301500E-04
 0.210000E+02  0.319284369857102E-04
 0.220000E+02  0.224353440877018E-04
 0.230000E+02  0.177239691159227E-04
 0.240000E+02  0.135450529086357E-04
 0.250000E+02  0.105051254798949E-04
 0.260000E+02  0.835539380630694E-05
 0.270000E+02  0.588053289662744E-05
 0.280000E+02  0.481662387375875E-05
 0.290000E+02  0.353191238781311E-05
 0.300000E+02  0.263355645510350E-05
 0.310000E+02  0.202842917957838E-05
 0.320000E+02  0.153166969978342E-05
 0.330000E+02  0.122030769690595E-05
 0.340000E+02  0.925801995253355E-06
 0.350000E+02  0.708050296774802E-06
 0.360000E+02  0.560999961457320E-06
 0.370000E+02  0.437864534940306E-06
 0.380000E+02  0.338459021934838E-06
 0.390000E+02  0.255920489006705E-06
 0.400000E+02  0.199008954193679E-06
 0.410000E+02  0.150460090114634E-06
 0.420000E+02  0.124843994196747E-06
 0.430000E+02  0.104369733255200E-07
 0.440000E+02  0.000000000000000E+00
 0.450000E+02  0.000000000000000E+00
 0.460000E+02  0.000000000000000E+00
 0.470000E+02  0.000000000000000E+00
 0.480000E+02  0.000000000000000E+00
 0.490000E+02  0.000000000000000E+00
 0.500000E+02  0.000000000000000E+00
 0.510000E+02  0.000000000000000E+00
 0.520000E+02  0.000000000000000E+00
 0.530000E+02  0.000000000000000E+00
 0.540000E+02  0.000000000000000E+00
 0.550000E+02  0.000000000000000E+00
 0.560000E+02  0.000000000000000E+00
 0.570000E+02  0.000000000000000E+00
 0.580000E+02  0.000000000000000E+00
 0.590000E+02  0.000000000000000E+00
 0.600000E+02  0.000000000000000E+00
 0.610000E+02  0.000000000000000E+00
 0.620000E+02  0.000000000000000E+00
 0.630000E+02  0.000000000000000E+00
 0.640000E+02  0.000000000000000E+00
 0.650000E+02  0.000000000000000E+00
