 0.100000E+01  0.252976258656417E+00
 0.200000E+01  0.348454973636763E-01
 0.300000E+01  0.162438950153501E-01
 0.400000E+01  0.137969808607155E-01
 0.500000E+01  0.874252885348392E-02
 0.600000E+01  0.472805569525658E-02
 0.700000E+01  0.289554964454658E-02
 0.800000E+01  0.173181690194250E-02
 0.900000E+01  0.122071959654788E-02
 0.100000E+02  0.710940207927472E-03
 0.110000E+02  0.454148814341943E-03
 0.120000E+02  0.340583303513793E-03
 0.130000E+02  0.236730103859795E-03
 0.140000E+02  0.165787201226471E-03
 0.150000E+02  0.107738862211134E-03
 0.160000E+02  0.862686843087420E-04
 0.170000E+02  0.629067214960166E-04
 0.180000E+02  0.434492714664032E-04
 0.190000E+02  0.298252458872652E-04
 0.200000E+02  0.235782400422878E-04
 0.210000E+02  0.188350398081748E-04
 0.220000E+02  0.136141739941484E-04
 0.230000E+02  0.103410077855310E-04
 0.240000E+02  0.786001753754807E-05
 0.250000E+02  0.615720053746899E-05
 0.260000E+02  0.466759106151540E-05
 0.270000E+02  0.339372558162188E-05
 0.280000E+02  0.267088475268920E-05
 0.290000E+02  0.213017455866646E-05
 0.300000E+02  0.165023629857702E-05
 0.310000E+02  0.133074537462787E-05
 0.320000E+02  0.100566946772950E-05
 0.330000E+02  0.847186339436354E-06
 0.340000E+02  0.660669372840146E-06
 0.350000E+02  0.518207227425558E-06
 0.360000E+02  0.409810449787371E-06
 0.370000E+02  0.317226541161881E-06
 0.380000E+02  0.253719245589887E-06
 0.390000E+02  0.204103412845986E-06
 0.400000E+02  0.158778916560988E-06
 0.410000E+02  0.123039576145397E-06
 0.420000E+02  0.927151035253275E-07
 0.430000E+02  0.723322647047317E-08
 0.440000E+02  0.000000000000000E+00
 0.450000E+02  0.000000000000000E+00
 0.460000E+02  0.000000000000000E+00
 0.470000E+02  0.000000000000000E+00
 0.480000E+02  0.000000000000000E+00
 0.490000E+02  0.000000000000000E+00
 0.500000E+02  0.000000000000000E+00
 0.510000E+02  0.000000000000000E+00
 0.520000E+02  0.000000000000000E+00
 0.530000E+02  0.000000000000000E+00
 0.540000E+02  0.000000000000000E+00
 0.550000E+02  0.000000000000000E+00
 0.560000E+02  0.000000000000000E+00
 0.570000E+02  0.000000000000000E+00
 0.580000E+02  0.000000000000000E+00
 0.590000E+02  0.000000000000000E+00
 0.600000E+02  0.000000000000000E+00
 0.610000E+02  0.000000000000000E+00
 0.620000E+02  0.000000000000000E+00
 0.630000E+02  0.000000000000000E+00
 0.640000E+02  0.000000000000000E+00
 0.650000E+02  0.000000000000000E+00
