 0.100000E+01  0.192925172283140E+00
 0.200000E+01  0.276911747553186E-01
 0.300000E+01  0.101170877293235E-01
 0.400000E+01  0.696086455503719E-02
 0.500000E+01  0.420889018461099E-02
 0.600000E+01  0.223193749958928E-02
 0.700000E+01  0.932499303490568E-03
 0.800000E+01  0.544601996666966E-03
 0.900000E+01  0.400589064414065E-03
 0.100000E+02  0.199596558405407E-03
 0.110000E+02  0.105788046046617E-03
 0.120000E+02  0.677587663007902E-04
 0.130000E+02  0.512411562625991E-04
 0.140000E+02  0.328246464308779E-04
 0.150000E+02  0.215690657949812E-04
 0.160000E+02  0.161343431469062E-04
 0.170000E+02  0.114593746941736E-04
 0.180000E+02  0.734022630533014E-05
 0.190000E+02  0.519047821007919E-05
 0.200000E+02  0.358100900071356E-05
 0.210000E+02  0.301972020293637E-05
 0.220000E+02  0.192905779748289E-05
 0.230000E+02  0.144562192937226E-05
 0.240000E+02  0.108012449709369E-05
 0.250000E+02  0.779405637260358E-06
 0.260000E+02  0.599102395970075E-06
 0.270000E+02  0.400881286102596E-06
 0.280000E+02  0.336803476314424E-06
 0.290000E+02  0.233339052374852E-06
 0.300000E+02  0.183399001808498E-06
 0.310000E+02  0.136191042972383E-06
 0.320000E+02  0.966964599444273E-07
 0.330000E+02  0.801707562559830E-07
 0.340000E+02  0.593100369956006E-07
 0.350000E+02  0.438832980428508E-07
 0.360000E+02  0.354171032462461E-07
 0.370000E+02  0.258602857260511E-07
 0.380000E+02  0.215384809154009E-07
 0.390000E+02  0.157411098762687E-07
 0.400000E+02  0.140948500524676E-07
 0.410000E+02  0.115685419033363E-07
 0.420000E+02  0.957255136728698E-08
 0.430000E+02  0.808212021210331E-09
 0.440000E+02  0.000000000000000E+00
 0.450000E+02  0.000000000000000E+00
 0.460000E+02  0.000000000000000E+00
 0.470000E+02  0.000000000000000E+00
 0.480000E+02  0.000000000000000E+00
 0.490000E+02  0.000000000000000E+00
 0.500000E+02  0.000000000000000E+00
 0.510000E+02  0.000000000000000E+00
 0.520000E+02  0.000000000000000E+00
 0.530000E+02  0.000000000000000E+00
 0.540000E+02  0.000000000000000E+00
 0.550000E+02  0.000000000000000E+00
 0.560000E+02  0.000000000000000E+00
 0.570000E+02  0.000000000000000E+00
 0.580000E+02  0.000000000000000E+00
 0.590000E+02  0.000000000000000E+00
 0.600000E+02  0.000000000000000E+00
 0.610000E+02  0.000000000000000E+00
 0.620000E+02  0.000000000000000E+00
 0.630000E+02  0.000000000000000E+00
 0.640000E+02  0.000000000000000E+00
 0.650000E+02  0.000000000000000E+00
