 0.100000E+01  0.241613900512675E+00
 0.200000E+01  0.323375816378757E-01
 0.300000E+01  0.162201467599630E-01
 0.400000E+01  0.128887076282018E-01
 0.500000E+01  0.850165163576877E-02
 0.600000E+01  0.485091271031834E-02
 0.700000E+01  0.274729794956530E-02
 0.800000E+01  0.175742239299075E-02
 0.900000E+01  0.127115817142660E-02
 0.100000E+02  0.662882088134677E-03
 0.110000E+02  0.468270407146949E-03
 0.120000E+02  0.333791704668409E-03
 0.130000E+02  0.254031925663306E-03
 0.140000E+02  0.173111618355811E-03
 0.150000E+02  0.109258518652089E-03
 0.160000E+02  0.858468324700531E-04
 0.170000E+02  0.579471943417066E-04
 0.180000E+02  0.437928191112810E-04
 0.190000E+02  0.293090116348061E-04
 0.200000E+02  0.221474289087985E-04
 0.210000E+02  0.179725616040248E-04
 0.220000E+02  0.126019465696851E-04
 0.230000E+02  0.955915149904535E-05
 0.240000E+02  0.729728901371001E-05
 0.250000E+02  0.532005292564739E-05
 0.260000E+02  0.426233423791912E-05
 0.270000E+02  0.298452886257573E-05
 0.280000E+02  0.246830548154659E-05
 0.290000E+02  0.185583356905708E-05
 0.300000E+02  0.142623679446945E-05
 0.310000E+02  0.112995708925649E-05
 0.320000E+02  0.860778231312728E-06
 0.330000E+02  0.747453254259093E-06
 0.340000E+02  0.587787518982858E-06
 0.350000E+02  0.469194908736763E-06
 0.360000E+02  0.362445908307908E-06
 0.370000E+02  0.271731083092235E-06
 0.380000E+02  0.219085412895665E-06
 0.390000E+02  0.171541161864104E-06
 0.400000E+02  0.140442860159185E-06
 0.410000E+02  0.109587307074181E-06
 0.420000E+02  0.700266620879937E-07
 0.430000E+02  0.472673618843490E-08
 0.440000E+02  0.000000000000000E+00
 0.450000E+02  0.000000000000000E+00
 0.460000E+02  0.000000000000000E+00
 0.470000E+02  0.000000000000000E+00
 0.480000E+02  0.000000000000000E+00
 0.490000E+02  0.000000000000000E+00
 0.500000E+02  0.000000000000000E+00
 0.510000E+02  0.000000000000000E+00
 0.520000E+02  0.000000000000000E+00
 0.530000E+02  0.000000000000000E+00
 0.540000E+02  0.000000000000000E+00
 0.550000E+02  0.000000000000000E+00
 0.560000E+02  0.000000000000000E+00
 0.570000E+02  0.000000000000000E+00
 0.580000E+02  0.000000000000000E+00
 0.590000E+02  0.000000000000000E+00
 0.600000E+02  0.000000000000000E+00
 0.610000E+02  0.000000000000000E+00
 0.620000E+02  0.000000000000000E+00
 0.630000E+02  0.000000000000000E+00
 0.640000E+02  0.000000000000000E+00
 0.650000E+02  0.000000000000000E+00
