 0.100000E+01  0.296207296880311E+00
 0.200000E+01  0.542842110526180E-01
 0.300000E+01  0.221579236213358E-01
 0.400000E+01  0.192100852613351E-01
 0.500000E+01  0.118946883716033E-01
 0.600000E+01  0.644486244849252E-02
 0.700000E+01  0.446160537412094E-02
 0.800000E+01  0.314248190658784E-02
 0.900000E+01  0.223376698681486E-02
 0.100000E+02  0.137361422670096E-02
 0.110000E+02  0.107095362723050E-02
 0.120000E+02  0.824193183430560E-03
 0.130000E+02  0.660181715105880E-03
 0.140000E+02  0.442528385647383E-03
 0.150000E+02  0.307321234602057E-03
 0.160000E+02  0.246841467216216E-03
 0.170000E+02  0.185273852530944E-03
 0.180000E+02  0.140431956722243E-03
 0.190000E+02  0.102547814506671E-03
 0.200000E+02  0.815981864664234E-04
 0.210000E+02  0.635590343217496E-04
 0.220000E+02  0.474677674803912E-04
 0.230000E+02  0.376387568343401E-04
 0.240000E+02  0.283739040108725E-04
 0.250000E+02  0.234552482360709E-04
 0.260000E+02  0.185925021645501E-04
 0.270000E+02  0.139642438696436E-04
 0.280000E+02  0.111384458713244E-04
 0.290000E+02  0.865961881150188E-05
 0.300000E+02  0.678009682458816E-05
 0.310000E+02  0.534741691234585E-05
 0.320000E+02  0.396130991850453E-05
 0.330000E+02  0.321489162347773E-05
 0.340000E+02  0.260897471561059E-05
 0.350000E+02  0.200534577175437E-05
 0.360000E+02  0.158067990299660E-05
 0.370000E+02  0.123216786800784E-05
 0.380000E+02  0.990322375264631E-06
 0.390000E+02  0.736569123328888E-06
 0.400000E+02  0.602190481628602E-06
 0.410000E+02  0.431908522869306E-06
 0.420000E+02  0.345279653091620E-06
 0.430000E+02  0.532490874081103E-07
 0.440000E+02  0.000000000000000E+00
 0.450000E+02  0.000000000000000E+00
 0.460000E+02  0.000000000000000E+00
 0.470000E+02  0.000000000000000E+00
 0.480000E+02  0.000000000000000E+00
 0.490000E+02  0.000000000000000E+00
 0.500000E+02  0.000000000000000E+00
 0.510000E+02  0.000000000000000E+00
 0.520000E+02  0.000000000000000E+00
 0.530000E+02  0.000000000000000E+00
 0.540000E+02  0.000000000000000E+00
 0.550000E+02  0.000000000000000E+00
 0.560000E+02  0.000000000000000E+00
 0.570000E+02  0.000000000000000E+00
 0.580000E+02  0.000000000000000E+00
 0.590000E+02  0.000000000000000E+00
 0.600000E+02  0.000000000000000E+00
 0.610000E+02  0.000000000000000E+00
 0.620000E+02  0.000000000000000E+00
 0.630000E+02  0.000000000000000E+00
 0.640000E+02  0.000000000000000E+00
 0.650000E+02  0.000000000000000E+00
