 0.100000E+01  0.335134812165052E+00
 0.200000E+01  0.949184781566146E-01
 0.300000E+01  0.398125681876991E-01
 0.400000E+01  0.312482683248163E-01
 0.500000E+01  0.227150416014439E-01
 0.600000E+01  0.126449390684371E-01
 0.700000E+01  0.914326337587967E-02
 0.800000E+01  0.654591424755058E-02
 0.900000E+01  0.577217212200010E-02
 0.100000E+02  0.354878438294992E-02
 0.110000E+02  0.243901254510548E-02
 0.120000E+02  0.173990153293206E-02
 0.130000E+02  0.133938320720170E-02
 0.140000E+02  0.990741061242133E-03
 0.150000E+02  0.666570428151051E-03
 0.160000E+02  0.580854126409904E-03
 0.170000E+02  0.412509594849904E-03
 0.180000E+02  0.313773366466912E-03
 0.190000E+02  0.237932674484975E-03
 0.200000E+02  0.192988629997542E-03
 0.210000E+02  0.151530542142258E-03
 0.220000E+02  0.112503616836122E-03
 0.230000E+02  0.922416953371785E-04
 0.240000E+02  0.716923625434102E-04
 0.250000E+02  0.598761002518142E-04
 0.260000E+02  0.472585386168962E-04
 0.270000E+02  0.355515288552905E-04
 0.280000E+02  0.293912083038255E-04
 0.290000E+02  0.231854595674993E-04
 0.300000E+02  0.181530969340556E-04
 0.310000E+02  0.147348889891072E-04
 0.320000E+02  0.112814582894495E-04
 0.330000E+02  0.929698042108801E-05
 0.340000E+02  0.751257295291489E-05
 0.350000E+02  0.575696353166952E-05
 0.360000E+02  0.471638143129589E-05
 0.370000E+02  0.372057363453997E-05
 0.380000E+02  0.304921907746208E-05
 0.390000E+02  0.233821534175068E-05
 0.400000E+02  0.184858947970402E-05
 0.410000E+02  0.150845126440376E-05
 0.420000E+02  0.897086791871384E-06
 0.430000E+02  0.543519538542814E-07
 0.440000E+02  0.000000000000000E+00
 0.450000E+02  0.000000000000000E+00
 0.460000E+02  0.000000000000000E+00
 0.470000E+02  0.000000000000000E+00
 0.480000E+02  0.000000000000000E+00
 0.490000E+02  0.000000000000000E+00
 0.500000E+02  0.000000000000000E+00
 0.510000E+02  0.000000000000000E+00
 0.520000E+02  0.000000000000000E+00
 0.530000E+02  0.000000000000000E+00
 0.540000E+02  0.000000000000000E+00
 0.550000E+02  0.000000000000000E+00
 0.560000E+02  0.000000000000000E+00
 0.570000E+02  0.000000000000000E+00
 0.580000E+02  0.000000000000000E+00
 0.590000E+02  0.000000000000000E+00
 0.600000E+02  0.000000000000000E+00
 0.610000E+02  0.000000000000000E+00
 0.620000E+02  0.000000000000000E+00
 0.630000E+02  0.000000000000000E+00
 0.640000E+02  0.000000000000000E+00
 0.650000E+02  0.000000000000000E+00
