 0.100000E+01  0.197345182510617E+00
 0.200000E+01  0.299609783771757E-01
 0.300000E+01  0.109243261956635E-01
 0.400000E+01  0.797139070566599E-02
 0.500000E+01  0.482191524437839E-02
 0.600000E+01  0.225229472548077E-02
 0.700000E+01  0.107820702047270E-02
 0.800000E+01  0.718198420662839E-03
 0.900000E+01  0.527294630037210E-03
 0.100000E+02  0.249009833664793E-03
 0.110000E+02  0.143277373344982E-03
 0.120000E+02  0.910192297323174E-04
 0.130000E+02  0.568368807849170E-04
 0.140000E+02  0.386082328983551E-04
 0.150000E+02  0.226168271337307E-04
 0.160000E+02  0.186992873118671E-04
 0.170000E+02  0.130286682300851E-04
 0.180000E+02  0.886880869218019E-05
 0.190000E+02  0.599752347744376E-05
 0.200000E+02  0.444079152446958E-05
 0.210000E+02  0.345527384463143E-05
 0.220000E+02  0.237780090089536E-05
 0.230000E+02  0.172923615616640E-05
 0.240000E+02  0.137451196383508E-05
 0.250000E+02  0.921361155391409E-06
 0.260000E+02  0.775401786926682E-06
 0.270000E+02  0.499146419839531E-06
 0.280000E+02  0.420590992159103E-06
 0.290000E+02  0.301247092763140E-06
 0.300000E+02  0.228632570033351E-06
 0.310000E+02  0.169101242482645E-06
 0.320000E+02  0.128232438548650E-06
 0.330000E+02  0.101313213999044E-06
 0.340000E+02  0.741766905413106E-07
 0.350000E+02  0.551876586349464E-07
 0.360000E+02  0.436830196177730E-07
 0.370000E+02  0.315052549202954E-07
 0.380000E+02  0.261234768929127E-07
 0.390000E+02  0.187853840467714E-07
 0.400000E+02  0.158384242663551E-07
 0.410000E+02  0.131772792171229E-07
 0.420000E+02  0.105308909597064E-07
 0.430000E+02  0.864391492226479E-09
 0.440000E+02  0.000000000000000E+00
 0.450000E+02  0.000000000000000E+00
 0.460000E+02  0.000000000000000E+00
 0.470000E+02  0.000000000000000E+00
 0.480000E+02  0.000000000000000E+00
 0.490000E+02  0.000000000000000E+00
 0.500000E+02  0.000000000000000E+00
 0.510000E+02  0.000000000000000E+00
 0.520000E+02  0.000000000000000E+00
 0.530000E+02  0.000000000000000E+00
 0.540000E+02  0.000000000000000E+00
 0.550000E+02  0.000000000000000E+00
 0.560000E+02  0.000000000000000E+00
 0.570000E+02  0.000000000000000E+00
 0.580000E+02  0.000000000000000E+00
 0.590000E+02  0.000000000000000E+00
 0.600000E+02  0.000000000000000E+00
 0.610000E+02  0.000000000000000E+00
 0.620000E+02  0.000000000000000E+00
 0.630000E+02  0.000000000000000E+00
 0.640000E+02  0.000000000000000E+00
 0.650000E+02  0.000000000000000E+00
