 0.100000E+01  0.199546646530507E+00
 0.200000E+01  0.301789146319607E-01
 0.300000E+01  0.111405570071952E-01
 0.400000E+01  0.881437434628962E-02
 0.500000E+01  0.502339585050945E-02
 0.600000E+01  0.239571988669397E-02
 0.700000E+01  0.122032796879003E-02
 0.800000E+01  0.820986571193424E-03
 0.900000E+01  0.539733903867318E-03
 0.100000E+02  0.259774719501257E-03
 0.110000E+02  0.171586233808320E-03
 0.120000E+02  0.998300685062542E-04
 0.130000E+02  0.682603796978751E-04
 0.140000E+02  0.440205851641327E-04
 0.150000E+02  0.294948558335621E-04
 0.160000E+02  0.227916235377928E-04
 0.170000E+02  0.157040476099426E-04
 0.180000E+02  0.105030709805157E-04
 0.190000E+02  0.701787617827636E-05
 0.200000E+02  0.503560882630287E-05
 0.210000E+02  0.388752598807009E-05
 0.220000E+02  0.242679310976470E-05
 0.230000E+02  0.196986798313253E-05
 0.240000E+02  0.136750367184829E-05
 0.250000E+02  0.104510825028471E-05
 0.260000E+02  0.824002204813213E-06
 0.270000E+02  0.552434643395046E-06
 0.280000E+02  0.435942553742915E-06
 0.290000E+02  0.329045219490434E-06
 0.300000E+02  0.230032046509051E-06
 0.310000E+02  0.190849667080509E-06
 0.320000E+02  0.128046170570190E-06
 0.330000E+02  0.113351799120197E-06
 0.340000E+02  0.786408068389338E-07
 0.350000E+02  0.627180600513011E-07
 0.360000E+02  0.470688581574112E-07
 0.370000E+02  0.356018378285640E-07
 0.380000E+02  0.297023584198705E-07
 0.390000E+02  0.229563405287913E-07
 0.400000E+02  0.188295533971655E-07
 0.410000E+02  0.167503694197418E-07
 0.420000E+02  0.108044997239847E-07
 0.430000E+02  0.879170432052765E-09
 0.440000E+02  0.000000000000000E+00
 0.450000E+02  0.000000000000000E+00
 0.460000E+02  0.000000000000000E+00
 0.470000E+02  0.000000000000000E+00
 0.480000E+02  0.000000000000000E+00
 0.490000E+02  0.000000000000000E+00
 0.500000E+02  0.000000000000000E+00
 0.510000E+02  0.000000000000000E+00
 0.520000E+02  0.000000000000000E+00
 0.530000E+02  0.000000000000000E+00
 0.540000E+02  0.000000000000000E+00
 0.550000E+02  0.000000000000000E+00
 0.560000E+02  0.000000000000000E+00
 0.570000E+02  0.000000000000000E+00
 0.580000E+02  0.000000000000000E+00
 0.590000E+02  0.000000000000000E+00
 0.600000E+02  0.000000000000000E+00
 0.610000E+02  0.000000000000000E+00
 0.620000E+02  0.000000000000000E+00
 0.630000E+02  0.000000000000000E+00
 0.640000E+02  0.000000000000000E+00
 0.650000E+02  0.000000000000000E+00
