 0.100000E+01  0.387781883444404E+00
 0.200000E+01  0.843073124442526E-01
 0.300000E+01  0.417345055458327E-01
 0.400000E+01  0.276478107203957E-01
 0.500000E+01  0.240302343613337E-01
 0.600000E+01  0.131751125399155E-01
 0.700000E+01  0.970492586609062E-02
 0.800000E+01  0.750860726950053E-02
 0.900000E+01  0.731024776735989E-02
 0.100000E+02  0.223105735749929E-02
 0.110000E+02  0.000000000000000E+00
 0.120000E+02  0.000000000000000E+00
 0.130000E+02  0.000000000000000E+00
 0.140000E+02  0.000000000000000E+00
 0.150000E+02  0.000000000000000E+00
 0.160000E+02  0.000000000000000E+00
 0.170000E+02  0.000000000000000E+00
 0.180000E+02  0.000000000000000E+00
 0.190000E+02  0.000000000000000E+00
 0.200000E+02  0.000000000000000E+00
 0.210000E+02  0.000000000000000E+00
 0.220000E+02  0.000000000000000E+00
 0.230000E+02  0.000000000000000E+00
 0.240000E+02  0.000000000000000E+00
 0.250000E+02  0.000000000000000E+00
 0.260000E+02  0.000000000000000E+00
 0.270000E+02  0.000000000000000E+00
 0.280000E+02  0.000000000000000E+00
 0.290000E+02  0.000000000000000E+00
 0.300000E+02  0.000000000000000E+00
 0.310000E+02  0.000000000000000E+00
 0.320000E+02  0.000000000000000E+00
 0.330000E+02  0.000000000000000E+00
 0.340000E+02  0.000000000000000E+00
 0.350000E+02  0.000000000000000E+00
 0.360000E+02  0.000000000000000E+00
 0.370000E+02  0.000000000000000E+00
 0.380000E+02  0.000000000000000E+00
 0.390000E+02  0.000000000000000E+00
 0.400000E+02  0.000000000000000E+00
 0.410000E+02  0.000000000000000E+00
 0.420000E+02  0.000000000000000E+00
 0.430000E+02  0.000000000000000E+00
 0.440000E+02  0.000000000000000E+00
 0.450000E+02  0.000000000000000E+00
 0.460000E+02  0.000000000000000E+00
 0.470000E+02  0.000000000000000E+00
 0.480000E+02  0.000000000000000E+00
 0.490000E+02  0.000000000000000E+00
 0.500000E+02  0.000000000000000E+00
 0.510000E+02  0.000000000000000E+00
 0.520000E+02  0.000000000000000E+00
 0.530000E+02  0.000000000000000E+00
 0.540000E+02  0.000000000000000E+00
 0.550000E+02  0.000000000000000E+00
 0.560000E+02  0.000000000000000E+00
 0.570000E+02  0.000000000000000E+00
 0.580000E+02  0.000000000000000E+00
 0.590000E+02  0.000000000000000E+00
 0.600000E+02  0.000000000000000E+00
 0.610000E+02  0.000000000000000E+00
 0.620000E+02  0.000000000000000E+00
 0.630000E+02  0.000000000000000E+00
 0.640000E+02  0.000000000000000E+00
 0.650000E+02  0.000000000000000E+00
