 0.100000E+01  0.371114088920876E+00
 0.200000E+01  0.106094005592240E+00
 0.300000E+01  0.402744798248023E-01
 0.400000E+01  0.316557053294844E-01
 0.500000E+01  0.252931824922058E-01
 0.600000E+01  0.137231692830682E-01
 0.700000E+01  0.101923091639797E-01
 0.800000E+01  0.720642787205561E-02
 0.900000E+01  0.583949965240627E-02
 0.100000E+02  0.336399407561405E-02
 0.110000E+02  0.203089978765791E-02
 0.120000E+02  0.135423514855354E-02
 0.130000E+02  0.897660264966689E-03
 0.140000E+02  0.610074793478344E-03
 0.150000E+02  0.403775376859633E-03
 0.160000E+02  0.308940236840517E-03
 0.170000E+02  0.219237982741607E-03
 0.180000E+02  0.151883086091517E-03
 0.190000E+02  0.104579646126808E-03
 0.200000E+02  0.824157060160102E-04
 0.210000E+02  0.613236447259561E-04
 0.220000E+02  0.426509947342947E-04
 0.230000E+02  0.323846870672136E-04
 0.240000E+02  0.234761303068531E-04
 0.250000E+02  0.184960354959608E-04
 0.260000E+02  0.135449205702731E-04
 0.270000E+02  0.975263845350287E-05
 0.280000E+02  0.766987206932341E-05
 0.290000E+02  0.578385673983117E-05
 0.300000E+02  0.442019299392202E-05
 0.310000E+02  0.345309509022319E-05
 0.320000E+02  0.261269540764122E-05
 0.330000E+02  0.206171216699043E-05
 0.340000E+02  0.161417005455499E-05
 0.350000E+02  0.120382289913496E-05
 0.360000E+02  0.910159420733600E-06
 0.370000E+02  0.686244507176561E-06
 0.380000E+02  0.488230321260096E-06
 0.390000E+02  0.354149183928746E-06
 0.400000E+02  0.254301774931802E-06
 0.410000E+02  0.173613288717729E-06
 0.420000E+02  0.113693936234750E-06
 0.430000E+02  0.691511280181967E-08
 0.440000E+02  0.000000000000000E+00
 0.450000E+02  0.000000000000000E+00
 0.460000E+02  0.000000000000000E+00
 0.470000E+02  0.000000000000000E+00
 0.480000E+02  0.000000000000000E+00
 0.490000E+02  0.000000000000000E+00
 0.500000E+02  0.000000000000000E+00
 0.510000E+02  0.000000000000000E+00
 0.520000E+02  0.000000000000000E+00
 0.530000E+02  0.000000000000000E+00
 0.540000E+02  0.000000000000000E+00
 0.550000E+02  0.000000000000000E+00
 0.560000E+02  0.000000000000000E+00
 0.570000E+02  0.000000000000000E+00
 0.580000E+02  0.000000000000000E+00
 0.590000E+02  0.000000000000000E+00
 0.600000E+02  0.000000000000000E+00
 0.610000E+02  0.000000000000000E+00
 0.620000E+02  0.000000000000000E+00
 0.630000E+02  0.000000000000000E+00
 0.640000E+02  0.000000000000000E+00
 0.650000E+02  0.000000000000000E+00
