 0.100000E+01  0.187915205817262E+00
 0.200000E+01  0.259301559444793E-01
 0.300000E+01  0.990944857444731E-02
 0.400000E+01  0.610229551450847E-02
 0.500000E+01  0.356978938127366E-02
 0.600000E+01  0.215935864139863E-02
 0.700000E+01  0.854735034512497E-03
 0.800000E+01  0.477663936093303E-03
 0.900000E+01  0.290022576098757E-03
 0.100000E+02  0.161861968020207E-03
 0.110000E+02  0.955554377976187E-04
 0.120000E+02  0.615173014115799E-04
 0.130000E+02  0.377321862193897E-04
 0.140000E+02  0.254716668682062E-04
 0.150000E+02  0.166487538748199E-04
 0.160000E+02  0.112633349652794E-04
 0.170000E+02  0.770899885473616E-05
 0.180000E+02  0.519581744844058E-05
 0.190000E+02  0.356744019333417E-05
 0.200000E+02  0.251100351117924E-05
 0.210000E+02  0.209007644786136E-05
 0.220000E+02  0.126915715482789E-05
 0.230000E+02  0.953158596787516E-06
 0.240000E+02  0.717763409120538E-06
 0.250000E+02  0.518818477270633E-06
 0.260000E+02  0.417379351386640E-06
 0.270000E+02  0.271851940720802E-06
 0.280000E+02  0.220200919225152E-06
 0.290000E+02  0.153998967329423E-06
 0.300000E+02  0.117638636069125E-06
 0.310000E+02  0.865204502945984E-07
 0.320000E+02  0.584489178740517E-07
 0.330000E+02  0.494024826060819E-07
 0.340000E+02  0.348406173276502E-07
 0.350000E+02  0.259206801189102E-07
 0.360000E+02  0.201552268369243E-07
 0.370000E+02  0.143220627515028E-07
 0.380000E+02  0.118377332138389E-07
 0.390000E+02  0.859588695584505E-08
 0.400000E+02  0.693536268974957E-08
 0.410000E+02  0.544954055778087E-08
 0.420000E+02  0.489140527696269E-08
 0.430000E+02  0.534666717112920E-09
 0.440000E+02  0.000000000000000E+00
 0.450000E+02  0.000000000000000E+00
 0.460000E+02  0.000000000000000E+00
 0.470000E+02  0.000000000000000E+00
 0.480000E+02  0.000000000000000E+00
 0.490000E+02  0.000000000000000E+00
 0.500000E+02  0.000000000000000E+00
 0.510000E+02  0.000000000000000E+00
 0.520000E+02  0.000000000000000E+00
 0.530000E+02  0.000000000000000E+00
 0.540000E+02  0.000000000000000E+00
 0.550000E+02  0.000000000000000E+00
 0.560000E+02  0.000000000000000E+00
 0.570000E+02  0.000000000000000E+00
 0.580000E+02  0.000000000000000E+00
 0.590000E+02  0.000000000000000E+00
 0.600000E+02  0.000000000000000E+00
 0.610000E+02  0.000000000000000E+00
 0.620000E+02  0.000000000000000E+00
 0.630000E+02  0.000000000000000E+00
 0.640000E+02  0.000000000000000E+00
 0.650000E+02  0.000000000000000E+00
