 0.100000E+01  0.187634037392854E+00
 0.200000E+01  0.264106975993741E-01
 0.300000E+01  0.100384540768204E-01
 0.400000E+01  0.716775571271855E-02
 0.500000E+01  0.393537454839918E-02
 0.600000E+01  0.217188227037353E-02
 0.700000E+01  0.938105359894526E-03
 0.800000E+01  0.491989907268005E-03
 0.900000E+01  0.346102811155665E-03
 0.100000E+02  0.187607312621654E-03
 0.110000E+02  0.108123411590872E-03
 0.120000E+02  0.689045405160448E-04
 0.130000E+02  0.499343694855984E-04
 0.140000E+02  0.285808759521842E-04
 0.150000E+02  0.177817485679945E-04
 0.160000E+02  0.132800735871907E-04
 0.170000E+02  0.933371515890535E-05
 0.180000E+02  0.634346548941755E-05
 0.190000E+02  0.450864598492761E-05
 0.200000E+02  0.330866768105215E-05
 0.210000E+02  0.268773906209342E-05
 0.220000E+02  0.175824279654349E-05
 0.230000E+02  0.134198157060220E-05
 0.240000E+02  0.100879857496429E-05
 0.250000E+02  0.779293587389606E-06
 0.260000E+02  0.594783614355100E-06
 0.270000E+02  0.384886947581511E-06
 0.280000E+02  0.317475370724958E-06
 0.290000E+02  0.216384754168169E-06
 0.300000E+02  0.169022707166572E-06
 0.310000E+02  0.127702758472264E-06
 0.320000E+02  0.893115572080831E-07
 0.330000E+02  0.746573845119062E-07
 0.340000E+02  0.526680136248590E-07
 0.350000E+02  0.406710508611419E-07
 0.360000E+02  0.301506825453247E-07
 0.370000E+02  0.221192998179183E-07
 0.380000E+02  0.177876058126150E-07
 0.390000E+02  0.129935947418406E-07
 0.400000E+02  0.110773780859440E-07
 0.410000E+02  0.913339175124391E-08
 0.420000E+02  0.777989333212422E-08
 0.430000E+02  0.615101863198655E-09
 0.440000E+02  0.000000000000000E+00
 0.450000E+02  0.000000000000000E+00
 0.460000E+02  0.000000000000000E+00
 0.470000E+02  0.000000000000000E+00
 0.480000E+02  0.000000000000000E+00
 0.490000E+02  0.000000000000000E+00
 0.500000E+02  0.000000000000000E+00
 0.510000E+02  0.000000000000000E+00
 0.520000E+02  0.000000000000000E+00
 0.530000E+02  0.000000000000000E+00
 0.540000E+02  0.000000000000000E+00
 0.550000E+02  0.000000000000000E+00
 0.560000E+02  0.000000000000000E+00
 0.570000E+02  0.000000000000000E+00
 0.580000E+02  0.000000000000000E+00
 0.590000E+02  0.000000000000000E+00
 0.600000E+02  0.000000000000000E+00
 0.610000E+02  0.000000000000000E+00
 0.620000E+02  0.000000000000000E+00
 0.630000E+02  0.000000000000000E+00
 0.640000E+02  0.000000000000000E+00
 0.650000E+02  0.000000000000000E+00
