 0.100000E+01  0.213828423991799E+00
 0.200000E+01  0.345531022161367E-01
 0.300000E+01  0.110344448355306E-01
 0.400000E+01  0.121753459903842E-01
 0.500000E+01  0.548602604862397E-02
 0.600000E+01  0.271863611609951E-02
 0.700000E+01  0.191898117104184E-02
 0.800000E+01  0.127404684060955E-02
 0.900000E+01  0.854835864007040E-03
 0.100000E+02  0.422127192775827E-03
 0.110000E+02  0.245213737059637E-03
 0.120000E+02  0.166764646433676E-03
 0.130000E+02  0.127442024167885E-03
 0.140000E+02  0.786199638405071E-04
 0.150000E+02  0.515268875507088E-04
 0.160000E+02  0.394335745282787E-04
 0.170000E+02  0.273855329932517E-04
 0.180000E+02  0.179975884238984E-04
 0.190000E+02  0.131047204172853E-04
 0.200000E+02  0.927511897463589E-05
 0.210000E+02  0.701711093821818E-05
 0.220000E+02  0.474536156835484E-05
 0.230000E+02  0.356404157851739E-05
 0.240000E+02  0.258023167577521E-05
 0.250000E+02  0.192034634239629E-05
 0.260000E+02  0.151237465058126E-05
 0.270000E+02  0.104803980673016E-05
 0.280000E+02  0.836229603181106E-06
 0.290000E+02  0.630624442427130E-06
 0.300000E+02  0.455653485497898E-06
 0.310000E+02  0.366298199536465E-06
 0.320000E+02  0.266282888665004E-06
 0.330000E+02  0.212008055652077E-06
 0.340000E+02  0.161821862280788E-06
 0.350000E+02  0.119454764413438E-06
 0.360000E+02  0.953157461428201E-07
 0.370000E+02  0.712240389248705E-07
 0.380000E+02  0.559481549770167E-07
 0.390000E+02  0.437353161478184E-07
 0.400000E+02  0.322960696290709E-07
 0.410000E+02  0.228300890484563E-07
 0.420000E+02  0.168835063540072E-07
 0.430000E+02  0.119116182008597E-08
 0.440000E+02  0.000000000000000E+00
 0.450000E+02  0.000000000000000E+00
 0.460000E+02  0.000000000000000E+00
 0.470000E+02  0.000000000000000E+00
 0.480000E+02  0.000000000000000E+00
 0.490000E+02  0.000000000000000E+00
 0.500000E+02  0.000000000000000E+00
 0.510000E+02  0.000000000000000E+00
 0.520000E+02  0.000000000000000E+00
 0.530000E+02  0.000000000000000E+00
 0.540000E+02  0.000000000000000E+00
 0.550000E+02  0.000000000000000E+00
 0.560000E+02  0.000000000000000E+00
 0.570000E+02  0.000000000000000E+00
 0.580000E+02  0.000000000000000E+00
 0.590000E+02  0.000000000000000E+00
 0.600000E+02  0.000000000000000E+00
 0.610000E+02  0.000000000000000E+00
 0.620000E+02  0.000000000000000E+00
 0.630000E+02  0.000000000000000E+00
 0.640000E+02  0.000000000000000E+00
 0.650000E+02  0.000000000000000E+00
