 0.100000E+01  0.242090233979980E+00
 0.200000E+01  0.311454880024939E-01
 0.300000E+01  0.129826467455656E-01
 0.400000E+01  0.123395647240341E-01
 0.500000E+01  0.776364486247894E-02
 0.600000E+01  0.461203734624815E-02
 0.700000E+01  0.271151742615588E-02
 0.800000E+01  0.151763445425692E-02
 0.900000E+01  0.108444940629512E-02
 0.100000E+02  0.626362714343196E-03
 0.110000E+02  0.440333003239431E-03
 0.120000E+02  0.286659519860859E-03
 0.130000E+02  0.205268562748497E-03
 0.140000E+02  0.142343009505359E-03
 0.150000E+02  0.892832862300683E-04
 0.160000E+02  0.683583419425804E-04
 0.170000E+02  0.489857971566743E-04
 0.180000E+02  0.337074641179585E-04
 0.190000E+02  0.223791966934664E-04
 0.200000E+02  0.180710265877118E-04
 0.210000E+02  0.136845448075449E-04
 0.220000E+02  0.924209886572749E-05
 0.230000E+02  0.722912918228884E-05
 0.240000E+02  0.531060812116237E-05
 0.250000E+02  0.403514082455551E-05
 0.260000E+02  0.308710068634457E-05
 0.270000E+02  0.224827424715948E-05
 0.280000E+02  0.178131066505431E-05
 0.290000E+02  0.133441469423900E-05
 0.300000E+02  0.100344538624271E-05
 0.310000E+02  0.763403154755913E-06
 0.320000E+02  0.567631553991279E-06
 0.330000E+02  0.444297280712210E-06
 0.340000E+02  0.344428446610756E-06
 0.350000E+02  0.245678203634313E-06
 0.360000E+02  0.191317204794976E-06
 0.370000E+02  0.135431387044414E-06
 0.380000E+02  0.107179485222273E-06
 0.390000E+02  0.755602554150977E-07
 0.400000E+02  0.569621471505961E-07
 0.410000E+02  0.417152796909780E-07
 0.420000E+02  0.283507724676692E-07
 0.430000E+02  0.211673314320275E-08
 0.440000E+02  0.000000000000000E+00
 0.450000E+02  0.000000000000000E+00
 0.460000E+02  0.000000000000000E+00
 0.470000E+02  0.000000000000000E+00
 0.480000E+02  0.000000000000000E+00
 0.490000E+02  0.000000000000000E+00
 0.500000E+02  0.000000000000000E+00
 0.510000E+02  0.000000000000000E+00
 0.520000E+02  0.000000000000000E+00
 0.530000E+02  0.000000000000000E+00
 0.540000E+02  0.000000000000000E+00
 0.550000E+02  0.000000000000000E+00
 0.560000E+02  0.000000000000000E+00
 0.570000E+02  0.000000000000000E+00
 0.580000E+02  0.000000000000000E+00
 0.590000E+02  0.000000000000000E+00
 0.600000E+02  0.000000000000000E+00
 0.610000E+02  0.000000000000000E+00
 0.620000E+02  0.000000000000000E+00
 0.630000E+02  0.000000000000000E+00
 0.640000E+02  0.000000000000000E+00
 0.650000E+02  0.000000000000000E+00
