 0.100000E+01  0.223403395764763E+00
 0.200000E+01  0.315197169198882E-01
 0.300000E+01  0.122415891592595E-01
 0.400000E+01  0.115996054860616E-01
 0.500000E+01  0.643594358769040E-02
 0.600000E+01  0.336839997786131E-02
 0.700000E+01  0.218127902572053E-02
 0.800000E+01  0.126138248547097E-02
 0.900000E+01  0.858418569977327E-03
 0.100000E+02  0.499625627285752E-03
 0.110000E+02  0.333559923293569E-03
 0.120000E+02  0.216212664458256E-03
 0.130000E+02  0.159786708230528E-03
 0.140000E+02  0.107663679056679E-03
 0.150000E+02  0.633209576781588E-04
 0.160000E+02  0.511781785652833E-04
 0.170000E+02  0.384662104520255E-04
 0.180000E+02  0.247379685778637E-04
 0.190000E+02  0.177792445298948E-04
 0.200000E+02  0.141978058077374E-04
 0.210000E+02  0.105732666276470E-04
 0.220000E+02  0.729535939529237E-05
 0.230000E+02  0.538123367127926E-05
 0.240000E+02  0.411409990809572E-05
 0.250000E+02  0.319185593224326E-05
 0.260000E+02  0.243961837322025E-05
 0.270000E+02  0.171270230038815E-05
 0.280000E+02  0.134299239377881E-05
 0.290000E+02  0.103686947755774E-05
 0.300000E+02  0.773357674137902E-06
 0.310000E+02  0.601681002005601E-06
 0.320000E+02  0.436395988204449E-06
 0.330000E+02  0.359725296663389E-06
 0.340000E+02  0.270402815017395E-06
 0.350000E+02  0.201506730446931E-06
 0.360000E+02  0.167928391401615E-06
 0.370000E+02  0.124935898903419E-06
 0.380000E+02  0.996487472475748E-07
 0.390000E+02  0.787337754951943E-07
 0.400000E+02  0.578316853140426E-07
 0.410000E+02  0.456029956640272E-07
 0.420000E+02  0.258073923070386E-07
 0.430000E+02  0.122928215301249E-08
 0.440000E+02  0.000000000000000E+00
 0.450000E+02  0.000000000000000E+00
 0.460000E+02  0.000000000000000E+00
 0.470000E+02  0.000000000000000E+00
 0.480000E+02  0.000000000000000E+00
 0.490000E+02  0.000000000000000E+00
 0.500000E+02  0.000000000000000E+00
 0.510000E+02  0.000000000000000E+00
 0.520000E+02  0.000000000000000E+00
 0.530000E+02  0.000000000000000E+00
 0.540000E+02  0.000000000000000E+00
 0.550000E+02  0.000000000000000E+00
 0.560000E+02  0.000000000000000E+00
 0.570000E+02  0.000000000000000E+00
 0.580000E+02  0.000000000000000E+00
 0.590000E+02  0.000000000000000E+00
 0.600000E+02  0.000000000000000E+00
 0.610000E+02  0.000000000000000E+00
 0.620000E+02  0.000000000000000E+00
 0.630000E+02  0.000000000000000E+00
 0.640000E+02  0.000000000000000E+00
 0.650000E+02  0.000000000000000E+00
