 0.100000E+01  0.234501569539134E+00
 0.200000E+01  0.306154225677346E-01
 0.300000E+01  0.121191006588788E-01
 0.400000E+01  0.131272049450457E-01
 0.500000E+01  0.675988223441808E-02
 0.600000E+01  0.433558900175011E-02
 0.700000E+01  0.258819543478593E-02
 0.800000E+01  0.149148080935402E-02
 0.900000E+01  0.108577939580550E-02
 0.100000E+02  0.595153058677192E-03
 0.110000E+02  0.390618973715505E-03
 0.120000E+02  0.266212186475261E-03
 0.130000E+02  0.186361570073196E-03
 0.140000E+02  0.138857318511957E-03
 0.150000E+02  0.877113653116504E-04
 0.160000E+02  0.682547263310376E-04
 0.170000E+02  0.487715996995167E-04
 0.180000E+02  0.334076742847126E-04
 0.190000E+02  0.230549864242288E-04
 0.200000E+02  0.159402727176858E-04
 0.210000E+02  0.129318110177898E-04
 0.220000E+02  0.863799510344096E-05
 0.230000E+02  0.632582851101354E-05
 0.240000E+02  0.470942094285719E-05
 0.250000E+02  0.360490305306333E-05
 0.260000E+02  0.258775049067442E-05
 0.270000E+02  0.188862839096898E-05
 0.280000E+02  0.148266248834543E-05
 0.290000E+02  0.108039649876339E-05
 0.300000E+02  0.804950884374120E-06
 0.310000E+02  0.646939756126096E-06
 0.320000E+02  0.470834139242206E-06
 0.330000E+02  0.382631590832489E-06
 0.340000E+02  0.282199580017211E-06
 0.350000E+02  0.213874851280055E-06
 0.360000E+02  0.166555758960013E-06
 0.370000E+02  0.127472155665047E-06
 0.380000E+02  0.103427158443986E-06
 0.390000E+02  0.794433791819981E-07
 0.400000E+02  0.651310986090212E-07
 0.410000E+02  0.509595376937088E-07
 0.420000E+02  0.387786983253659E-07
 0.430000E+02  0.265867436187006E-08
 0.440000E+02  0.000000000000000E+00
 0.450000E+02  0.000000000000000E+00
 0.460000E+02  0.000000000000000E+00
 0.470000E+02  0.000000000000000E+00
 0.480000E+02  0.000000000000000E+00
 0.490000E+02  0.000000000000000E+00
 0.500000E+02  0.000000000000000E+00
 0.510000E+02  0.000000000000000E+00
 0.520000E+02  0.000000000000000E+00
 0.530000E+02  0.000000000000000E+00
 0.540000E+02  0.000000000000000E+00
 0.550000E+02  0.000000000000000E+00
 0.560000E+02  0.000000000000000E+00
 0.570000E+02  0.000000000000000E+00
 0.580000E+02  0.000000000000000E+00
 0.590000E+02  0.000000000000000E+00
 0.600000E+02  0.000000000000000E+00
 0.610000E+02  0.000000000000000E+00
 0.620000E+02  0.000000000000000E+00
 0.630000E+02  0.000000000000000E+00
 0.640000E+02  0.000000000000000E+00
 0.650000E+02  0.000000000000000E+00
