 0.100000E+01  0.259560255733959E+00
 0.200000E+01  0.309891835506164E-01
 0.300000E+01  0.168250053284993E-01
 0.400000E+01  0.154560688691854E-01
 0.500000E+01  0.981055118017871E-02
 0.600000E+01  0.516754624803095E-02
 0.700000E+01  0.297631224755842E-02
 0.800000E+01  0.174779997890117E-02
 0.900000E+01  0.134037279622311E-02
 0.100000E+02  0.701652817453246E-03
 0.110000E+02  0.492494901771743E-03
 0.120000E+02  0.380981507956796E-03
 0.130000E+02  0.265556889295624E-03
 0.140000E+02  0.183933300186627E-03
 0.150000E+02  0.128897452084204E-03
 0.160000E+02  0.970515887321309E-04
 0.170000E+02  0.685741157704714E-04
 0.180000E+02  0.494893130772930E-04
 0.190000E+02  0.341866191634526E-04
 0.200000E+02  0.255093194657355E-04
 0.210000E+02  0.195554321773859E-04
 0.220000E+02  0.145179354777978E-04
 0.230000E+02  0.107536698742847E-04
 0.240000E+02  0.830831459094805E-05
 0.250000E+02  0.644765871283305E-05
 0.260000E+02  0.515223249345067E-05
 0.270000E+02  0.352404251284274E-05
 0.280000E+02  0.290982214270356E-05
 0.290000E+02  0.215842602253349E-05
 0.300000E+02  0.172665660859964E-05
 0.310000E+02  0.133724017415533E-05
 0.320000E+02  0.104728610457514E-05
 0.330000E+02  0.817520679362882E-06
 0.340000E+02  0.649176333602654E-06
 0.350000E+02  0.494294958384722E-06
 0.360000E+02  0.405664884791227E-06
 0.370000E+02  0.309907563200990E-06
 0.380000E+02  0.257314555939293E-06
 0.390000E+02  0.206153450016627E-06
 0.400000E+02  0.159386931679699E-06
 0.410000E+02  0.131769629860611E-06
 0.420000E+02  0.103941193988298E-06
 0.430000E+02  0.522493260571473E-08
 0.440000E+02  0.000000000000000E+00
 0.450000E+02  0.000000000000000E+00
 0.460000E+02  0.000000000000000E+00
 0.470000E+02  0.000000000000000E+00
 0.480000E+02  0.000000000000000E+00
 0.490000E+02  0.000000000000000E+00
 0.500000E+02  0.000000000000000E+00
 0.510000E+02  0.000000000000000E+00
 0.520000E+02  0.000000000000000E+00
 0.530000E+02  0.000000000000000E+00
 0.540000E+02  0.000000000000000E+00
 0.550000E+02  0.000000000000000E+00
 0.560000E+02  0.000000000000000E+00
 0.570000E+02  0.000000000000000E+00
 0.580000E+02  0.000000000000000E+00
 0.590000E+02  0.000000000000000E+00
 0.600000E+02  0.000000000000000E+00
 0.610000E+02  0.000000000000000E+00
 0.620000E+02  0.000000000000000E+00
 0.630000E+02  0.000000000000000E+00
 0.640000E+02  0.000000000000000E+00
 0.650000E+02  0.000000000000000E+00
