 0.100000E+01  0.379875454818830E+00
 0.200000E+01  0.932259327985321E-01
 0.300000E+01  0.353465628132881E-01
 0.400000E+01  0.295097468804215E-01
 0.500000E+01  0.198399107922231E-01
 0.600000E+01  0.123342293155386E-01
 0.700000E+01  0.889086666921024E-02
 0.800000E+01  0.653522661055561E-02
 0.900000E+01  0.514310879928963E-02
 0.100000E+02  0.340727377744265E-02
 0.110000E+02  0.241477217983292E-02
 0.120000E+02  0.197179402746905E-02
 0.130000E+02  0.155363777786822E-02
 0.140000E+02  0.109928965251566E-02
 0.150000E+02  0.763060553114051E-03
 0.160000E+02  0.647725413795610E-03
 0.170000E+02  0.512293831218746E-03
 0.180000E+02  0.400191017261094E-03
 0.190000E+02  0.285955787345294E-03
 0.200000E+02  0.239378553756351E-03
 0.210000E+02  0.186683640743444E-03
 0.220000E+02  0.148619558510043E-03
 0.230000E+02  0.114423762390900E-03
 0.240000E+02  0.937741455181037E-04
 0.250000E+02  0.780469989488638E-04
 0.260000E+02  0.627990796697431E-04
 0.270000E+02  0.494803185074966E-04
 0.280000E+02  0.403825515235630E-04
 0.290000E+02  0.325589296884549E-04
 0.300000E+02  0.262007330275396E-04
 0.310000E+02  0.210774741037344E-04
 0.320000E+02  0.166394378315607E-04
 0.330000E+02  0.138980130192488E-04
 0.340000E+02  0.110201596830691E-04
 0.350000E+02  0.858442412692642E-05
 0.360000E+02  0.712339570189668E-05
 0.370000E+02  0.557790465173363E-05
 0.380000E+02  0.450810577516692E-05
 0.390000E+02  0.352477371274537E-05
 0.400000E+02  0.283714593741974E-05
 0.410000E+02  0.204889792849769E-05
 0.420000E+02  0.130635389402551E-05
 0.430000E+02  0.848496640518115E-07
 0.440000E+02  0.000000000000000E+00
 0.450000E+02  0.000000000000000E+00
 0.460000E+02  0.000000000000000E+00
 0.470000E+02  0.000000000000000E+00
 0.480000E+02  0.000000000000000E+00
 0.490000E+02  0.000000000000000E+00
 0.500000E+02  0.000000000000000E+00
 0.510000E+02  0.000000000000000E+00
 0.520000E+02  0.000000000000000E+00
 0.530000E+02  0.000000000000000E+00
 0.540000E+02  0.000000000000000E+00
 0.550000E+02  0.000000000000000E+00
 0.560000E+02  0.000000000000000E+00
 0.570000E+02  0.000000000000000E+00
 0.580000E+02  0.000000000000000E+00
 0.590000E+02  0.000000000000000E+00
 0.600000E+02  0.000000000000000E+00
 0.610000E+02  0.000000000000000E+00
 0.620000E+02  0.000000000000000E+00
 0.630000E+02  0.000000000000000E+00
 0.640000E+02  0.000000000000000E+00
 0.650000E+02  0.000000000000000E+00
