 0.100000E+01  0.270152889992460E+00
 0.200000E+01  0.407406447507128E-01
 0.300000E+01  0.188634030854473E-01
 0.400000E+01  0.207517227601386E-01
 0.500000E+01  0.110413331712209E-01
 0.600000E+01  0.616573854899460E-02
 0.700000E+01  0.362512844667506E-02
 0.800000E+01  0.261380041149051E-02
 0.900000E+01  0.205440448474965E-02
 0.100000E+02  0.124455893482904E-02
 0.110000E+02  0.835136329507141E-03
 0.120000E+02  0.602097904088095E-03
 0.130000E+02  0.478091294146940E-03
 0.140000E+02  0.366300387310722E-03
 0.150000E+02  0.237973297814174E-03
 0.160000E+02  0.199010863180589E-03
 0.170000E+02  0.152231726256629E-03
 0.180000E+02  0.111604306005558E-03
 0.190000E+02  0.783297553086927E-04
 0.200000E+02  0.619701433281326E-04
 0.210000E+02  0.494139188878173E-04
 0.220000E+02  0.350323973707510E-04
 0.230000E+02  0.266660786878059E-04
 0.240000E+02  0.207443785734566E-04
 0.250000E+02  0.161982661410591E-04
 0.260000E+02  0.127923963377274E-04
 0.270000E+02  0.937368500366506E-05
 0.280000E+02  0.729310236322711E-05
 0.290000E+02  0.559590626546253E-05
 0.300000E+02  0.434407683453905E-05
 0.310000E+02  0.340712560926068E-05
 0.320000E+02  0.253026767493042E-05
 0.330000E+02  0.214360891520054E-05
 0.340000E+02  0.165606535227943E-05
 0.350000E+02  0.126030646473984E-05
 0.360000E+02  0.964894992282264E-06
 0.370000E+02  0.714901370546291E-06
 0.380000E+02  0.567957232623687E-06
 0.390000E+02  0.449033640349821E-06
 0.400000E+02  0.346499090742712E-06
 0.410000E+02  0.274195873867360E-06
 0.420000E+02  0.228942154892302E-06
 0.430000E+02  0.221348846717040E-07
 0.440000E+02  0.000000000000000E+00
 0.450000E+02  0.000000000000000E+00
 0.460000E+02  0.000000000000000E+00
 0.470000E+02  0.000000000000000E+00
 0.480000E+02  0.000000000000000E+00
 0.490000E+02  0.000000000000000E+00
 0.500000E+02  0.000000000000000E+00
 0.510000E+02  0.000000000000000E+00
 0.520000E+02  0.000000000000000E+00
 0.530000E+02  0.000000000000000E+00
 0.540000E+02  0.000000000000000E+00
 0.550000E+02  0.000000000000000E+00
 0.560000E+02  0.000000000000000E+00
 0.570000E+02  0.000000000000000E+00
 0.580000E+02  0.000000000000000E+00
 0.590000E+02  0.000000000000000E+00
 0.600000E+02  0.000000000000000E+00
 0.610000E+02  0.000000000000000E+00
 0.620000E+02  0.000000000000000E+00
 0.630000E+02  0.000000000000000E+00
 0.640000E+02  0.000000000000000E+00
 0.650000E+02  0.000000000000000E+00
