 0.100000E+01  0.193260507629020E+00
 0.200000E+01  0.285215055031358E-01
 0.300000E+01  0.106775853544576E-01
 0.400000E+01  0.769255853736794E-02
 0.500000E+01  0.442985802585960E-02
 0.600000E+01  0.234849219948739E-02
 0.700000E+01  0.970701531738140E-03
 0.800000E+01  0.607700652079375E-03
 0.900000E+01  0.415389893855978E-03
 0.100000E+02  0.229680534576512E-03
 0.110000E+02  0.120992344855018E-03
 0.120000E+02  0.829817906829523E-04
 0.130000E+02  0.603137428991950E-04
 0.140000E+02  0.378063175957454E-04
 0.150000E+02  0.227857810621741E-04
 0.160000E+02  0.186213536304452E-04
 0.170000E+02  0.121946648654823E-04
 0.180000E+02  0.816289474133736E-05
 0.190000E+02  0.544501538538294E-05
 0.200000E+02  0.393747665720874E-05
 0.210000E+02  0.320445797741692E-05
 0.220000E+02  0.193505516456590E-05
 0.230000E+02  0.152288208156074E-05
 0.240000E+02  0.104719181248843E-05
 0.250000E+02  0.789044297466722E-06
 0.260000E+02  0.626635718089982E-06
 0.270000E+02  0.425737900693151E-06
 0.280000E+02  0.334981293819737E-06
 0.290000E+02  0.244590349112462E-06
 0.300000E+02  0.185298954055357E-06
 0.310000E+02  0.145366713602440E-06
 0.320000E+02  0.968041664418321E-07
 0.330000E+02  0.879648933434703E-07
 0.340000E+02  0.600630803676905E-07
 0.350000E+02  0.469364879293516E-07
 0.360000E+02  0.365601091779527E-07
 0.370000E+02  0.259983029473002E-07
 0.380000E+02  0.217823953814220E-07
 0.390000E+02  0.159346665756112E-07
 0.400000E+02  0.139028607866856E-07
 0.410000E+02  0.122583286044800E-07
 0.420000E+02  0.965669757225869E-08
 0.430000E+02  0.605148703079783E-09
 0.440000E+02  0.000000000000000E+00
 0.450000E+02  0.000000000000000E+00
 0.460000E+02  0.000000000000000E+00
 0.470000E+02  0.000000000000000E+00
 0.480000E+02  0.000000000000000E+00
 0.490000E+02  0.000000000000000E+00
 0.500000E+02  0.000000000000000E+00
 0.510000E+02  0.000000000000000E+00
 0.520000E+02  0.000000000000000E+00
 0.530000E+02  0.000000000000000E+00
 0.540000E+02  0.000000000000000E+00
 0.550000E+02  0.000000000000000E+00
 0.560000E+02  0.000000000000000E+00
 0.570000E+02  0.000000000000000E+00
 0.580000E+02  0.000000000000000E+00
 0.590000E+02  0.000000000000000E+00
 0.600000E+02  0.000000000000000E+00
 0.610000E+02  0.000000000000000E+00
 0.620000E+02  0.000000000000000E+00
 0.630000E+02  0.000000000000000E+00
 0.640000E+02  0.000000000000000E+00
 0.650000E+02  0.000000000000000E+00
