 0.100000E+01  0.275632765609771E+00
 0.200000E+01  0.420599646222399E-01
 0.300000E+01  0.222599171991362E-01
 0.400000E+01  0.215855040386881E-01
 0.500000E+01  0.122098544185536E-01
 0.600000E+01  0.609795465173679E-02
 0.700000E+01  0.422606944208259E-02
 0.800000E+01  0.299605987899801E-02
 0.900000E+01  0.212411478355255E-02
 0.100000E+02  0.145387178437588E-02
 0.110000E+02  0.102182324264862E-02
 0.120000E+02  0.795901357878277E-03
 0.130000E+02  0.590051414854592E-03
 0.140000E+02  0.401883037859921E-03
 0.150000E+02  0.269228453955641E-03
 0.160000E+02  0.217815950335904E-03
 0.170000E+02  0.167684475346593E-03
 0.180000E+02  0.130400864095022E-03
 0.190000E+02  0.860937687259364E-04
 0.200000E+02  0.677964866751155E-04
 0.210000E+02  0.535452817314487E-04
 0.220000E+02  0.381574032751400E-04
 0.230000E+02  0.291078241442786E-04
 0.240000E+02  0.221987314358846E-04
 0.250000E+02  0.178433171683123E-04
 0.260000E+02  0.139986052537948E-04
 0.270000E+02  0.105057674789196E-04
 0.280000E+02  0.811567242300600E-05
 0.290000E+02  0.648348085438086E-05
 0.300000E+02  0.494515825804292E-05
 0.310000E+02  0.389471992556315E-05
 0.320000E+02  0.298235959928712E-05
 0.330000E+02  0.230252850579653E-05
 0.340000E+02  0.177710660071741E-05
 0.350000E+02  0.137133628278234E-05
 0.360000E+02  0.106260706539589E-05
 0.370000E+02  0.811523834076242E-06
 0.380000E+02  0.648296675667416E-06
 0.390000E+02  0.482969510966159E-06
 0.400000E+02  0.393707419489690E-06
 0.410000E+02  0.301812149477722E-06
 0.420000E+02  0.200573769076149E-06
 0.430000E+02  0.160272464669450E-07
 0.440000E+02  0.000000000000000E+00
 0.450000E+02  0.000000000000000E+00
 0.460000E+02  0.000000000000000E+00
 0.470000E+02  0.000000000000000E+00
 0.480000E+02  0.000000000000000E+00
 0.490000E+02  0.000000000000000E+00
 0.500000E+02  0.000000000000000E+00
 0.510000E+02  0.000000000000000E+00
 0.520000E+02  0.000000000000000E+00
 0.530000E+02  0.000000000000000E+00
 0.540000E+02  0.000000000000000E+00
 0.550000E+02  0.000000000000000E+00
 0.560000E+02  0.000000000000000E+00
 0.570000E+02  0.000000000000000E+00
 0.580000E+02  0.000000000000000E+00
 0.590000E+02  0.000000000000000E+00
 0.600000E+02  0.000000000000000E+00
 0.610000E+02  0.000000000000000E+00
 0.620000E+02  0.000000000000000E+00
 0.630000E+02  0.000000000000000E+00
 0.640000E+02  0.000000000000000E+00
 0.650000E+02  0.000000000000000E+00
