 0.100000E+01  0.194392651210364E+00
 0.200000E+01  0.296673184091105E-01
 0.300000E+01  0.112614596715019E-01
 0.400000E+01  0.811334297836419E-02
 0.500000E+01  0.503837421669251E-02
 0.600000E+01  0.235391529751685E-02
 0.700000E+01  0.102801137451642E-02
 0.800000E+01  0.623504275106697E-03
 0.900000E+01  0.462105333727418E-03
 0.100000E+02  0.235226195092317E-03
 0.110000E+02  0.137338285164087E-03
 0.120000E+02  0.892948399198004E-04
 0.130000E+02  0.583668095555532E-04
 0.140000E+02  0.413193856872522E-04
 0.150000E+02  0.229748753910852E-04
 0.160000E+02  0.189044890986435E-04
 0.170000E+02  0.120104976067054E-04
 0.180000E+02  0.828935129111874E-05
 0.190000E+02  0.548655469150179E-05
 0.200000E+02  0.397508250491125E-05
 0.210000E+02  0.314225070975293E-05
 0.220000E+02  0.205428623533398E-05
 0.230000E+02  0.155912059084146E-05
 0.240000E+02  0.113562225396515E-05
 0.250000E+02  0.829050973847780E-06
 0.260000E+02  0.657462689034827E-06
 0.270000E+02  0.448806561356645E-06
 0.280000E+02  0.341837445668819E-06
 0.290000E+02  0.253081032962573E-06
 0.300000E+02  0.194612736301948E-06
 0.310000E+02  0.146062209865968E-06
 0.320000E+02  0.102221015894444E-06
 0.330000E+02  0.846452439708032E-07
 0.340000E+02  0.617830124547099E-07
 0.350000E+02  0.449491097185752E-07
 0.360000E+02  0.356216597426680E-07
 0.370000E+02  0.257080699169341E-07
 0.380000E+02  0.208846381886730E-07
 0.390000E+02  0.163633876798633E-07
 0.400000E+02  0.135611941711958E-07
 0.410000E+02  0.123743712482527E-07
 0.420000E+02  0.109671244839363E-07
 0.430000E+02  0.105993357913856E-08
 0.440000E+02  0.000000000000000E+00
 0.450000E+02  0.000000000000000E+00
 0.460000E+02  0.000000000000000E+00
 0.470000E+02  0.000000000000000E+00
 0.480000E+02  0.000000000000000E+00
 0.490000E+02  0.000000000000000E+00
 0.500000E+02  0.000000000000000E+00
 0.510000E+02  0.000000000000000E+00
 0.520000E+02  0.000000000000000E+00
 0.530000E+02  0.000000000000000E+00
 0.540000E+02  0.000000000000000E+00
 0.550000E+02  0.000000000000000E+00
 0.560000E+02  0.000000000000000E+00
 0.570000E+02  0.000000000000000E+00
 0.580000E+02  0.000000000000000E+00
 0.590000E+02  0.000000000000000E+00
 0.600000E+02  0.000000000000000E+00
 0.610000E+02  0.000000000000000E+00
 0.620000E+02  0.000000000000000E+00
 0.630000E+02  0.000000000000000E+00
 0.640000E+02  0.000000000000000E+00
 0.650000E+02  0.000000000000000E+00
