 0.100000E+01  0.275067911075894E+00
 0.200000E+01  0.479001597386741E-01
 0.300000E+01  0.251440731722141E-01
 0.400000E+01  0.238104765160188E-01
 0.500000E+01  0.141206105816423E-01
 0.600000E+01  0.761992069808826E-02
 0.700000E+01  0.507011899506577E-02
 0.800000E+01  0.398518069011358E-02
 0.900000E+01  0.311103136820193E-02
 0.100000E+02  0.200187848851431E-02
 0.110000E+02  0.132852314464081E-02
 0.120000E+02  0.107468389669290E-02
 0.130000E+02  0.803256643437084E-03
 0.140000E+02  0.601918459788883E-03
 0.150000E+02  0.406766882159119E-03
 0.160000E+02  0.347839100889256E-03
 0.170000E+02  0.270825424691278E-03
 0.180000E+02  0.185012655505494E-03
 0.190000E+02  0.134632105332880E-03
 0.200000E+02  0.108480505025997E-03
 0.210000E+02  0.848769811102606E-04
 0.220000E+02  0.650414074778976E-04
 0.230000E+02  0.479142639220276E-04
 0.240000E+02  0.381659576680455E-04
 0.250000E+02  0.303328061710994E-04
 0.260000E+02  0.247896432490097E-04
 0.270000E+02  0.192048897757358E-04
 0.280000E+02  0.153847595089727E-04
 0.290000E+02  0.124667960410327E-04
 0.300000E+02  0.973467491640275E-05
 0.310000E+02  0.752907067268114E-05
 0.320000E+02  0.584429693943526E-05
 0.330000E+02  0.480229109768503E-05
 0.340000E+02  0.375075186211109E-05
 0.350000E+02  0.291837122985608E-05
 0.360000E+02  0.224176485217075E-05
 0.370000E+02  0.181220930216693E-05
 0.380000E+02  0.141688300181302E-05
 0.390000E+02  0.106463928773154E-05
 0.400000E+02  0.861984828554063E-06
 0.410000E+02  0.659347261428356E-06
 0.420000E+02  0.544400940415188E-06
 0.430000E+02  0.615519933962888E-07
 0.440000E+02  0.000000000000000E+00
 0.450000E+02  0.000000000000000E+00
 0.460000E+02  0.000000000000000E+00
 0.470000E+02  0.000000000000000E+00
 0.480000E+02  0.000000000000000E+00
 0.490000E+02  0.000000000000000E+00
 0.500000E+02  0.000000000000000E+00
 0.510000E+02  0.000000000000000E+00
 0.520000E+02  0.000000000000000E+00
 0.530000E+02  0.000000000000000E+00
 0.540000E+02  0.000000000000000E+00
 0.550000E+02  0.000000000000000E+00
 0.560000E+02  0.000000000000000E+00
 0.570000E+02  0.000000000000000E+00
 0.580000E+02  0.000000000000000E+00
 0.590000E+02  0.000000000000000E+00
 0.600000E+02  0.000000000000000E+00
 0.610000E+02  0.000000000000000E+00
 0.620000E+02  0.000000000000000E+00
 0.630000E+02  0.000000000000000E+00
 0.640000E+02  0.000000000000000E+00
 0.650000E+02  0.000000000000000E+00
