 0.100000E+01  0.228878869471373E+00
 0.200000E+01  0.319973747282347E-01
 0.300000E+01  0.130004835825304E-01
 0.400000E+01  0.131153009332046E-01
 0.500000E+01  0.629695170252775E-02
 0.600000E+01  0.368061941782690E-02
 0.700000E+01  0.242048884375076E-02
 0.800000E+01  0.143173297365944E-02
 0.900000E+01  0.102603580688080E-02
 0.100000E+02  0.582540224275510E-03
 0.110000E+02  0.363588138812980E-03
 0.120000E+02  0.243595820534136E-03
 0.130000E+02  0.187710288152730E-03
 0.140000E+02  0.120880300357245E-03
 0.150000E+02  0.753959540173125E-04
 0.160000E+02  0.601490739635668E-04
 0.170000E+02  0.407544832631146E-04
 0.180000E+02  0.294541683232552E-04
 0.190000E+02  0.208733714711780E-04
 0.200000E+02  0.159922687515775E-04
 0.210000E+02  0.120142855212589E-04
 0.220000E+02  0.828935755664748E-05
 0.230000E+02  0.653934553135219E-05
 0.240000E+02  0.485680324099461E-05
 0.250000E+02  0.370522651115222E-05
 0.260000E+02  0.282286947533147E-05
 0.270000E+02  0.201948550619425E-05
 0.280000E+02  0.156883890627019E-05
 0.290000E+02  0.115973335280982E-05
 0.300000E+02  0.850933990016040E-06
 0.310000E+02  0.679295029408575E-06
 0.320000E+02  0.493713154221890E-06
 0.330000E+02  0.407701993962537E-06
 0.340000E+02  0.300530504525910E-06
 0.350000E+02  0.235832987242054E-06
 0.360000E+02  0.188233788892000E-06
 0.370000E+02  0.141022184658328E-06
 0.380000E+02  0.110964736075342E-06
 0.390000E+02  0.835300788516699E-07
 0.400000E+02  0.621535347916221E-07
 0.410000E+02  0.514699946227171E-07
 0.420000E+02  0.373389056581781E-07
 0.430000E+02  0.232018336405223E-08
 0.440000E+02  0.000000000000000E+00
 0.450000E+02  0.000000000000000E+00
 0.460000E+02  0.000000000000000E+00
 0.470000E+02  0.000000000000000E+00
 0.480000E+02  0.000000000000000E+00
 0.490000E+02  0.000000000000000E+00
 0.500000E+02  0.000000000000000E+00
 0.510000E+02  0.000000000000000E+00
 0.520000E+02  0.000000000000000E+00
 0.530000E+02  0.000000000000000E+00
 0.540000E+02  0.000000000000000E+00
 0.550000E+02  0.000000000000000E+00
 0.560000E+02  0.000000000000000E+00
 0.570000E+02  0.000000000000000E+00
 0.580000E+02  0.000000000000000E+00
 0.590000E+02  0.000000000000000E+00
 0.600000E+02  0.000000000000000E+00
 0.610000E+02  0.000000000000000E+00
 0.620000E+02  0.000000000000000E+00
 0.630000E+02  0.000000000000000E+00
 0.640000E+02  0.000000000000000E+00
 0.650000E+02  0.000000000000000E+00
