 0.100000E+01  0.281485230894759E+00
 0.200000E+01  0.522033751149138E-01
 0.300000E+01  0.235976964263500E-01
 0.400000E+01  0.216644054209780E-01
 0.500000E+01  0.123080355533229E-01
 0.600000E+01  0.797085144544285E-02
 0.700000E+01  0.539852182152056E-02
 0.800000E+01  0.410225213350182E-02
 0.900000E+01  0.283483327370704E-02
 0.100000E+02  0.177662122667260E-02
 0.110000E+02  0.135675383986970E-02
 0.120000E+02  0.986858221056404E-03
 0.130000E+02  0.740232859367914E-03
 0.140000E+02  0.561549338854790E-03
 0.150000E+02  0.387205765039893E-03
 0.160000E+02  0.306037194751052E-03
 0.170000E+02  0.232205977878848E-03
 0.180000E+02  0.171366998520970E-03
 0.190000E+02  0.137340915452820E-03
 0.200000E+02  0.102979041196104E-03
 0.210000E+02  0.854619752375355E-04
 0.220000E+02  0.650998022794167E-04
 0.230000E+02  0.480469491602059E-04
 0.240000E+02  0.389700016891017E-04
 0.250000E+02  0.301570773080554E-04
 0.260000E+02  0.237760921922549E-04
 0.270000E+02  0.177894837919389E-04
 0.280000E+02  0.145840313493562E-04
 0.290000E+02  0.111313947957369E-04
 0.300000E+02  0.910135825508161E-05
 0.310000E+02  0.726446216477715E-05
 0.320000E+02  0.543687778773888E-05
 0.330000E+02  0.447142936090665E-05
 0.340000E+02  0.349748742844203E-05
 0.350000E+02  0.262197573091747E-05
 0.360000E+02  0.200967360656913E-05
 0.370000E+02  0.154721450105685E-05
 0.380000E+02  0.123865206665471E-05
 0.390000E+02  0.960934941052954E-06
 0.400000E+02  0.737067416225636E-06
 0.410000E+02  0.577128045708504E-06
 0.420000E+02  0.496330670111583E-06
 0.430000E+02  0.475678635205104E-07
 0.440000E+02  0.000000000000000E+00
 0.450000E+02  0.000000000000000E+00
 0.460000E+02  0.000000000000000E+00
 0.470000E+02  0.000000000000000E+00
 0.480000E+02  0.000000000000000E+00
 0.490000E+02  0.000000000000000E+00
 0.500000E+02  0.000000000000000E+00
 0.510000E+02  0.000000000000000E+00
 0.520000E+02  0.000000000000000E+00
 0.530000E+02  0.000000000000000E+00
 0.540000E+02  0.000000000000000E+00
 0.550000E+02  0.000000000000000E+00
 0.560000E+02  0.000000000000000E+00
 0.570000E+02  0.000000000000000E+00
 0.580000E+02  0.000000000000000E+00
 0.590000E+02  0.000000000000000E+00
 0.600000E+02  0.000000000000000E+00
 0.610000E+02  0.000000000000000E+00
 0.620000E+02  0.000000000000000E+00
 0.630000E+02  0.000000000000000E+00
 0.640000E+02  0.000000000000000E+00
 0.650000E+02  0.000000000000000E+00
