 0.100000E+01  0.292991221664124E+00
 0.200000E+01  0.636601188725763E-01
 0.300000E+01  0.307441906634267E-01
 0.400000E+01  0.259363415388520E-01
 0.500000E+01  0.153940965093113E-01
 0.600000E+01  0.931711697605947E-02
 0.700000E+01  0.702024671691426E-02
 0.800000E+01  0.497917262023546E-02
 0.900000E+01  0.421819011959856E-02
 0.100000E+02  0.236167192419628E-02
 0.110000E+02  0.164284232116761E-02
 0.120000E+02  0.139457404117474E-02
 0.130000E+02  0.105551078877219E-02
 0.140000E+02  0.756613308263026E-03
 0.150000E+02  0.542466150427607E-03
 0.160000E+02  0.469029007462288E-03
 0.170000E+02  0.363771595349384E-03
 0.180000E+02  0.267120058219141E-03
 0.190000E+02  0.204379810656682E-03
 0.200000E+02  0.159029016435441E-03
 0.210000E+02  0.129656731615196E-03
 0.220000E+02  0.101380908112142E-03
 0.230000E+02  0.762657939524722E-04
 0.240000E+02  0.620444243223529E-04
 0.250000E+02  0.513424263516294E-04
 0.260000E+02  0.405698382687132E-04
 0.270000E+02  0.304398749676449E-04
 0.280000E+02  0.249259342561059E-04
 0.290000E+02  0.191514816808824E-04
 0.300000E+02  0.157615642256720E-04
 0.310000E+02  0.126377096739588E-04
 0.320000E+02  0.100371165978262E-04
 0.330000E+02  0.831594329655201E-05
 0.340000E+02  0.665501045060685E-05
 0.350000E+02  0.506654340476781E-05
 0.360000E+02  0.411402317340889E-05
 0.370000E+02  0.327484084617025E-05
 0.380000E+02  0.259021389112358E-05
 0.390000E+02  0.200023516137613E-05
 0.400000E+02  0.151297339554385E-05
 0.410000E+02  0.107473136115311E-05
 0.420000E+02  0.777954913290835E-06
 0.430000E+02  0.620696336594076E-07
 0.440000E+02  0.000000000000000E+00
 0.450000E+02  0.000000000000000E+00
 0.460000E+02  0.000000000000000E+00
 0.470000E+02  0.000000000000000E+00
 0.480000E+02  0.000000000000000E+00
 0.490000E+02  0.000000000000000E+00
 0.500000E+02  0.000000000000000E+00
 0.510000E+02  0.000000000000000E+00
 0.520000E+02  0.000000000000000E+00
 0.530000E+02  0.000000000000000E+00
 0.540000E+02  0.000000000000000E+00
 0.550000E+02  0.000000000000000E+00
 0.560000E+02  0.000000000000000E+00
 0.570000E+02  0.000000000000000E+00
 0.580000E+02  0.000000000000000E+00
 0.590000E+02  0.000000000000000E+00
 0.600000E+02  0.000000000000000E+00
 0.610000E+02  0.000000000000000E+00
 0.620000E+02  0.000000000000000E+00
 0.630000E+02  0.000000000000000E+00
 0.640000E+02  0.000000000000000E+00
 0.650000E+02  0.000000000000000E+00
