 0.100000E+01  0.201021405169740E+00
 0.200000E+01  0.314256130658634E-01
 0.300000E+01  0.117307073295017E-01
 0.400000E+01  0.947535589100834E-02
 0.500000E+01  0.540872930585629E-02
 0.600000E+01  0.242487917045514E-02
 0.700000E+01  0.142954707546451E-02
 0.800000E+01  0.929329151324288E-03
 0.900000E+01  0.650973072735966E-03
 0.100000E+02  0.327153904568421E-03
 0.110000E+02  0.200906487399506E-03
 0.120000E+02  0.129490425365150E-03
 0.130000E+02  0.925837608025283E-04
 0.140000E+02  0.578770613319607E-04
 0.150000E+02  0.355144066884083E-04
 0.160000E+02  0.271070462910286E-04
 0.170000E+02  0.186796119824189E-04
 0.180000E+02  0.125937237448559E-04
 0.190000E+02  0.878574326458845E-05
 0.200000E+02  0.602723452725352E-05
 0.210000E+02  0.484958715508471E-05
 0.220000E+02  0.298243931950436E-05
 0.230000E+02  0.230946167029425E-05
 0.240000E+02  0.168956413158894E-05
 0.250000E+02  0.119634220850001E-05
 0.260000E+02  0.976122723985869E-06
 0.270000E+02  0.640855916185541E-06
 0.280000E+02  0.519515840516089E-06
 0.290000E+02  0.376938823922007E-06
 0.300000E+02  0.275259296135265E-06
 0.310000E+02  0.226646091429297E-06
 0.320000E+02  0.158422146035249E-06
 0.330000E+02  0.132957293802894E-06
 0.340000E+02  0.967903667272314E-07
 0.350000E+02  0.753250370413252E-07
 0.360000E+02  0.613452710389980E-07
 0.370000E+02  0.463302052329827E-07
 0.380000E+02  0.382461860065510E-07
 0.390000E+02  0.309660059086047E-07
 0.400000E+02  0.249289789397654E-07
 0.410000E+02  0.222778150300609E-07
 0.420000E+02  0.192759772059783E-07
 0.430000E+02  0.146624760374641E-08
 0.440000E+02  0.000000000000000E+00
 0.450000E+02  0.000000000000000E+00
 0.460000E+02  0.000000000000000E+00
 0.470000E+02  0.000000000000000E+00
 0.480000E+02  0.000000000000000E+00
 0.490000E+02  0.000000000000000E+00
 0.500000E+02  0.000000000000000E+00
 0.510000E+02  0.000000000000000E+00
 0.520000E+02  0.000000000000000E+00
 0.530000E+02  0.000000000000000E+00
 0.540000E+02  0.000000000000000E+00
 0.550000E+02  0.000000000000000E+00
 0.560000E+02  0.000000000000000E+00
 0.570000E+02  0.000000000000000E+00
 0.580000E+02  0.000000000000000E+00
 0.590000E+02  0.000000000000000E+00
 0.600000E+02  0.000000000000000E+00
 0.610000E+02  0.000000000000000E+00
 0.620000E+02  0.000000000000000E+00
 0.630000E+02  0.000000000000000E+00
 0.640000E+02  0.000000000000000E+00
 0.650000E+02  0.000000000000000E+00
