 0.100000E+01  0.257756638704450E+00
 0.200000E+01  0.365352868802802E-01
 0.300000E+01  0.165448720407539E-01
 0.400000E+01  0.167225454638515E-01
 0.500000E+01  0.968781794830331E-02
 0.600000E+01  0.492764626427764E-02
 0.700000E+01  0.336930982204922E-02
 0.800000E+01  0.195244765788053E-02
 0.900000E+01  0.152956487231853E-02
 0.100000E+02  0.976698549922734E-03
 0.110000E+02  0.607111777527569E-03
 0.120000E+02  0.455776595071168E-03
 0.130000E+02  0.332955010312311E-03
 0.140000E+02  0.244732273789460E-03
 0.150000E+02  0.150554366148369E-03
 0.160000E+02  0.133052156007208E-03
 0.170000E+02  0.956332535095732E-04
 0.180000E+02  0.690568729944972E-04
 0.190000E+02  0.460967781631416E-04
 0.200000E+02  0.358686574459506E-04
 0.210000E+02  0.281495595485011E-04
 0.220000E+02  0.191911430414124E-04
 0.230000E+02  0.150107994354910E-04
 0.240000E+02  0.115106926405082E-04
 0.250000E+02  0.904812243755749E-05
 0.260000E+02  0.682078271337683E-05
 0.270000E+02  0.506120619513764E-05
 0.280000E+02  0.390447662603398E-05
 0.290000E+02  0.293161844228596E-05
 0.300000E+02  0.231407775629310E-05
 0.310000E+02  0.177196852369855E-05
 0.320000E+02  0.135778700976608E-05
 0.330000E+02  0.107388732504620E-05
 0.340000E+02  0.850038670772032E-06
 0.350000E+02  0.644491547703974E-06
 0.360000E+02  0.505367655614533E-06
 0.370000E+02  0.378933623523119E-06
 0.380000E+02  0.307473742698580E-06
 0.390000E+02  0.231377171907800E-06
 0.400000E+02  0.186445959257816E-06
 0.410000E+02  0.137838698642032E-06
 0.420000E+02  0.121765982305690E-06
 0.430000E+02  0.107613378642817E-07
 0.440000E+02  0.000000000000000E+00
 0.450000E+02  0.000000000000000E+00
 0.460000E+02  0.000000000000000E+00
 0.470000E+02  0.000000000000000E+00
 0.480000E+02  0.000000000000000E+00
 0.490000E+02  0.000000000000000E+00
 0.500000E+02  0.000000000000000E+00
 0.510000E+02  0.000000000000000E+00
 0.520000E+02  0.000000000000000E+00
 0.530000E+02  0.000000000000000E+00
 0.540000E+02  0.000000000000000E+00
 0.550000E+02  0.000000000000000E+00
 0.560000E+02  0.000000000000000E+00
 0.570000E+02  0.000000000000000E+00
 0.580000E+02  0.000000000000000E+00
 0.590000E+02  0.000000000000000E+00
 0.600000E+02  0.000000000000000E+00
 0.610000E+02  0.000000000000000E+00
 0.620000E+02  0.000000000000000E+00
 0.630000E+02  0.000000000000000E+00
 0.640000E+02  0.000000000000000E+00
 0.650000E+02  0.000000000000000E+00
