 0.000000E+00  0.000000000000000000E+00  0.000000000000000000E+00  0.000000000000000000E+00
 0.400000E-01  0.839998412103192286E-03  0.839998434724887710E-03  0.202147727238995920E-01
 0.800000E-01  0.311935637097799550E-02  0.311935760642238378E-02  0.358030276468735281E-01
 0.120000E+00  0.645950498997138831E-02  0.645951671072735739E-02  0.467422913672186011E-01
 0.160000E+00  0.105177558156646141E-01  0.105178110249924735E-01  0.539478752666740918E-01
 0.200000E+00  0.150568277117611535E-01  0.150570091702959662E-01  0.590737217163959799E-01
 0.240000E+00  0.199864952881683711E-01  0.199869755133325090E-01  0.640440971615389987E-01
 0.280000E+00  0.253634635819304927E-01  0.253645533843265304E-01  0.705179797961042604E-01
 0.320000E+00  0.313528461313825821E-01  0.313550422066952231E-01  0.794987490580393169E-01
 0.360000E+00  0.381691656271008276E-01  0.381732127376067376E-01  0.912283871705220767E-01
 0.400000E+00  0.460213329598895340E-01  0.460283316208907334E-01  0.105382849961501657E+00
 0.440000E+00  0.550821938551899065E-01  0.550937366721643493E-01  0.121466157517582662E+00
 0.480000E+00  0.654921026039586573E-01  0.655103701876252886E-01  0.139232103818377473E+00
 0.520000E+00  0.771530707708803359E-01  0.771808721047069490E-01  0.148464073396232771E+00
 0.560000E+00  0.891322662873608590E-01  0.891730639205598613E-01  0.149221323246197468E+00
 0.600000E+00  0.101012892227167736E+00  0.101070891333797389E+00  0.146240402475996623E+00
 0.640000E+00  0.112566485966292804E+00  0.112646713230114756E+00  0.141329836483238158E+00
 0.680000E+00  0.123706541754967009E+00  0.123814686853149211E+00  0.136135418513068956E+00
 0.720000E+00  0.134455620080906363E+00  0.134597650806315777E+00  0.131674523942472588E+00
 0.760000E+00  0.144885368644479345E+00  0.145067201832194376E+00  0.128147146382724175E+00
 0.800000E+00  0.155054944983774423E+00  0.155282364412777402E+00  0.125101075815465174E+00
 0.840000E+00  0.164975701296801475E+00  0.165254370527649713E+00  0.121877042644399039E+00
 0.880000E+00  0.174615601466998810E+00  0.174950925838952970E+00  0.118139122600331339E+00
 0.920000E+00  0.183942276431593971E+00  0.184339163979885950E+00  0.114261422295633006E+00
 0.960000E+00  0.192985333688365179E+00  0.193448145392573406E+00  0.111404787246356149E+00
 0.100000E+01  0.201864912206958236E+00  0.202397729568392498E+00  0.107954634018354714E+00
 0.104000E+01  0.210120743414909661E+00  0.210727730368903715E+00  0.964865881862256719E-01
 0.108000E+01  0.217393419648808900E+00  0.218078790658220473E+00  0.834974984591670966E-01
 0.112000E+01  0.223592868649121701E+00  0.224360476414772081E+00  0.696617742927014422E-01
 0.116000E+01  0.228655686252024898E+00  0.229508534777401629E+00  0.550086782240834238E-01
 0.120000E+01  0.232505735755716758E+00  0.233445517721212997E+00  0.392654612082004861E-01
 0.124000E+01  0.235047847182998620E+00  0.236074525477633357E+00  0.223081641506476663E-01
 0.128000E+01  0.236195063018496854E+00  0.237306542904127948E+00  0.451327928997795683E-02
 0.132000E+01  0.235914654440432497E+00  0.237106524864789669E+00 -0.131415616795592868E-01
 0.136000E+01  0.234270917914796539E+00  0.235536109586731490E+00 -0.292586337901254434E-01
 0.140000E+01  0.231444817868899422E+00  0.232773117451722300E+00 -0.423857525571373489E-01
 0.144000E+01  0.227723271875216182E+00  0.229100948274681249E+00 -0.513881293652746970E-01
 0.148000E+01  0.223463807740297338E+00  0.224873664023554520E+00 -0.556525372910532529E-01
 0.152000E+01  0.220080653353028260E+00  0.221502761401701498E+00 -0.237263025540913886E-01
 0.156000E+01  0.219456752073910188E+00  0.220870826003116194E+00  0.102338868557277987E-01
 0.160000E+01  0.221484559880752718E+00  0.222870826465834920E+00  0.425536866477248671E-01
 0.164000E+01  0.226037677171880502E+00  0.227377067007111022E+00  0.733838348320007550E-01
 0.168000E+01  0.233004965137741937E+00  0.234279815014071913E+00  0.102966813029353760E+00
 0.172000E+01  0.242301225017223648E+00  0.243496232433502185E+00  0.131715864832443047E+00
 0.176000E+01  0.253882384194737631E+00  0.254985167465404339E+00  0.160246179034475023E+00
 0.180000E+01  0.267760368435405682E+00  0.268761529690777934E+00  0.189325173156152632E+00
 0.184000E+01  0.284010239757601812E+00  0.284903567680240832E+00  0.219741521199217554E+00
 0.188000E+01  0.302764974425434152E+00  0.303548325177106060E+00  0.252133285425531040E+00
 0.192000E+01  0.324197570212543917E+00  0.324874120796174726E+00  0.286843874839839530E+00
 0.196000E+01  0.348494537504108859E+00  0.349073717952551599E+00  0.323877387902878011E+00
 0.200000E+01  0.375572048157212512E+00  0.376070119360841837E+00  0.346505538124475598E+00
 0.204000E+01  0.403448465118810107E+00  0.403889327389920838E+00  0.349644056296513794E+00
 0.208000E+01  0.431428766795525387E+00  0.431844979828885200E+00  0.349432315326565435E+00
 0.212000E+01  0.459319783132361159E+00  0.459753290715233909E+00  0.347801063434082181E+00
 0.216000E+01  0.487071534818998342E+00  0.487573670050272356E+00  0.346218974254131562E+00
 0.220000E+01  0.514707894246930864E+00  0.515339188761686495E+00  0.344981103687993507E+00
 0.224000E+01  0.542226015465775757E+00  0.543056626246168794E+00  0.343143047364950660E+00
 0.228000E+01  0.569517864804428786E+00  0.570628372646995619E+00  0.339150338403579554E+00
 0.232000E+01  0.596360113791540636E+00  0.597841553015481919E+00  0.331856555607477288E+00
 0.236000E+01  0.622484975948387587E+00  0.624437722750628255E+00  0.321410239800833053E+00
 0.240000E+01  0.647698792706513982E+00  0.650231424893781496E+00  0.309530717783212450E+00
 0.244000E+01  0.671992896987248844E+00  0.675222158932550998E+00  0.298973434139737371E+00
 0.248000E+01  0.695581980224711627E+00  0.699633378202920597E+00  0.289958667980898699E+00
 0.252000E+01  0.717658747220245363E+00  0.722666440187138548E+00  0.259885274805639443E+00
 0.256000E+01  0.737200596611237602E+00  0.743306748074032297E+00  0.226385531020376729E+00
 0.260000E+01  0.753901039432786302E+00  0.761255575782867511E+00  0.188732229461434337E+00
 0.264000E+01  0.767420240422123201E+00  0.776181211291288142E+00  0.146922475545007369E+00
 0.268000E+01  0.777459126068481665E+00  0.787792873239981262E+00  0.101998397899951271E+00
 0.272000E+01  0.783840055254325652E+00  0.795920093715601906E+00  0.558948071333531388E-01
 0.276000E+01  0.786559394273310564E+00  0.800564094374544011E+00  0.109085104011836589E-01
 0.280000E+01  0.785789993493441252E+00  0.801900367194378738E+00 -0.309583118918613093E-01
 0.284000E+01  0.781835850260421128E+00  0.800234295435004350E+00 -0.684830385871863651E-01
 0.288000E+01  0.775063062781502277E+00  0.795932641417016806E+00 -0.101330276004766184E+00
 0.292000E+01  0.765837572876282402E+00  0.789360925004002123E+00 -0.129752982395882149E+00
 0.296000E+01  0.754499938759342625E+00  0.780857665138298906E+00 -0.154041016682994941E+00
 0.300000E+01  0.742175468828202844E+00  0.771545067562232956E+00 -0.141733263083321515E+00
 0.304000E+01  0.731602099433429909E+00  0.764161663081333153E+00 -0.119620588608149600E+00
 0.308000E+01  0.722619154379077977E+00  0.758550523207541905E+00 -0.101838036929348077E+00
 0.312000E+01  0.714948371029947571E+00  0.754437041495863214E+00 -0.866078231105617408E-01
 0.316000E+01  0.708455731305475567E+00  0.751690050341912275E+00 -0.722078171277276554E-01
 0.320000E+01  0.703124785035580513E+00  0.750295097333985583E+00 -0.574881565228941432E-01
 0.324000E+01  0.698998664944735726E+00  0.750296942095030617E+00 -0.421316335508444689E-01
 0.328000E+01  0.696115174932287029E+00  0.751735132974453046E+00 -0.265452474786108811E-01
 0.332000E+01  0.694464152387750833E+00  0.754601288523562563E+00 -0.114346432616797885E-01
 0.336000E+01  0.693984962260854044E+00  0.758836388921305560E+00  0.275124756437358092E-02
 0.340000E+01  0.694607572496109382E+00  0.764371627282436350E+00  0.162605199674548014E-01
 0.344000E+01  0.696314061726845512E+00  0.771190122620281859E+00  0.301707728347438975E-01
 0.348000E+01  0.699174731019213680E+00  0.779363486769679592E+00  0.429289121702123647E-01
 0.352000E+01  0.702689452619163490E+00  0.788395331586667636E+00  0.471451071458714871E-01
 0.356000E+01  0.706458522672079869E+00  0.797894951266277075E+00  0.495247550314274268E-01
 0.360000E+01  0.710396792756114892E+00  0.807788497270702455E+00  0.515336683004055732E-01
 0.364000E+01  0.714505275311183907E+00  0.818090231309284599E+00  0.538047705236489177E-01
 0.368000E+01  0.718798054990584134E+00  0.828829625337824893E+00  0.560289438386630534E-01
 0.372000E+01  0.723236265188749505E+00  0.839985113960355911E+00  0.572840476315382638E-01
 0.376000E+01  0.727703599008474811E+00  0.851459017477967706E+00  0.566671553502142294E-01
 0.380000E+01  0.732034527878709818E+00  0.863105187832001186E+00  0.539501238976486247E-01
 0.384000E+01  0.736086098009573142E+00  0.874800731907745321E+00  0.499572384773624562E-01
 0.388000E+01  0.739821775551889660E+00  0.886529577471018237E+00  0.464778864114685705E-01
 0.392000E+01  0.743370108628503723E+00  0.898440863693413694E+00  0.457308890043116520E-01
 0.396000E+01  0.747028466910053202E+00  0.910852550970119634E+00  0.496007456245364103E-01
 0.400000E+01  0.750871315894647062E+00  0.923855929619657346E+00  0.474248756688136347E-01
 0.404000E+01  0.754359621475050646E+00  0.936904812068594217E+00  0.413147104951475386E-01
 0.408000E+01  0.757235505308628376E+00  0.949722184394754310E+00  0.320685160187408058E-01
 0.412000E+01  0.759257448977945004E+00  0.962042991379002510E+00  0.200355134566829948E-01
 0.416000E+01  0.760234165258659722E+00  0.973647196413718885E+00  0.613848341611570453E-02
 0.420000E+01  0.760067730701794675E+00  0.984402375944386177E+00 -0.826155962574184888E-02
 0.424000E+01  0.758774601958154271E+00  0.994284298388560472E+00 -0.217202897059164748E-01
 0.428000E+01  0.756478176757855447E+00  0.100336916889976036E+01 -0.330945870773775991E-01
 0.432000E+01  0.753372689130014095E+00  0.101179665212794512E+01 -0.417563169055738467E-01
 0.436000E+01  0.749684220722852790E+00  0.101973044521236389E+01 -0.475231273629795961E-01
 0.440000E+01  0.745645860167880592E+00  0.102733330641088694E+01 -0.503372481137319971E-01
 0.444000E+01  0.741504003350472174E+00  0.103477352277132439E+01 -0.498531626890097654E-01
 0.448000E+01  0.737347986182966042E+00  0.104205564925435379E+01 -0.583343524672228636E-01
 0.452000E+01  0.731770060369777875E+00  0.104770302858008413E+01 -0.811209384597579575E-01
 0.456000E+01  0.724283439525048256E+00  0.105118629328699908E+01 -0.105875229207056679E+00
 0.460000E+01  0.714776428520964680E+00  0.105235739353106839E+01 -0.131526633508757596E+00
 0.464000E+01  0.703203753290014721E+00  0.105114005697998314E+01 -0.157498745545805174E+00
 0.468000E+01  0.689547679775043054E+00  0.104749038219245438E+01 -0.183638666458042943E+00
 0.472000E+01  0.673794516156853485E+00  0.104137277808001860E+01 -0.209954026717905806E+00
 0.476000E+01  0.655934248277420195E+00  0.103275836489801232E+01 -0.236293465275536851E+00
 0.480000E+01  0.635982473547892169E+00  0.102164664684931039E+01 -0.262124844198308171E+00
 0.484000E+01  0.614014203444318341E+00  0.100809935073965540E+01 -0.286513910352854895E+00
 0.488000E+01  0.590189676972845856E+00  0.992266049484004986E+00 -0.308304374568106387E+00
 0.492000E+01  0.564760980492599596E+00  0.974390243975638448E+00 -0.326404601085487855E+00
 0.496000E+01  0.538056508726291294E+00  0.954792548348006642E+00 -0.333968034082458176E+00
 0.500000E+01  0.512974603460711887E+00  0.936374197180447898E+00 -0.287523450739019582E+00
 0.504000E+01  0.491434049019940700E+00  0.921093428927703961E+00 -0.245498169340261696E+00
 0.508000E+01  0.473119003152737916E+00  0.908682813607443629E+00 -0.206873978177414070E+00
 0.512000E+01  0.457797051377370645E+00  0.898959342758798630E+00 -0.170629276485745829E+00
 0.516000E+01  0.445308314919250881E+00  0.891813986655510926E+00 -0.136028274553560757E+00
 0.520000E+01  0.435536212121515054E+00  0.887182651888629437E+00 -0.102732844518089020E+00
 0.524000E+01  0.428379481855725330E+00  0.885018045395421060E+00 -0.706657374723924370E-01
 0.528000E+01  0.423743331564696790E+00  0.885280585590182301E+00 -0.396852315723280891E-01
 0.532000E+01  0.421558569350955148E+00  0.887956988871721031E+00 -0.924298136255410907E-02
 0.536000E+01  0.421822337585291085E+00  0.893101301219387134E+00  0.217810745215269753E-01
 0.540000E+01  0.424640318909749404E+00  0.900877451451524980E+00  0.549485328177861457E-01
 0.544000E+01  0.430247726359937410E+00  0.911581282949680660E+00  0.918625813126348334E-01
 0.548000E+01  0.438460214888120148E+00  0.925089596295746608E+00  0.111057901315088622E+00
 0.552000E+01  0.447606952821585857E+00  0.939767788712239094E+00  0.120352722582960939E+00
 0.556000E+01  0.457432434017715883E+00  0.955379709885076478E+00  0.127950714438876401E+00
 0.560000E+01  0.467784285089638152E+00  0.971793417007835614E+00  0.133526962079833972E+00
 0.564000E+01  0.478505563639349485E+00  0.988873949470330138E+00  0.137329232286284103E+00
 0.568000E+01  0.489484647440426301E+00  0.100653318044336637E+01  0.140230213828818145E+00
 0.572000E+01  0.500697955733456768E+00  0.102477256630393154E+01  0.143501329278321071E+00
 0.576000E+01  0.512226527421980049E+00  0.104370036889416173E+01  0.148411100921044870E+00
 0.580000E+01  0.524239101564232923E+00  0.106351474471071672E+01  0.155828442555641988E+00
 0.584000E+01  0.536950156661242239E+00  0.108446237602321682E+01  0.166007216619671716E+00
 0.588000E+01  0.550570976656631572E+00  0.110678942963990412E+01  0.178647403376076208E+00
 0.592000E+01  0.565276517999251271E+00  0.113070831873250666E+01  0.193206057372655587E+00
 0.596000E+01  0.581170257208618479E+00  0.115636268102173800E+01  0.205182250725190113E+00
 0.600000E+01  0.597444287526219142E+00  0.118297875094391625E+01  0.203371075752380170E+00
 0.604000E+01  0.613324114257742137E+00  0.120979955911514647E+01  0.195530801679240696E+00
 0.608000E+01  0.628384592025443833E+00  0.123641429127991009E+01  0.183101923854378762E+00
 0.612000E+01  0.642309296824866927E+00  0.126252068014023644E+01  0.167333845658673319E+00
 0.616000E+01  0.654874452518651617E+00  0.128790932896711130E+01  0.149302787221252453E+00
 0.620000E+01  0.665939951899599314E+00  0.131245483759634052E+01  0.130049179429454098E+00
 0.624000E+01  0.675451810583778789E+00  0.133611825760041447E+01  0.110718569751536530E+00
 0.628000E+01  0.683453276711605051E+00  0.135895817497150628E+01  0.925917063125279854E-01
 0.632000E+01  0.690091157874617389E+00  0.138113742974591935E+01  0.769608767918128628E-01
 0.636000E+01  0.695608554185304873E+00  0.140291705659084975E+01  0.649092446248330374E-01
 0.640000E+01  0.700320300409869811E+00  0.142463255111442222E+01  0.571250766449980657E-01
 0.644000E+01  0.704579351284220667E+00  0.144666052631296793E+01  0.538869057508611499E-01
 0.648000E+01  0.708906692782983350E+00  0.146954748438233551E+01  0.588696808790085263E-01
 0.652000E+01  0.713494306315755611E+00  0.149350534154621428E+01  0.600562033262922734E-01
 0.656000E+01  0.718073923174329054E+00  0.151828076905608778E+01  0.591986423320840643E-01
 0.660000E+01  0.722581673408336123E+00  0.154382330215094066E+01  0.586863047423751422E-01
 0.664000E+01  0.727100941819938784E+00  0.157022951945848144E+01  0.596714145839669363E-01
 0.668000E+01  0.731747083551545607E+00  0.159762871491428937E+01  0.618088773829135463E-01
 0.672000E+01  0.736563464107749311E+00  0.162607730696844266E+01  0.637695594872718929E-01
 0.676000E+01  0.741480566253166828E+00  0.165551628014980157E+01  0.642492766479070831E-01
 0.680000E+01  0.746358947641982184E+00  0.168581195025713559E+01  0.629565261891207595E-01
 0.684000E+01  0.751093408128317153E+00  0.171686016010018960E+01  0.610755904730216279E-01
 0.688000E+01  0.755723862520052636E+00  0.174869913875837768E+01  0.609584422830235576E-01
 0.692000E+01  0.760494370531325736E+00  0.178157140702916128E+01  0.651784660597907878E-01
 0.696000E+01  0.765970120936555698E+00  0.181604455859522629E+01  0.841013104217402108E-01
 0.700000E+01  0.773466394653146261E+00  0.185349905285987582E+01  0.110905890062378137E+00
 0.704000E+01  0.782954401730131533E+00  0.189404456677036315E+01  0.133843883079757531E+00
 0.708000E+01  0.794115160013580401E+00  0.193751164966478062E+01  0.152878504691593087E+00
 0.712000E+01  0.806667542009199656E+00  0.198377511914210625E+01  0.169004161526969870E+00
 0.716000E+01  0.820443750350059342E+00  0.203283019094297579E+01  0.183976242986995719E+00
 0.720000E+01  0.835426894784640828E+00  0.208483289456329679E+01  0.199694646795720576E+00
 0.724000E+01  0.851735921797077689E+00  0.214008837271544961E+01  0.217548450001219112E+00
 0.728000E+01  0.869566636764834366E+00  0.219899429236487354E+01  0.238035750698726539E+00
 0.732000E+01  0.889120671007965435E+00  0.226196956801151128E+01  0.260836050343951520E+00
 0.736000E+01  0.910556050794342431E+00  0.232940312585033427E+01  0.285292381665789518E+00
 0.740000E+01  0.933986493910615834E+00  0.240164982662757254E+01  0.311065519700454374E+00
 0.744000E+01  0.959528928346842336E+00  0.247907848599549663E+01  0.334526056917359482E+00
 0.748000E+01  0.985416280535361788E+00  0.256012952045619091E+01  0.318552491953891237E+00
 0.752000E+01  0.100979562048929905E+01  0.264296470481175882E+01  0.297260452872350422E+00
 0.756000E+01  0.103229980007516131E+01  0.272717960651577007E+01  0.272076290993686409E+00
 0.760000E+01  0.105265997615994356E+01  0.281245805819679529E+01  0.244016998386311218E+00
 0.764000E+01  0.107067583124260546E+01  0.289854230273533542E+01  0.213811653701443755E+00
 0.768000E+01  0.108620146696038722E+01  0.298521388936106202E+01  0.182141343410004042E+00
 0.772000E+01  0.109915036918065967E+01  0.307229209557728034E+01  0.149849292663855771E+00
 0.776000E+01  0.110951258452819190E+01  0.315964280178445200E+01  0.118002108072074646E+00
 0.780000E+01  0.111736833935973046E+01  0.324718799682304171E+01  0.877779949106058527E-01
 0.784000E+01  0.112289040899044679E+01  0.333490822502976059E+01  0.602592019802903889E-01
 0.788000E+01  0.112632811474807082E+01  0.342282921745536317E+01  0.362650474402661793E-01
 0.792000E+01  0.112798537460189086E+01  0.351100325925294143E+01  0.163450026208512011E-01
 0.796000E+01  0.112875674135513271E+01  0.360006021740255866E+01  0.233884343142789081E-01
 0.800000E+01  0.113066286796490045E+01  0.369190441187063634E+01  0.387450675877761413E-01
 0.804000E+01  0.113373966953510097E+01  0.378656632675109606E+01  0.533314310367910549E-01
 0.808000E+01  0.113799107425512291E+01  0.388404687243341140E+01  0.687341404492815555E-01
 0.812000E+01  0.114352174289395703E+01  0.398444534900858116E+01  0.857887623536128657E-01
 0.816000E+01  0.115046442480307998E+01  0.408788726977992223E+01  0.104371460017534612E+00
 0.820000E+01  0.115891092888344649E+01  0.419445394259510884E+01  0.123654973474793511E+00
 0.824000E+01  0.116887808818072103E+01  0.430414862681810018E+01  0.142692295363375299E+00
 0.828000E+01  0.118032272197662502E+01  0.441690810230020592E+01  0.161041885839940974E+00
 0.832000E+01  0.119319989295994988E+01  0.453265931321775106E+01  0.179135787005799657E+00
 0.836000E+01  0.120753311252823714E+01  0.465139053567008354E+01  0.198213876309253412E+00
 0.840000E+01  0.122346234654471164E+01  0.477320598015959519E+01  0.219856472838222627E+00
 0.844000E+01  0.124118601586040112E+01  0.489827581260548062E+01  0.237686401817066240E+00
 0.848000E+01  0.125950281457029956E+01  0.502535678294697075E+01  0.237744891257542362E+00
 0.852000E+01  0.127772660258760462E+01  0.515367241282318744E+01  0.235835923044559304E+00
 0.856000E+01  0.129570944389720011E+01  0.528295851079436485E+01  0.232228862444117501E+00
 0.860000E+01  0.131332288560752475E+01  0.541293771738021956E+01  0.227141470542051582E+00
 0.864000E+01  0.133045411162623362E+01  0.554330982031390285E+01  0.220717026568748115E+00
 0.868000E+01  0.134700019418012684E+01  0.567374931104552971E+01  0.213095966629512912E+00
 0.872000E+01  0.136287589667909903E+01  0.580392581257649631E+01  0.204578324932727734E+00
 0.876000E+01  0.137803277066983365E+01  0.593353963833822728E+01  0.195800854570863880E+00
 0.880000E+01  0.139248872092352260E+01  0.606236464717320356E+01  0.187816903848360695E+00
 0.884000E+01  0.140636048157895543E+01  0.619028218409584330E+01  0.181990880909528391E+00
 0.888000E+01  0.141987655067587326E+01  0.631728453997730011E+01  0.179700561410355786E+00
 0.892000E+01  0.143336240496535261E+01  0.644344425708184065E+01  0.181943975646807865E+00
 0.896000E+01  0.144657394722607124E+01  0.656820612340683319E+01  0.168622348011237655E+00
 0.900000E+01  0.145844417927024206E+01  0.668997132916137005E+01  0.150217333479508608E+00
 0.904000E+01  0.146869120718737722E+01  0.680782648214166475E+01  0.128478610007159766E+00
 0.908000E+01  0.147706455230260159E+01  0.692088254899183486E+01  0.103909723557321448E+00
 0.912000E+01  0.148337316997319579E+01  0.702832506860232353E+01  0.774732665290669698E-01
 0.916000E+01  0.148751152463526615E+01  0.712946351673013812E+01  0.502481407706442257E-01
 0.920000E+01  0.148945404710578289E+01  0.722374119982154461E+01  0.231171318236279705E-01
 0.924000E+01  0.148923370194719684E+01  0.731071663443658348E+01 -0.336519980972803997E-02
 0.928000E+01  0.148691750222664276E+01  0.739003032241689173E+01 -0.288854623908844782E-01
 0.932000E+01  0.148259506841685607E+01  0.746137860827937160E+01 -0.531504401191220735E-01
 0.936000E+01  0.147638477173940652E+01  0.752450886393514917E+01 -0.756839988190751434E-01
 0.940000E+01  0.146845281147418638E+01  0.757923934369851970E+01 -0.957785370618400855E-01
 0.944000E+01  0.145927292158957433E+01  0.762573780368901488E+01 -0.974866644269068439E-01
 0.948000E+01  0.145075330657385582E+01  0.766590160262883646E+01 -0.863342058700794363E-01
 0.952000E+01  0.144295432042406313E+01  0.770011139604292350E+01 -0.794311161492069484E-01
 0.956000E+01  0.143554575354878544E+01  0.772841749223946639E+01 -0.764675394567897876E-01
 0.960000E+01  0.142824225901911217E+01  0.775095463929569561E+01 -0.765912093420876849E-01
 0.964000E+01  0.142084846759853467E+01  0.776797533749977731E+01 -0.784390430545322259E-01
 0.968000E+01  0.141328916286298867E+01  0.777986993772063329E+01 -0.804247532395063192E-01
 0.972000E+01  0.140561115295039896E+01  0.778715635555575769E+01 -0.811470120891346902E-01
 0.976000E+01  0.139795443077797188E+01  0.779044144278504103E+01 -0.797224619534930984E-01
 0.980000E+01  0.139050522059899295E+01  0.779036492100304478E+01 -0.758783583811640794E-01
 0.984000E+01  0.138345300843746077E+01  0.778754786621756434E+01 -0.697499397014394173E-01
 0.988000E+01  0.137697325772342949E+01  0.778257077113186124E+01 -0.614666304904257360E-01
 0.992000E+01  0.137124659951396488E+01  0.777598971841572340E+01 -0.512684200396419515E-01
 0.996000E+01  0.136607718779344722E+01  0.776792549331798554E+01 -0.493915893649125096E-01
 0.100000E+02  0.136079547311936011E+01  0.775790367787537427E+01 -0.537540710404492139E-01
 0.100400E+02  0.135501583085789323E+01  0.774572560577686087E+01 -0.616351347965078400E-01
 0.100800E+02  0.134852628697873134E+01  0.773139618131476158E+01 -0.714911766198491061E-01
 0.101200E+02  0.134118860234993376E+01  0.771502399079826340E+01 -0.829864844426634052E-01
 0.101600E+02  0.133286230115779891E+01  0.769672155745866071E+01 -0.963938348574753107E-01
 0.102000E+02  0.132338996733888670E+01  0.767655320756072257E+01 -0.111688358416278985E+00
 0.102400E+02  0.131265341694987403E+01  0.765455921860075073E+01 -0.127806495425692140E+00
 0.102800E+02  0.130066957930998472E+01  0.763084213017443602E+01 -0.142456540272090010E+00
 0.103200E+02  0.128767260113552040E+01  0.760567099739244767E+01 -0.152592852020156627E+00
 0.103600E+02  0.127414036266766573E+01  0.757955298382620324E+01 -0.155332101848392690E+00
 0.104000E+02  0.126074392676460212E+01  0.755322735214486851E+01 -0.148857108223032164E+00
 0.104400E+02  0.124822885024448249E+01  0.752756242899374595E+01 -0.134319811166401015E+00
 0.104800E+02  0.123679754992717661E+01  0.750284773083589940E+01 -0.123039287476359782E+00
 0.105200E+02  0.122608525494579856E+01  0.747873503949414342E+01 -0.116404283226068689E+00
 0.105600E+02  0.121576406066137310E+01  0.745485453903277051E+01 -0.113107293515498530E+00
 0.106000E+02  0.120564559126386328E+01  0.743091292894393263E+01 -0.111088409244572889E+00
 0.106400E+02  0.119570835159302891E+01  0.740674923174595445E+01 -0.108387417214256723E+00
 0.106800E+02  0.118605924331383750E+01  0.738234234806426048E+01 -0.103875179351655342E+00
 0.107200E+02  0.117685141226115020E+01  0.735776256987030486E+01 -0.975380814327908297E-01
 0.107600E+02  0.116820156071736370E+01  0.733309283738019513E+01 -0.902130972489271349E-01
 0.108000E+02  0.116014644722312021E+01  0.730835611611991531E+01 -0.829316712049874560E-01
 0.108400E+02  0.115265686788280863E+01  0.728348128866807887E+01 -0.762072847469454362E-01
 0.108800E+02  0.114569759064240939E+01  0.725832966068050212E+01 -0.696148016175882067E-01
 0.109200E+02  0.113927148638473152E+01  0.723273960929691118E+01 -0.660265558792819257E-01
 0.109600E+02  0.113262627840856478E+01  0.720588559392647365E+01 -0.742482241417928290E-01
 0.110000E+02  0.112519232900092403E+01  0.717737659533392325E+01 -0.857725505955514028E-01
 0.110400E+02  0.111675101179495240E+01  0.714725422015223444E+01 -0.995046126974465650E-01
 0.110800E+02  0.110715375426473428E+01  0.711568750693876684E+01 -0.114793284323206943E+00
 0.111200E+02  0.109628705013663463E+01  0.708290860895393681E+01 -0.131400758772146520E+00
 0.111600E+02  0.108404687585764004E+01  0.704914018410692389E+01 -0.149278824645801333E+00
 0.112000E+02  0.107033612399645039E+01  0.701455543649432833E+01 -0.168240501517700924E+00
 0.112400E+02  0.105508854559544263E+01  0.697928821822763101E+01 -0.187667890097270945E+00
 0.112800E+02  0.103830908444973646E+01  0.694349214674202653E+01 -0.206390452026849996E+00
 0.113200E+02  0.102011542399651156E+01  0.690742258770298267E+01 -0.222800093870761301E+00
 0.113600E+02  0.100076115549378741E+01  0.687150158547960022E+01 -0.235168452359352631E+00
 0.114000E+02  0.980629281136353059E+00  0.683633438486108247E+01 -0.242040047548531312E+00
 0.114400E+02  0.961221126059535025E+00  0.680366278841093930E+01 -0.212020167369850882E+00
 0.114800E+02  0.944292397761600899E+00  0.677528927948731141E+01 -0.183564850908031763E+00
 0.115200E+02  0.929435778492587850E+00  0.675074184730957949E+01 -0.160410560039917355E+00
 0.115600E+02  0.916253129993807369E+00  0.672949914205315469E+01 -0.141746963837461881E+00
 0.116000E+02  0.904437920826045461E+00  0.671107031693871559E+01 -0.126095567162655992E+00
 0.116400E+02  0.893821984002629244E+00  0.669506019508862149E+01 -0.111532478856238237E+00
 0.116800E+02  0.884393934736764309E+00  0.668121812781397661E+01 -0.961411089917131312E-01
 0.117200E+02  0.876280918812661236E+00  0.666944889668133278E+01 -0.784670174379266810E-01
 0.117600E+02  0.869698658497467636E+00  0.665977471964852796E+01 -0.577458934811675428E-01
 0.118000E+02  0.864900144855319186E+00  0.665227841123489938E+01 -0.337815292898858005E-01
 0.118400E+02  0.862144790007022377E+00  0.664705068060819482E+01 -0.652054047243233459E-02
 0.118800E+02  0.861708937951423337E+00  0.664417979013633975E+01  0.244777941931623930E-01
 0.119200E+02  0.863699792107463948E+00  0.664355637812775246E+01  0.455773312807662354E-01
 0.119600E+02  0.866549665938160407E+00  0.664343351277343164E+01  0.506913487331748444E-01
 0.120000E+02  0.869701170250296252E+00  0.664313857813797437E+01  0.531749735802152027E-01
 0.120400E+02  0.872971725838016632E+00  0.664239624150127028E+01  0.536426464682118395E-01
 0.120800E+02  0.876210358267908385E+00  0.664099892739417186E+01  0.522897210256463296E-01
 0.121200E+02  0.879271883696229439E+00  0.663878648537594529E+01  0.491002289674885711E-01
 0.121600E+02  0.882009788026538732E+00  0.663562956712207441E+01  0.441180536184803684E-01
 0.122000E+02  0.884289528148857307E+00  0.663141936230397366E+01  0.376213832967922379E-01
 0.122400E+02  0.886008137842531296E+00  0.662606320926916403E+01  0.301081291711928316E-01
 0.122800E+02  0.887104879867256280E+00  0.661948180781929185E+01  0.221129170072307951E-01
 0.123200E+02  0.887556012042987619E+00  0.661160741840164157E+01  0.139768706225139924E-01
 0.123600E+02  0.887352864671381858E+00  0.660238132796984534E+01  0.572208755000030989E-02
 0.124000E+02  0.886478303287949743E+00  0.659175422672231281E+01  0.541951724286425691E-03
 0.124400E+02  0.886349755146250140E+00  0.658115950845190145E+01  0.238673456744072990E-01
 0.124800E+02  0.887983821274248353E+00  0.657172143709740908E+01  0.449191094533484547E-01
 0.125200E+02  0.891289122331561545E+00  0.656349517580551289E+01  0.660440011691550838E-01
 0.125600E+02  0.896362571372989803E+00  0.655673194193277986E+01  0.894288549982447389E-01
 0.126000E+02  0.903441701442556977E+00  0.655180992314458344E+01  0.116296270802517490E+00
 0.126400E+02  0.912809838693103170E+00  0.654912535423176490E+01  0.146548272695628812E+00
 0.126800E+02  0.924695353351652760E+00  0.654898672780161384E+01  0.178989527769385870E+00
 0.127200E+02  0.939208652730777138E+00  0.655156087317982028E+01  0.212011439592396100E+00
 0.127600E+02  0.956342474420808886E+00  0.655688608719684218E+01  0.244423866250456201E+00
 0.128000E+02  0.976032901627031380E+00  0.656494890241835360E+01  0.276069501027520314E+00
 0.128400E+02  0.998250404317783890E+00  0.657578791818302832E+01  0.307961867304916870E+00
 0.128800E+02  0.102308225489771676E+01  0.658958855747640104E+01  0.341902677894524887E+00
 0.129200E+02  0.104998151164064590E+01  0.660593621003819109E+01  0.346429277090727794E+00
 0.129600E+02  0.107629768608219889E+01  0.662234621639015764E+01  0.335258099317307823E+00
 0.130000E+02  0.110164596897444844E+01  0.663861654453053873E+01  0.322277879660371136E+00
 0.130400E+02  0.112589422467605171E+01  0.665478352774975068E+01  0.307752508437579675E+00
 0.130800E+02  0.114892073115491833E+01  0.667085088806171811E+01  0.291750879243116601E+00
 0.131200E+02  0.117061339741802817E+01  0.668678037777203738E+01  0.274506769967558406E+00
 0.131600E+02  0.119089326379887628E+01  0.670253026442742872E+01  0.256644810485407660E+00
 0.132000E+02  0.120974800816482730E+01  0.671812143622451252E+01  0.239192728626841628E+00
 0.132400E+02  0.122725849527614694E+01  0.673370120192265365E+01  0.223408295510539923E+00
 0.132800E+02  0.124360735961049440E+01  0.674958049557943873E+01  0.210532268661053096E+00
 0.133200E+02  0.125906918735206719E+01  0.676622771933924927E+01  0.201601445301343052E+00
 0.133600E+02  0.127399197083854610E+01  0.678423212128529052E+01  0.197410502154881595E+00
 0.134000E+02  0.128875899490543766E+01  0.680422953188191659E+01  0.195761493570983797E+00
 0.134400E+02  0.130308117995003725E+01  0.682616547784103211E+01  0.185968196709527439E+00
 0.134800E+02  0.131642741575276245E+01  0.684969654871556788E+01  0.171443029866024665E+00
 0.135200E+02  0.132845971687000075E+01  0.687459724795166505E+01  0.153285545923492084E+00
 0.135600E+02  0.133893876058144956E+01  0.690067992820356402E+01  0.132842497170837959E+00
 0.136000E+02  0.134773474455655884E+01  0.692783587766294051E+01  0.111449098376828329E+00
 0.136400E+02  0.135481298957740526E+01  0.695603811530250837E+01  0.901099571573672209E-01
 0.136800E+02  0.136019858506762903E+01  0.698531712757694745E+01  0.692876828917179111E-01
 0.137200E+02  0.136393228282970513E+01  0.701571032612205059E+01  0.489342667223364586E-01
 0.137600E+02  0.136604015322826866E+01  0.704721789173128244E+01  0.287930962881143733E-01
 0.138000E+02  0.136653517220577081E+01  0.707978840725925185E+01  0.886290775584597929E-02
 0.138400E+02  0.136545514740153417E+01  0.711335085852496984E+01 -0.101796649942076933E-01
 0.138800E+02  0.136292582094971548E+01  0.714788573312640096E+01 -0.268111730204847604E-01
 0.139200E+02  0.136076810037853502E+01  0.718507377884380638E+01  0.848403907372508037E-02
 0.139600E+02  0.136175993166177256E+01  0.722770806353476658E+01  0.476066971456697505E-01
 0.140000E+02  0.136581847245555177E+01  0.727580651672739531E+01  0.852671510025428264E-01
 0.140400E+02  0.137282665917877922E+01  0.732938249641947781E+01  0.121441844003290431E+00
 0.140800E+02  0.138266367590088035E+01  0.738847122703810211E+01  0.156150826494117184E+00
 0.141200E+02  0.139522280162658596E+01  0.745313989588392456E+01  0.189766901784469588E+00
 0.141600E+02  0.141044194991208061E+01  0.752351192791258860E+01  0.223036745224351407E+00
 0.142000E+02  0.142832552036147664E+01  0.759978548288755906E+01  0.256819107290280790E+00
 0.142400E+02  0.144893883463759643E+01  0.768222946197643974E+01  0.291711435237591798E+00
 0.142800E+02  0.147237578648444312E+01  0.777115837773190865E+01  0.327806697841205363E+00
 0.143200E+02  0.149871913937850132E+01  0.786689822219004853E+01  0.364760678577108366E+00
 0.143600E+02  0.152801957489836182E+01  0.796977080353668743E+01  0.402181943867107261E+00
 0.144000E+02  0.155994733751005077E+01  0.807973808155002438E+01  0.417186230413273629E+00
 0.144400E+02  0.159170865432293618E+01  0.819416951456590148E+01  0.407370484701586655E+00
 0.144800E+02  0.162262805697264723E+01  0.831241275306449090E+01  0.396999904546601778E+00
 0.145200E+02  0.165274651107900739E+01  0.843456808942318581E+01  0.388079157293155286E+00
 0.145600E+02  0.168222285258495763E+01  0.856090081496688882E+01  0.381460350091812395E+00
 0.146000E+02  0.171123529901903182E+01  0.869173143461243924E+01  0.376851429477701116E+00
 0.146400E+02  0.173990797929845509E+01  0.882734068466525734E+01  0.373297121897267603E+00
 0.146800E+02  0.176828465364626242E+01  0.896792582799053761E+01  0.369867257945396322E+00
 0.147200E+02  0.179635455613713257E+01  0.911362487716226255E+01  0.366227858765798109E+00
 0.147600E+02  0.182411256654782328E+01  0.926459567117609950E+01  0.362860832875531891E+00
 0.148000E+02  0.185161956669127692E+01  0.942110800052174469E+01  0.360882676304954741E+00
 0.148400E+02  0.187903755565021391E+01  0.958360960107792792E+01  0.361603961776631455E+00
 0.148800E+02  0.190662551814170178E+01  0.975273598895756244E+01  0.361598436485911778E+00
 0.149200E+02  0.193260152280873987E+01  0.992711579615236950E+01  0.320548887773991209E+00
 0.149600E+02  0.195511388025159949E+01  0.101051681321884477E+02  0.275810241823390700E+00
 0.150000E+02  0.197391900950333188E+01  0.102868194419789045E+02  0.228647538676484574E+00
 0.150400E+02  0.198885223714802484E+01  0.104719691243028912E+02  0.179721651984233399E+00
 0.150800E+02  0.199977566208943025E+01  0.106604395765307647E+02  0.129066691978072579E+00
 0.151200E+02  0.200653850807327672E+01  0.108519753548883742E+02  0.763860197952420522E-01
 0.151600E+02  0.200897001520047436E+01  0.110462932610337763E+02  0.215524844544247619E-01
 0.152000E+02  0.200691238243109593E+01  0.112431585823034901E+02 -0.349143300896153017E-01
 0.152400E+02  0.200028268164294243E+01  0.114424704890344113E+02 -0.916284231781607506E-01
 0.152800E+02  0.198914048927829712E+01  0.116443229161865744E+02 -0.146506874142561722E+00
 0.153200E+02  0.197372217267553673E+01  0.118490103566784999E+02 -0.197288125263516745E+00
 0.153600E+02  0.195442986195522983E+01  0.120569799076794837E+02 -0.242190081551154957E+00
 0.154000E+02  0.193247376942866200E+01  0.122694665193480414E+02 -0.251832230340654273E+00
 0.154400E+02  0.191046325796735705E+01  0.124893464508309080E+02 -0.251246687184474515E+00
 0.154800E+02  0.188831645912864676E+01  0.127170011637647260E+02 -0.254408273481137592E+00
 0.155200E+02  0.186575495032955452E+01  0.129526650392920804E+02 -0.260530605314304942E+00
 0.155600E+02  0.184259686022364888E+01  0.131967295343242785E+02 -0.268085141728213183E+00
 0.156000E+02  0.181878976565083250E+01  0.134497608423993267E+02 -0.275473848609763483E+00
 0.156400E+02  0.179439057983902606E+01  0.137124294708033787E+02 -0.281679740457362382E+00
 0.156800E+02  0.176950425019935054E+01  0.139853531731435687E+02 -0.286543886247817459E+00
 0.157200E+02  0.174422073925809151E+01  0.142688398517899095E+02 -0.290523330361984244E+00
 0.157600E+02  0.171858963359025907E+01  0.145625805968178206E+02 -0.294061494715108618E+00
 0.158000E+02  0.169264836600178126E+01  0.148654766304859542E+02 -0.296912397739233225E+00
 0.158400E+02  0.166649432883099191E+01  0.151758867750924900E+02 -0.297800089330862827E+00
 0.158800E+02  0.164048656597169584E+01  0.154924354081997304E+02 -0.279222561650391499E+00
 0.159200E+02  0.161765992189437791E+01  0.158172181450471570E+02 -0.225745335856226775E+00
 0.159600E+02  0.159890082741765638E+01  0.161513099582506214E+02 -0.176309115350096884E+00
 0.160000E+02  0.158390249202588373E+01  0.164951544198572186E+02 -0.130465109751654373E+00
 0.160400E+02  0.157239295105905574E+01  0.168487869775819945E+02 -0.877132537789897526E-01
 0.160800E+02  0.156415081704874948E+01  0.172108899142254614E+02 -0.472737541101020883E-01
 0.161200E+02  0.155902999269125475E+01  0.175787915412755815E+02 -0.803969448624220796E-02
 0.161600E+02  0.155698324599367188E+01  0.179495773391261011E+02  0.312937495656830586E-01
 0.162000E+02  0.155806878837844009E+01  0.183213329342252287E+02  0.720185181374201899E-01
 0.162400E+02  0.156244256230570544E+01  0.186933082343281107E+02  0.115248193410541919E+00
 0.162800E+02  0.157034105251315514E+01  0.190651468147668872E+02  0.161892545150511435E+00
 0.163200E+02  0.158206995117335780E+01  0.194363741375217067E+02  0.212782052199386701E+00
 0.163600E+02  0.159800495041700930E+01  0.198064321403765611E+02  0.268866272180236454E+00
 0.164000E+02  0.161693309539516950E+01  0.201729892921142699E+02  0.277296830261014537E+00
 0.164400E+02  0.163582552049197738E+01  0.205315040655896581E+02  0.273624425417726413E+00
 0.164800E+02  0.165414935192090828E+01  0.208799165451125965E+02  0.264522144871406351E+00
 0.165200E+02  0.167152359739701417E+01  0.212173113481925206E+02  0.251305507903723968E+00
 0.165600E+02  0.168766687144256489E+01  0.215442339239748719E+02  0.235135498453976272E+00
 0.166000E+02  0.170238239750997056E+01  0.218618188735492289E+02  0.216980497566299224E+00
 0.166400E+02  0.171554418895521832E+01  0.221701710415140703E+02  0.197646396160471055E+00
 0.166800E+02  0.172708758234176663E+01  0.224672625032429529E+02  0.177886061443790100E+00
 0.167200E+02  0.173701254600558741E+01  0.227488271008650074E+02  0.158562853078180299E+00
 0.167600E+02  0.174539834140505090E+01  0.230093661834289982E+02  0.140807558779557834E+00
 0.168000E+02  0.175242969604671561E+01  0.232439640702650685E+02  0.126096271700051693E+00
 0.168400E+02  0.175842254445063317E+01  0.234496006504554870E+02  0.116197769680097068E+00
 0.168800E+02  0.176391591436193296E+01  0.236252440423173020E+02  0.117273492608268207E+00
 0.169200E+02  0.176970261090643621E+01  0.237720392622698746E+02  0.120739537288572660E+00
 0.169600E+02  0.177557549529908876E+01  0.238924579269960518E+02  0.119960042856256444E+00
 0.170000E+02  0.178122635423122166E+01  0.239903913013874046E+02  0.115600764289299149E+00
 0.170400E+02  0.178639521794622480E+01  0.240696334829648286E+02  0.108260210858410783E+00
 0.170800E+02  0.179087670848801550E+01  0.241332176236715483E+02  0.987982423859318504E-01
 0.171200E+02  0.179455039455445409E+01  0.241838240360792334E+02  0.885020030924987267E-01
 0.171600E+02  0.179741278659512771E+01  0.242241329432796704E+02  0.789949711305920899E-01
 0.172000E+02  0.179959345759498146E+01  0.242563651467627359E+02  0.719324840710654639E-01
 0.172400E+02  0.180134367702955123E+01  0.242823295479068442E+02  0.686437410224852163E-01
 0.172800E+02  0.180299980439541074E+01  0.243032645679827084E+02  0.699187636808753510E-01
 0.173200E+02  0.180494134807568418E+01  0.243197789140052301E+02  0.760746468562147754E-01
 0.173600E+02  0.180756538268214895E+01  0.243328286546616290E+02  0.848321688650398587E-01
 0.174000E+02  0.181008964160102548E+01  0.243416951830190271E+02  0.725452159110536732E-01
 0.174400E+02  0.181156316560201014E+01  0.243444798047287492E+02  0.588413580842100034E-01
 0.174800E+02  0.181192190633014505E+01  0.243382807694195051E+02  0.448773870749649348E-01
 0.175200E+02  0.181118332743667665E+01  0.243186570990914888E+02  0.314767580731451294E-01
 0.175600E+02  0.180941276805592088E+01  0.242818534094930634E+02  0.190011722678390393E-01
 0.176000E+02  0.180669096404244978E+01  0.242258199591603294E+02  0.748308262336615931E-02
 0.176400E+02  0.180309606709466141E+01  0.241505969245166163E+02 -0.311960888364187089E-02
 0.176800E+02  0.179870578591405361E+01  0.240578490656381270E+02 -0.127313241805741065E-01
 0.177200E+02  0.179360881587245280E+01  0.239510655091522224E+02 -0.211524169307307289E-01
 0.177600E+02  0.178790764098663413E+01  0.238341279772388290E+02 -0.282327142036439410E-01
 0.178000E+02  0.178170814702147462E+01  0.237088217771758174E+02 -0.340955163702899230E-01
 0.178400E+02  0.177509030892233621E+01  0.235753387640239893E+02 -0.392338981009638238E-01
 0.178800E+02  0.176799502800441011E+01  0.234342801389643505E+02 -0.487092531921535440E-01
 0.179200E+02  0.175980758180178465E+01  0.232868227420301324E+02 -0.666602294856075972E-01
 0.179600E+02  0.174998958717925768E+01  0.231351802021203774E+02 -0.896980778872644158E-01
 0.180000E+02  0.173825251575987694E+01  0.229816258477912925E+02 -0.114900505646417864E+00
 0.180400E+02  0.172451130225043325E+01  0.228274586375128479E+02 -0.140258960326776649E+00
 0.180800E+02  0.170878696154734433E+01  0.226731273432075895E+02 -0.165162206294297786E+00
 0.181200E+02  0.169109853142155742E+01  0.225177901845538422E+02 -0.190195489062565726E+00
 0.181600E+02  0.167139464941727667E+01  0.223592592885385066E+02 -0.216376334698412720E+00
 0.182000E+02  0.164955759467479224E+01  0.221944214859881370E+02 -0.244205738164673364E+00
 0.182400E+02  0.162547395991802501E+01  0.220202842888046710E+02 -0.272987912962865564E+00
 0.182800E+02  0.159913906507218284E+01  0.218348426613800157E+02 -0.300740861705908136E+00
 0.183200E+02  0.157074183436561743E+01  0.216376040780752135E+02 -0.324737824782253603E+00
 0.183600E+02  0.154079807585842121E+01  0.214294958953864736E+02 -0.328901876663334536E+00
 0.184000E+02  0.151215380287703316E+01  0.212142906574122350E+02 -0.301122819873890057E+00
 0.184400E+02  0.148563881518772667E+01  0.209940245871374778E+02 -0.276715860107336065E+00
 0.184800E+02  0.146097362680126541E+01  0.207699111177288422E+02 -0.255945491557709404E+00
 0.185200E+02  0.143785619913841822E+01  0.205439835703938520E+02 -0.239026281685893238E+00
 0.185600E+02  0.141598406234762209E+01  0.203186075469817133E+02 -0.225685968911602197E+00
 0.186000E+02  0.139510406577924329E+01  0.200962104292442660E+02 -0.214924806633521592E+00
 0.186400E+02  0.137507142464931120E+01  0.198791706306254916E+02 -0.205068836105864460E+00
 0.186800E+02  0.135589131027190679E+01  0.196694761419907387E+02 -0.194097196977637054E+00
 0.187200E+02  0.133772917543516501E+01  0.194691492945731817E+02 -0.180112371871113369E+00
 0.187600E+02  0.132088161488298450E+01  0.192802761421170494E+02 -0.161762373398155357E+00
 0.188000E+02  0.130572434611859478E+01  0.191048378838386732E+02 -0.138442275568548101E+00
 0.188400E+02  0.129265310930857691E+01  0.189441940808057474E+02 -0.110191559072212383E+00
 0.188800E+02  0.128226248230534456E+01  0.187990604013288731E+02 -0.716935443618628571E-01
 0.189200E+02  0.127486488552708122E+01  0.186695346815678818E+02 -0.368899812165180488E-01
 0.189600E+02  0.127009961622209477E+01  0.185548951566796347E+02 -0.630481706032234857E-02
 0.190000E+02  0.126767414649937127E+01  0.184545855549826712E+02  0.213826161104289647E-01
 0.190400E+02  0.126742150142468235E+01  0.183685520868537111E+02  0.479114147710547750E-01
 0.190800E+02  0.126931445998645809E+01  0.182973016188494455E+02  0.749343951878846670E-01
 0.191200E+02  0.127343832311625138E+01  0.182418129818827595E+02  0.103568973031797726E+00
 0.191600E+02  0.127993927132007967E+01  0.182032052675294693E+02  0.134196635072136805E+00
 0.192000E+02  0.128896741525389325E+01  0.181825071971332157E+02  0.166590379596318700E+00
 0.192400E+02  0.130064262616538295E+01  0.181805459203580000E+02  0.200305528816609124E+00
 0.192800E+02  0.131505590765465130E+01  0.181977810357510421E+02  0.235154868385649030E+00
 0.193200E+02  0.133230660036579218E+01  0.182343907149203837E+02  0.271556414149319192E+00
 0.193600E+02  0.135221328344635716E+01  0.182901861295465871E+02  0.289099982131178823E+00
 0.194000E+02  0.137230382822556618E+01  0.183624248167615889E+02  0.284368228528676048E+00
 0.194400E+02  0.139195036420606955E+01  0.184498975179134277E+02  0.278440476925045699E+00
 0.194800E+02  0.141107789448091347E+01  0.185517907167540095E+02  0.271770089330054088E+00
 0.195200E+02  0.142962239610011554E+01  0.186670527479434689E+02  0.264218835056897694E+00
 0.195600E+02  0.144750112297429756E+01  0.187943543794616019E+02  0.255560449698244319E+00
 0.196000E+02  0.146462789228502244E+01  0.189319723361988608E+02  0.246014887117796732E+00
 0.196400E+02  0.148096191335426286E+01  0.190780986199476672E+02  0.236517740969048679E+00
 0.196800E+02  0.149656202686381556E+01  0.192315442268662409E+02  0.228568119798956360E+00
 0.197200E+02  0.151161293837064070E+01  0.193912253286726468E+02  0.223721239801935090E+00
 0.197600E+02  0.152640589506839497E+01  0.195548041951823492E+02  0.222984116998639292E+00
 0.198000E+02  0.154127757630826800E+01  0.197191999258052952E+02  0.226442026677885488E+00
 0.198400E+02  0.155653787140301558E+01  0.198824907935711224E+02  0.232687255893115563E+00
 0.198800E+02  0.157198304930197086E+01  0.200442926305149882E+02  0.230068666221770357E+00
 0.199200E+02  0.158695009468923232E+01  0.202050357252348114E+02  0.221797237603490460E+00
 0.199600E+02  0.160110422990707368E+01  0.203661467510304242E+02  0.210847835561092517E+00
 0.200000E+02  0.161432715126964577E+01  0.205296493354840415E+02  0.199452957666736708E+00
 0.200400E+02  0.162662463295661408E+01  0.206970246036913892E+02  0.188399237329690522E+00
 0.200800E+02  0.163801101884490063E+01  0.208679442834749054E+02  0.177190519204130620E+00
 0.201200E+02  0.164843793798887028E+01  0.210398414506165814E+02  0.164932053275042706E+00
 0.201600E+02  0.165780649910291533E+01  0.212087967478478916E+02  0.151418905623911443E+00
 0.202000E+02  0.166605310803322126E+01  0.213707709556426089E+02  0.137815882957864982E+00
 0.202400E+02  0.167326012873275887E+01  0.215224916167316778E+02  0.126531993020557287E+00
 0.202800E+02  0.167972357019770446E+01  0.216617171601803129E+02  0.120315710737018203E+00
 0.203200E+02  0.168593175726008582E+01  0.217868198507791178E+02  0.121019842961266777E+00
 0.203600E+02  0.169297423277726566E+01  0.218970659339762221E+02  0.149492361969747189E+00
 0.204000E+02  0.170271398468989776E+01  0.219935333591415656E+02  0.181979791777600292E+00
 0.204400E+02  0.171476663289915066E+01  0.220763084541335921E+02  0.207686503865000482E+00
 0.204800E+02  0.172863923170514444E+01  0.221464673689513418E+02  0.228065937662039364E+00
 0.205200E+02  0.174399836737434488E+01  0.222060854199677813E+02  0.245545711880981898E+00
 0.205600E+02  0.176071922100095701E+01  0.222578034247266281E+02  0.262762917319237621E+00
 0.206000E+02  0.177887142320921465E+01  0.223039377535410246E+02  0.281832408011772118E+00
 0.206400E+02  0.179865833568651734E+01  0.223464260984632475E+02  0.303942539156263680E+00
 0.206800E+02  0.182034009437231248E+01  0.223868721397117412E+02  0.329395595283938802E+00
 0.207200E+02  0.184417810650976643E+01  0.224256234890046962E+02  0.358001858852905475E+00
 0.207600E+02  0.187041570733366758E+01  0.224627443990533635E+02  0.389591809903085617E+00
 0.208000E+02  0.189929551322698065E+01  0.224980590565181835E+02  0.424395478710806129E+00
 0.208400E+02  0.193095895226162284E+01  0.225305398263039507E+02  0.445498851877223045E+00
 0.208800E+02  0.196230206080871494E+01  0.225554695530204832E+02  0.423185011876103800E+00
 0.209200E+02  0.199167507491844908E+01  0.225692273936102801E+02  0.396575834396879268E+00
 0.209600E+02  0.201882344065024721E+01  0.225695466443368069E+02  0.367900319551811072E+00
 0.210000E+02  0.204365461582370100E+01  0.225547598862741800E+02  0.338793939163979596E+00
 0.210400E+02  0.206616345921754441E+01  0.225240323623691658E+02  0.309749004830545405E+00
 0.210800E+02  0.208634023788467760E+01  0.224773605715427500E+02  0.280204650202473926E+00
 0.211200E+02  0.210411034396447905E+01  0.224146454961894896E+02  0.249239104985823468E+00
 0.211600E+02  0.211934289844676282E+01  0.223357194118231277E+02  0.216515790668732444E+00
 0.212000E+02  0.213192791201732801E+01  0.222407009769679753E+02  0.182993188286030672E+00
 0.212400E+02  0.214188861781126771E+01  0.221305124514584435E+02  0.151004115144730194E+00
 0.212800E+02  0.214946848847501526E+01  0.220069500851078921E+02  0.123605601769617837E+00
 0.213200E+02  0.215514747579797294E+01  0.218723489388255921E+02  0.103462417231733550E+00
 0.213600E+02  0.216095222978906598E+01  0.217308419712675693E+02  0.133697964244985368E+00
 0.214000E+02  0.216943971402828639E+01  0.215875515754468843E+02  0.165313839238560717E+00
 0.214400E+02  0.218028941148023003E+01  0.214445079477458869E+02  0.191930680287699329E+00
 0.214800E+02  0.219309749033467138E+01  0.213030120204190041E+02  0.213742051683236567E+00
 0.215200E+02  0.220752900826019260E+01  0.211638450568260481E+02  0.232218409547170074E+00
 0.215600E+02  0.222339668968700632E+01  0.210272554091731081E+02  0.249427118103972695E+00
 0.216000E+02  0.224067224578003410E+01  0.208932365931298953E+02  0.267136570647120763E+00
 0.216400E+02  0.225943583037510765E+01  0.207619167777769924E+02  0.286169274150103958E+00
 0.216800E+02  0.227979002516695406E+01  0.206335180338650197E+02  0.306315844923457592E+00
 0.217200E+02  0.230179671131509833E+01  0.205083381169527712E+02  0.326826528930377558E+00
 0.217600E+02  0.232545974918535814E+01  0.203867680282352310E+02  0.347199201765682142E+00
 0.218000E+02  0.235077693493927420E+01  0.202691142109736475E+02  0.367836136354502408E+00
 0.218400E+02  0.237785540968305220E+01  0.201557825185596151E+02  0.392392890008463002E+00
 0.218800E+02  0.240708389698420255E+01  0.200474016457812745E+02  0.419976404347372101E+00
 0.219200E+02  0.243855645962473844E+01  0.199441194166126436E+02  0.448083898259251545E+00
 0.219600E+02  0.247231518539211281E+01  0.198460048504597495E+02  0.476660462931454088E+00
 0.220000E+02  0.250838241796128125E+01  0.197530614211560476E+02  0.505306519160569456E+00
 0.220400E+02  0.254674470061087499E+01  0.196652420033231365E+02  0.533564003963854283E+00
 0.220800E+02  0.258735642259278897E+01  0.195824889036693186E+02  0.561193627351817770E+00
 0.221200E+02  0.263017016782242985E+01  0.195047508359438027E+02  0.588317997408250859E+00
 0.221600E+02  0.267515917118055002E+01  0.194320786963687446E+02  0.615376056965070917E+00
 0.222000E+02  0.272233960625384830E+01  0.193647532976687842E+02  0.642930877684476543E+00
 0.222400E+02  0.277176944664127900E+01  0.193032471324846568E+02  0.671439434011789182E+00
 0.222800E+02  0.282353421347337452E+01  0.192485490689752332E+02  0.701103366037748144E+00
 0.223200E+02  0.287772408074541453E+01  0.192020634446727065E+02  0.722890497638354779E+00
 0.223600E+02  0.293036454905574395E+01  0.191612956513322246E+02  0.660955236462763107E+00
 0.224000E+02  0.297784354910128002E+01  0.191239819768828774E+02  0.593710124977453790E+00
 0.224400E+02  0.301977802096642645E+01  0.190910434333037990E+02  0.522253282395023444E+00
 0.224800E+02  0.305586977314276975E+01  0.190633559087152626E+02  0.447572017428704727E+00
 0.225200E+02  0.308589412858324152E+01  0.190417400306764009E+02  0.370548026626841664E+00
 0.225600E+02  0.310969511892201833E+01  0.190270445780916404E+02  0.292025508619962182E+00
 0.226000E+02  0.312718662059311558E+01  0.190201740108386979E+02  0.212912927403951374E+00
 0.226400E+02  0.313835899214472169E+01  0.190221134502092717E+02  0.134261804565769582E+00
 0.226800E+02  0.314329399242181129E+01  0.190340400016529934E+02  0.572764140676660857E-01
 0.227200E+02  0.314217256592592120E+01  0.190572285784740956E+02 -0.167600146269573577E-01
 0.227600E+02  0.313527829060146468E+01  0.190930024330272801E+02 -0.866158497873021210E-01
 0.228000E+02  0.312298510072447666E+01  0.191424983880841104E+02 -0.151235852952855021E+00
 0.228400E+02  0.310647037557762928E+01  0.192073396705458421E+02 -0.180112324351195396E+00
 0.228800E+02  0.308844554732437349E+01  0.192904818314886768E+02 -0.197067657213737091E+00
 0.229200E+02  0.306899787250576361E+01  0.193920968905287623E+02 -0.215145418317328446E+00
 0.229600E+02  0.304807415554191641E+01  0.195119979172199436E+02 -0.233385005363690085E+00
 0.230000E+02  0.302568342827935899E+01  0.196498473901027211E+02 -0.251235309718346345E+00
 0.230400E+02  0.300185896075531300E+01  0.198053152901165994E+02 -0.268640929362120751E+00
 0.230800E+02  0.297662514692690161E+01  0.199778283620624713E+02 -0.285845236426058746E+00
 0.231200E+02  0.294998702187049133E+01  0.201662731758914724E+02 -0.303030573664599734E+00
 0.231600E+02  0.292194824438175527E+01  0.203689803140077501E+02 -0.319997153991502636E+00
 0.232000E+02  0.289254801632142788E+01  0.205837139907932389E+02 -0.336062368262390943E+00
 0.232400E+02  0.286189385743791425E+01  0.208076293773413354E+02 -0.350246965470576765E+00
 0.232800E+02  0.283017187433052397E+01  0.210373468992320021E+02 -0.361661402502509111E+00
 0.233200E+02  0.279784212779385166E+01  0.212694605587507688E+02 -0.342629058292682309E+00
 0.233600E+02  0.276997404177293705E+01  0.215054041117060315E+02 -0.263671067164798045E+00
 0.234000E+02  0.274810939281526290E+01  0.217439722297101774E+02 -0.191675883982869388E+00
 0.234400E+02  0.273172158773636919E+01  0.219823801187872654E+02 -0.125772406167968032E+00
 0.234800E+02  0.272037078618609840E+01  0.222180686735313024E+02 -0.646793746773915712E-01
 0.235200E+02  0.271373379751231392E+01  0.224489662027076911E+02 -0.680149293485980688E-02
 0.235600E+02  0.271162149737520997E+01  0.226729800226846372E+02  0.495876335431895826E-01
 0.236000E+02  0.271398273402103474E+01  0.228882221011260363E+02  0.106142480284651328E+00
 0.236400E+02  0.272089006611499107E+01  0.230931529434824547E+02  0.164285220184439779E+00
 0.236800E+02  0.273251699588792674E+01  0.232866827686286264E+02  0.225127811232138764E+00
 0.237200E+02  0.274911422498768676E+01  0.234682631975618357E+02  0.289485841417898848E+00
 0.237600E+02  0.277098916067856305E+01  0.236371390453653731E+02  0.357969309678807412E+00
 0.238000E+02  0.279849363370827264E+01  0.237929695732252355E+02  0.431123326426671949E+00
 0.238400E+02  0.282997214367836625E+01  0.239339222662409092E+02  0.443866660197656859E+00
 0.238800E+02  0.286170496555959541E+01  0.240556231831018295E+02  0.443394939234776742E+00
 0.239200E+02  0.289318449262294175E+01  0.241570050667992291E+02  0.438225353367598935E+00
 0.239600E+02  0.292412087308855240E+01  0.242379564273599293E+02  0.430425530214516905E+00
 0.240000E+02  0.295437935332321100E+01  0.242992723424026877E+02  0.421780630268809298E+00
 0.240400E+02  0.298394609645282127E+01  0.243421501221050178E+02  0.413481909346842869E+00
 0.240800E+02  0.301287791340597932E+01  0.243671293250184426E+02  0.406121814260369418E+00
 0.241200E+02  0.304126297940725188E+01  0.243741099943573047E+02  0.399978857635552409E+00
 0.241600E+02  0.306921556447104527E+01  0.243628892515840860E+02  0.395448442868237438E+00
 0.242000E+02  0.309689632349749022E+01  0.243339377812579514E+02  0.393401403912824077E+00
 0.242400E+02  0.312455967052300831E+01  0.242885954837136637E+02  0.395296560332926927E+00
 0.242800E+02  0.315259468815665267E+01  0.242291398476925330E+02  0.402988760490235520E+00
 0.243200E+02  0.318121841257408011E+01  0.241585998962773552E+02  0.397592475322553263E+00
 0.243600E+02  0.320820456907567575E+01  0.240772986262403705E+02  0.367695471178797861E+00
 0.244000E+02  0.323253980591515200E+01  0.239863849911823976E+02  0.330927073029530949E+00
 0.244400E+02  0.325372512296490690E+01  0.238872162978255531E+02  0.288586936750995615E+00
 0.244800E+02  0.327137008657593098E+01  0.237808564647230583E+02  0.242106178681781359E+00
 0.245200E+02  0.328520076075877743E+01  0.236681119465496685E+02  0.192948402785093925E+00
 0.245600E+02  0.329505847486596926E+01  0.235494586605935972E+02  0.142497279117669962E+00
 0.246000E+02  0.330088820459670584E+01  0.234256874289854338E+02  0.920176888817882399E-01
 0.246400E+02  0.330273701321446289E+01  0.232978271987518042E+02  0.427307357956762043E-01
 0.246800E+02  0.330075138332343831E+01  0.231669880300453741E+02 -0.403085206314878625E-02
 0.247200E+02  0.329519336042303834E+01  0.230342742977356245E+02 -0.466756368121745355E-01
 0.247600E+02  0.328646489886428173E+01  0.229006801425179987E+02 -0.833172114775118239E-01
 0.248000E+02  0.327512546703083807E+01  0.227667516957013589E+02 -0.105848195144883528E+00
 0.248400E+02  0.326431861371961141E+01  0.226356508294034775E+02 -0.730186434448558547E-01
 0.248800E+02  0.325593072266829298E+01  0.225092101457490017E+02 -0.460710768597837467E-01
 0.249200E+02  0.324949884572319281E+01  0.223872750901795392E+02 -0.247427331291390946E-01
 0.249600E+02  0.324459669589224564E+01  0.222694071182141009E+02 -0.827921059044196481E-02
 0.250000E+02  0.324088829724518623E+01  0.221555220595197646E+02  0.484581995135550947E-02
