 0.000000E+00  0.467925184984834E+00  0.166487357138510E+00  0.301437827846328E+00
 0.100000E+01  0.390158275616302E-03  0.277500256427575E-03  0.112658019188727E-03
 0.200000E+01  0.412301382064493E-06  0.235791772443779E-06  0.176509609620714E-06
 0.300000E+01  0.641041588318366E-09  0.375833438354257E-09  0.265208149964109E-09
 0.400000E+01  0.125149534111054E-11  0.744859174827872E-12  0.506636166282672E-12
 0.500000E+01  0.767095409557999E-14  0.490086998793354E-14  0.277008410764645E-14
 0.600000E+01  0.207642964567243E-15  0.145391752273202E-15  0.622512122940408E-16
 0.700000E+01  0.132560126117064E-16  0.925855063398369E-17  0.399746197772272E-17
 0.800000E+01  0.182778754872598E-16  0.140571914641925E-16  0.422068402306736E-17
 0.900000E+01  0.503832120213383E-17  0.358570502094038E-17  0.145261618119344E-17
 0.100000E+02  0.556432049822009E-17  0.422597035496319E-17  0.133835014325691E-17
 0.110000E+02  0.299817164615272E-17  0.218545263829483E-17  0.812719007857895E-18
 0.120000E+02  0.149550149552074E-16  0.119146503207915E-16  0.304036463441595E-17
 0.130000E+02  0.249415940620312E-17  0.187618969298514E-17  0.617969713217981E-18
 0.140000E+02  0.337867244759891E-17  0.265806669907493E-17  0.720605748523987E-18
 0.150000E+02  0.200500703434728E-17  0.163074980163920E-17  0.374257232708079E-18
 0.160000E+02  0.118018123142974E-18  0.118018123142974E-18  0.000000000000000E+00
 0.170000E+02  0.000000000000000E+00  0.000000000000000E+00  0.000000000000000E+00
 0.180000E+02  0.000000000000000E+00  0.000000000000000E+00  0.000000000000000E+00
 0.190000E+02  0.000000000000000E+00  0.000000000000000E+00  0.000000000000000E+00
 0.200000E+02  0.000000000000000E+00  0.000000000000000E+00  0.000000000000000E+00
 0.210000E+02  0.000000000000000E+00  0.000000000000000E+00  0.000000000000000E+00
 0.220000E+02  0.000000000000000E+00  0.000000000000000E+00  0.000000000000000E+00
 0.230000E+02  0.000000000000000E+00  0.000000000000000E+00  0.000000000000000E+00
 0.240000E+02  0.000000000000000E+00  0.000000000000000E+00  0.000000000000000E+00
