 0.100000E+01  0.234045105353338E+00
 0.200000E+01  0.159766661328613E-01
 0.300000E+01  0.477406754074775E-02
 0.400000E+01  0.154584923111234E-02
 0.500000E+01  0.103061462088054E-03
 0.600000E+01  0.381525559175680E-04
 0.700000E+01  0.322229904946032E-05
 0.800000E+01  0.937298452515666E-06
 0.900000E+01  0.205358508170709E-06
 0.100000E+02  0.236807847593128E-07
 0.110000E+02  0.955930593984773E-08
 0.120000E+02  0.899007985708763E-09
 0.130000E+02  0.295033324686420E-09
 0.140000E+02  0.520306133674267E-10
 0.150000E+02  0.811814774853487E-11
 0.160000E+02  0.347541276359146E-11
 0.170000E+02  0.357751173749459E-12
 0.180000E+02  0.133983908709539E-12
 0.190000E+02  0.260288016775065E-13
 0.200000E+02  0.589075327624206E-14
 0.210000E+02  0.336209315255316E-14
 0.220000E+02  0.506962936518026E-15
 0.230000E+02  0.266854798865772E-15
 0.240000E+02  0.713675518381321E-16
 0.250000E+02  0.214639362307692E-16
 0.260000E+02  0.127135612276762E-16
 0.270000E+02  0.240493851158520E-17
 0.280000E+02  0.139943766542612E-17
 0.290000E+02  0.609322102439071E-18
 0.300000E+02  0.138566969870616E-17
 0.310000E+02  0.595104821023582E-18
 0.320000E+02  0.299589558160703E-18
 0.330000E+02  0.370710075297102E-18
 0.340000E+02  0.436000371057439E-18
 0.350000E+02  0.401742701072464E-18
 0.360000E+02  0.157189979689170E-18
 0.370000E+02  0.235323689152553E-18
 0.380000E+02  0.210737639209586E-18
 0.390000E+02  0.883309547603140E-19
 0.400000E+02  0.788187600411683E-19
 0.410000E+02  0.573339379127646E-19
 0.420000E+02  0.458166975758012E-19
 0.430000E+02  0.636478361821243E-19
 0.440000E+02  0.557502734795091E-19
 0.450000E+02  0.842251420027439E-19
 0.460000E+02  0.133471216123578E-18
 0.470000E+02  0.184307556706358E-18
 0.480000E+02  0.479662688182096E-19
 0.490000E+02  0.169934602915624E-18
 0.500000E+02  0.123267370770990E-18
 0.510000E+02  0.481264900289273E-19
 0.520000E+02  0.287221441284851E-19
 0.530000E+02  0.278673509591681E-19
 0.540000E+02  0.547307287091577E-19
 0.550000E+02  0.278742997353962E-19
 0.560000E+02  0.321166323337434E-19
 0.570000E+02  0.231400660617802E-19
 0.580000E+02  0.738744711858154E-19
 0.590000E+02  0.602022927915067E-19
 0.600000E+02  0.156632935374900E-19
 0.610000E+02  0.841964017397098E-19
 0.620000E+02  0.734002112064947E-19
 0.630000E+02  0.408920690823041E-19
 0.640000E+02  0.163751753463055E-20
 0.650000E+02  0.000000000000000E+00
 0.660000E+02  0.000000000000000E+00
 0.670000E+02  0.000000000000000E+00
 0.680000E+02  0.000000000000000E+00
 0.690000E+02  0.000000000000000E+00
 0.700000E+02  0.000000000000000E+00
 0.710000E+02  0.000000000000000E+00
 0.720000E+02  0.000000000000000E+00
 0.730000E+02  0.000000000000000E+00
 0.740000E+02  0.000000000000000E+00
 0.750000E+02  0.000000000000000E+00
 0.760000E+02  0.000000000000000E+00
 0.770000E+02  0.000000000000000E+00
 0.780000E+02  0.000000000000000E+00
 0.790000E+02  0.000000000000000E+00
 0.800000E+02  0.000000000000000E+00
 0.810000E+02  0.000000000000000E+00
 0.820000E+02  0.000000000000000E+00
 0.830000E+02  0.000000000000000E+00
 0.840000E+02  0.000000000000000E+00
 0.850000E+02  0.000000000000000E+00
 0.860000E+02  0.000000000000000E+00
 0.870000E+02  0.000000000000000E+00
 0.880000E+02  0.000000000000000E+00
 0.890000E+02  0.000000000000000E+00
 0.900000E+02  0.000000000000000E+00
 0.910000E+02  0.000000000000000E+00
 0.920000E+02  0.000000000000000E+00
 0.930000E+02  0.000000000000000E+00
 0.940000E+02  0.000000000000000E+00
 0.950000E+02  0.000000000000000E+00
 0.960000E+02  0.000000000000000E+00
 0.970000E+02  0.000000000000000E+00
