 0.000000E+00  0.100234283467376E+00  0.507989255711552E-01  0.494353578962205E-01
 0.100000E+01  0.698174283935047E-03  0.698088911678130E-03  0.853722569164182E-07
 0.200000E+01  0.124353987813220E-10  0.103740598038333E-10  0.206133897748890E-11
 0.300000E+01  0.545132486817436E-16  0.505725478215748E-16  0.394070086016877E-17
 0.400000E+01  0.302014352949240E-20  0.226012026851247E-20  0.760023260979930E-21
 0.500000E+01  0.518529157945510E-20  0.401791665578658E-20  0.116737492366852E-20
 0.600000E+01  0.733399550464305E-20  0.631273882934047E-20  0.102125667530258E-20
 0.700000E+01  0.433536459852070E-20  0.348619196402818E-20  0.849172634492521E-21
 0.800000E+01  0.285396306924469E-20  0.214604423666679E-20  0.707918832577905E-21
 0.900000E+01  0.432493750527108E-20  0.358187782052799E-20  0.743059684743087E-21
 0.100000E+02  0.470997163173454E-20  0.400193922895659E-20  0.708032402777951E-21
 0.110000E+02  0.311293355286828E-20  0.253311683225982E-20  0.579816720608452E-21
 0.120000E+02  0.425991465317305E-20  0.374164009423346E-20  0.518274558939590E-21
 0.130000E+02  0.354243203910437E-20  0.312095927779092E-20  0.421472761313444E-21
 0.140000E+02  0.383151692755603E-20  0.352537916326019E-20  0.306137764295847E-21
 0.150000E+02  0.246677873387640E-20  0.231032421667913E-20  0.156454517197269E-21
 0.160000E+02  0.221861331465756E-23  0.221861331465756E-23  0.000000000000000E+00
 0.170000E+02  0.000000000000000E+00  0.000000000000000E+00  0.000000000000000E+00
 0.180000E+02  0.000000000000000E+00  0.000000000000000E+00  0.000000000000000E+00
 0.190000E+02  0.000000000000000E+00  0.000000000000000E+00  0.000000000000000E+00
 0.200000E+02  0.000000000000000E+00  0.000000000000000E+00  0.000000000000000E+00
 0.210000E+02  0.000000000000000E+00  0.000000000000000E+00  0.000000000000000E+00
 0.220000E+02  0.000000000000000E+00  0.000000000000000E+00  0.000000000000000E+00
 0.230000E+02  0.000000000000000E+00  0.000000000000000E+00  0.000000000000000E+00
 0.240000E+02  0.000000000000000E+00  0.000000000000000E+00  0.000000000000000E+00
