 0.000000E+00  0.151146696963545E+01  0.117176750368023E+01  0.339699465955222E+00
 0.100000E+01  0.176776263115521E-01  0.101256892825190E-01  0.755193702903310E-02
 0.200000E+01  0.413421030898503E-02  0.259265597001594E-02  0.154155433896910E-02
 0.300000E+01  0.142492203986629E-02  0.890300195329386E-03  0.534621844536904E-03
 0.400000E+01  0.613836083428821E-03  0.398748470741598E-03  0.215087612687223E-03
 0.500000E+01  0.252597425088198E-03  0.161958211444151E-03  0.906392136440470E-04
 0.600000E+01  0.120889932005969E-03  0.779781260880777E-04  0.429118059178915E-04
 0.700000E+01  0.598799763528035E-04  0.395196038118054E-04  0.203603725409981E-04
 0.800000E+01  0.330547527009525E-04  0.220092168236276E-04  0.110455358773249E-04
 0.900000E+01  0.175907670560296E-04  0.119082321912468E-04  0.568253486478276E-05
 0.100000E+02  0.106856771629159E-04  0.746678006324027E-05  0.321889709967566E-05
 0.110000E+02  0.646048920907894E-05  0.461107523372166E-05  0.184941397535728E-05
 0.120000E+02  0.384951738085378E-05  0.278149267732427E-05  0.106802470352951E-05
 0.130000E+02  0.202237065753968E-05  0.143944600134967E-05  0.582924656190005E-06
 0.140000E+02  0.947137050583187E-06  0.677390685879732E-06  0.269746364703455E-06
 0.150000E+02  0.355257821099926E-06  0.276256724551023E-06  0.790010965489029E-07
 0.160000E+02  0.248600931507248E-10  0.248600931507248E-10  0.000000000000000E+00
 0.170000E+02  0.000000000000000E+00  0.000000000000000E+00  0.000000000000000E+00
 0.180000E+02  0.000000000000000E+00  0.000000000000000E+00  0.000000000000000E+00
 0.190000E+02  0.000000000000000E+00  0.000000000000000E+00  0.000000000000000E+00
 0.200000E+02  0.000000000000000E+00  0.000000000000000E+00  0.000000000000000E+00
 0.210000E+02  0.000000000000000E+00  0.000000000000000E+00  0.000000000000000E+00
 0.220000E+02  0.000000000000000E+00  0.000000000000000E+00  0.000000000000000E+00
 0.230000E+02  0.000000000000000E+00  0.000000000000000E+00  0.000000000000000E+00
 0.240000E+02  0.000000000000000E+00  0.000000000000000E+00  0.000000000000000E+00
