 0.000000E+00  0.144188717884789E-03  0.000000000000000E+00  0.000000000000000E+00
 0.100000E+01  0.701708967423553E+00  0.540596790106207E+00  0.161099685356021E+00
 0.200000E+01  0.120291653700375E+00  0.192925230058094E-04  0.120200724790493E+00
 0.300000E+01  0.255642008507964E-01  0.323583639101344E-04  0.253256567957578E-01
 0.400000E+01  0.235245974149532E-01  0.398731921791295E-04  0.229036739347066E-01
 0.500000E+01  0.308454710785543E-01  0.597633422643185E-04  0.286775190450044E-01
 0.600000E+01  0.973587503657992E-02  0.491470044039488E-04  0.713983619721148E-02
 0.700000E+01  0.978372865514671E-02  0.439810549834607E-04  0.756283567363880E-02
 0.800000E+01  0.492755731922952E-02  0.388571588613024E-04  0.373101831806366E-02
 0.900000E+01  0.254110571093950E-02  0.281984794751750E-04  0.178248226498567E-02
 0.100000E+02  0.281215544201460E-02  0.186120528387068E-04  0.219264986922951E-02
 0.110000E+02  0.148257681457282E-02  0.107726523078666E-04  0.985741507967042E-03
 0.120000E+02  0.119434367489372E-02  0.740774237506514E-05  0.764163455291289E-03
 0.130000E+02  0.109243211735622E-02  0.500392467939204E-05  0.704182862750358E-03
 0.140000E+02  0.522836955295880E-03  0.397364260973365E-05  0.260301548963504E-03
 0.150000E+02  0.514014507025307E-03  0.246164695480444E-05  0.321780188765164E-03
 0.160000E+02  0.426404819412493E-03  0.158503433445034E-05  0.272865531060367E-03
 0.170000E+02  0.292236440423543E-03  0.279287335579192E-05  0.164736835313650E-03
 0.180000E+02  0.276634930526153E-03  0.349408612258101E-05  0.177482275253382E-03
 0.190000E+02  0.140948965612278E-03  0.304319687415011E-05  0.737526529560086E-04
 0.200000E+02  0.132504192983359E-03  0.212931256397819E-05  0.765012568658043E-04
 0.210000E+02  0.123392974111152E-03  0.170916841155284E-05  0.731766830130449E-04
 0.220000E+02  0.826873255918960E-04  0.123163604906799E-05  0.428601176212864E-04
 0.230000E+02  0.778729866805557E-04  0.108205653814473E-05  0.455381484082522E-04
 0.240000E+02  0.501042297914891E-04  0.750246343814587E-06  0.240504836938847E-04
 0.250000E+02  0.500208180191927E-04  0.487610537350355E-06  0.280104520498543E-04
 0.260000E+02  0.455621063709853E-04  0.324329763868019E-06  0.261727080184890E-04
 0.270000E+02  0.283043571491499E-04  0.219043119180949E-06  0.135270669804370E-04
 0.280000E+02  0.288501517612402E-04  0.149848790479269E-06  0.173390247003952E-04
 0.290000E+02  0.202351350197249E-04  0.193900122860365E-06  0.100298699911856E-04
 0.300000E+02  0.171011855227917E-04  0.170927004558354E-06  0.928921224679753E-05
 0.310000E+02  0.157117830263392E-04  0.186093920178495E-06  0.858933368232878E-05
 0.320000E+02  0.999604383309996E-05  0.121354227276557E-06  0.468551752270366E-05
 0.330000E+02  0.985140131357489E-05  0.847454290763411E-07  0.521819380761235E-05
 0.340000E+02  0.721034688782464E-05  0.562898860222227E-07  0.327558346475393E-05
 0.350000E+02  0.537349049342584E-05  0.385127932118801E-07  0.245277675597425E-05
 0.360000E+02  0.487999233450390E-05  0.468754201836619E-07  0.224174214989579E-05
 0.370000E+02  0.333253398698229E-05  0.343680893926860E-07  0.122717528600710E-05
 0.380000E+02  0.327951858139219E-05  0.307895523703541E-07  0.137322162907010E-05
 0.390000E+02  0.237329559714291E-05  0.257844532400200E-07  0.833909731983508E-06
 0.400000E+02  0.174270134779620E-05  0.220013924555623E-07  0.548662296804322E-06
 0.410000E+02  0.169177318616655E-05  0.171072216282648E-07  0.576547498837898E-06
 0.420000E+02  0.117191297264664E-05  0.109582009134964E-07  0.312386601732359E-06
 0.430000E+02  0.103115430262854E-05  0.928953994584487E-08  0.328564411451111E-06
 0.440000E+02  0.812924684752969E-06  0.708805097436852E-08  0.246658246547136E-06
 0.450000E+02  0.661159407956948E-06  0.502317459924786E-08  0.190359565387805E-06
 0.460000E+02  0.603100816665794E-06  0.351294534432618E-08  0.178489810085470E-06
 0.470000E+02  0.459267469080822E-06  0.260872222359303E-08  0.108620148008433E-06
 0.480000E+02  0.412192497192832E-06  0.222226685555110E-08  0.924117502739083E-07
 0.490000E+02  0.328393707278954E-06  0.171998563212528E-08  0.622338563130773E-07
 0.500000E+02  0.277765047389581E-06  0.193259617374677E-08  0.449654203205137E-07
 0.510000E+02  0.224735912063124E-06  0.234271879756346E-08  0.421565628626380E-07
 0.520000E+02  0.164513787663506E-06  0.242195263829961E-08  0.240970544919861E-07
 0.530000E+02  0.145447443092348E-06  0.215925691819342E-08  0.220021295101478E-07
 0.540000E+02  0.115848315290688E-06  0.133611028557703E-08  0.179442890012944E-07
 0.550000E+02  0.991673949209461E-07  0.776514383499153E-09  0.108538184413851E-07
 0.560000E+02  0.738165945341693E-07  0.413888403615101E-09  0.777335341996185E-08
 0.570000E+02  0.695739488108667E-07  0.328075948025215E-09  0.627873013012012E-08
 0.580000E+02  0.616436429414376E-07  0.354514229889725E-09  0.623269713221150E-08
 0.590000E+02  0.581949438798996E-07  0.547566333663287E-09  0.548982360097437E-08
 0.600000E+02  0.525121129251118E-07  0.721960916735381E-09  0.468882716974851E-08
 0.610000E+02  0.461439662525685E-07  0.773188753194311E-09  0.458871922656436E-08
 0.620000E+02  0.365979367631533E-07  0.711850352292433E-09  0.396481661504837E-08
 0.630000E+02  0.218652795321029E-07  0.850153422539698E-09  0.441098037366262E-08
 0.640000E+02  0.348358662564280E-09  0.156690241929012E-10  0.332689638371379E-09
 0.650000E+02  0.000000000000000E+00  0.000000000000000E+00  0.000000000000000E+00
 0.660000E+02  0.000000000000000E+00  0.000000000000000E+00  0.000000000000000E+00
 0.670000E+02  0.000000000000000E+00  0.000000000000000E+00  0.000000000000000E+00
 0.680000E+02  0.000000000000000E+00  0.000000000000000E+00  0.000000000000000E+00
 0.690000E+02  0.000000000000000E+00  0.000000000000000E+00  0.000000000000000E+00
 0.700000E+02  0.000000000000000E+00  0.000000000000000E+00  0.000000000000000E+00
 0.710000E+02  0.000000000000000E+00  0.000000000000000E+00  0.000000000000000E+00
 0.720000E+02  0.000000000000000E+00  0.000000000000000E+00  0.000000000000000E+00
 0.730000E+02  0.000000000000000E+00  0.000000000000000E+00  0.000000000000000E+00
 0.740000E+02  0.000000000000000E+00  0.000000000000000E+00  0.000000000000000E+00
 0.750000E+02  0.000000000000000E+00  0.000000000000000E+00  0.000000000000000E+00
 0.760000E+02  0.000000000000000E+00  0.000000000000000E+00  0.000000000000000E+00
 0.770000E+02  0.000000000000000E+00  0.000000000000000E+00  0.000000000000000E+00
 0.780000E+02  0.000000000000000E+00  0.000000000000000E+00  0.000000000000000E+00
 0.790000E+02  0.000000000000000E+00  0.000000000000000E+00  0.000000000000000E+00
 0.800000E+02  0.000000000000000E+00  0.000000000000000E+00  0.000000000000000E+00
 0.810000E+02  0.000000000000000E+00  0.000000000000000E+00  0.000000000000000E+00
 0.820000E+02  0.000000000000000E+00  0.000000000000000E+00  0.000000000000000E+00
 0.830000E+02  0.000000000000000E+00  0.000000000000000E+00  0.000000000000000E+00
 0.840000E+02  0.000000000000000E+00  0.000000000000000E+00  0.000000000000000E+00
 0.850000E+02  0.000000000000000E+00  0.000000000000000E+00  0.000000000000000E+00
 0.860000E+02  0.000000000000000E+00  0.000000000000000E+00  0.000000000000000E+00
 0.870000E+02  0.000000000000000E+00  0.000000000000000E+00  0.000000000000000E+00
 0.880000E+02  0.000000000000000E+00  0.000000000000000E+00  0.000000000000000E+00
 0.890000E+02  0.000000000000000E+00  0.000000000000000E+00  0.000000000000000E+00
 0.900000E+02  0.000000000000000E+00  0.000000000000000E+00  0.000000000000000E+00
 0.910000E+02  0.000000000000000E+00  0.000000000000000E+00  0.000000000000000E+00
 0.920000E+02  0.000000000000000E+00  0.000000000000000E+00  0.000000000000000E+00
 0.930000E+02  0.000000000000000E+00  0.000000000000000E+00  0.000000000000000E+00
 0.940000E+02  0.000000000000000E+00  0.000000000000000E+00  0.000000000000000E+00
 0.950000E+02  0.000000000000000E+00  0.000000000000000E+00  0.000000000000000E+00
 0.960000E+02  0.000000000000000E+00  0.000000000000000E+00  0.000000000000000E+00
