 0.000000E+00  0.925716910483421E+00  0.540976578188270E+00  0.384740332295150E+00
 0.100000E+01  0.116574886556266E-01  0.779751982243632E-02  0.385996883319018E-02
 0.200000E+01  0.894383518754383E-03  0.571977146153423E-03  0.322406372600958E-03
 0.300000E+01  0.208168062670905E-03  0.133856137381422E-03  0.743119252894830E-04
 0.400000E+01  0.495388791964040E-04  0.291261274450965E-04  0.204127517513075E-04
 0.500000E+01  0.158197327781386E-04  0.993795076233813E-05  0.588178201580048E-05
 0.600000E+01  0.576641244671501E-05  0.348591408910760E-05  0.228049835760741E-05
 0.700000E+01  0.186168398628104E-05  0.107047771211499E-05  0.791206274166043E-06
 0.800000E+01  0.686608544628023E-06  0.348771436348605E-06  0.337837108279418E-06
 0.900000E+01  0.250677624718694E-06  0.117693487887785E-06  0.132984136830909E-06
 0.100000E+02  0.594925820806730E-07  0.295862367956897E-07  0.299063452849834E-07
 0.110000E+02  0.292133550138130E-08  0.172757598830032E-08  0.119375951308099E-08
 0.120000E+02  0.520000878758480E-10  0.309617735724296E-10  0.210383143034184E-10
 0.130000E+02  0.382762210837111E-11  0.197873795129842E-11  0.184888415707269E-11
 0.140000E+02  0.780724686973077E-12  0.416338959204819E-12  0.364385727768258E-12
 0.150000E+02  0.883966632582211E-13  0.551046792294584E-13  0.332919840287627E-13
 0.160000E+02  0.604104683803349E-17  0.604104683803349E-17  0.000000000000000E+00
 0.170000E+02  0.000000000000000E+00  0.000000000000000E+00  0.000000000000000E+00
 0.180000E+02  0.000000000000000E+00  0.000000000000000E+00  0.000000000000000E+00
 0.190000E+02  0.000000000000000E+00  0.000000000000000E+00  0.000000000000000E+00
 0.200000E+02  0.000000000000000E+00  0.000000000000000E+00  0.000000000000000E+00
 0.210000E+02  0.000000000000000E+00  0.000000000000000E+00  0.000000000000000E+00
 0.220000E+02  0.000000000000000E+00  0.000000000000000E+00  0.000000000000000E+00
 0.230000E+02  0.000000000000000E+00  0.000000000000000E+00  0.000000000000000E+00
 0.240000E+02  0.000000000000000E+00  0.000000000000000E+00  0.000000000000000E+00
