 0.000000E+00  0.437017021048565E-03  0.000000000000000E+00  0.000000000000000E+00
 0.100000E+01  0.424445119707045E+00  0.297499910035036E+00  0.126941904425621E+00
 0.200000E+01  0.501964726850159E-01  0.445618729199779E-09  0.501873291796073E-01
 0.300000E+01  0.106871541881551E-01  0.731933181056209E-09  0.106818960266537E-01
 0.400000E+01  0.616803427220386E-02  0.769228358094010E-09  0.616381388931586E-02
 0.500000E+01  0.470537287706560E-02  0.115821778860423E-08  0.470104792253778E-02
 0.600000E+01  0.979824150131865E-03  0.405256414309687E-09  0.978582283011065E-03
 0.700000E+01  0.839700613260654E-03  0.451742727575785E-09  0.838416949421328E-03
 0.800000E+01  0.194681281093755E-03  0.179971320095332E-09  0.194292010105179E-03
 0.900000E+01  0.141843520343825E-03  0.150030426378400E-09  0.141535098034380E-03
 0.100000E+02  0.635726516528179E-04  0.936251240367820E-10  0.634065353431302E-04
 0.110000E+02  0.214030861153201E-04  0.414821116759951E-10  0.213365717167561E-04
 0.120000E+02  0.195043125720959E-04  0.609571110760684E-10  0.194330161933441E-04
 0.130000E+02  0.448181529438734E-05  0.229314463713978E-10  0.445668956048006E-05
 0.140000E+02  0.356673796995076E-05  0.252995907053205E-10  0.354218520716863E-05
 0.150000E+02  0.116920996146097E-05  0.115779831984174E-10  0.115636684614070E-05
 0.160000E+02  0.589663051343200E-06  0.659148242620224E-11  0.580975219460313E-06
 0.170000E+02  0.337854308773335E-06  0.483096713929698E-11  0.328920860487124E-06
 0.180000E+02  0.984696509443553E-07  0.172899120006461E-11  0.948136021650410E-07
 0.190000E+02  0.828403140420930E-07  0.181565541666809E-11  0.783786959843765E-07
 0.200000E+02  0.231254156606038E-07  0.817302832511992E-12  0.212563243357640E-07
 0.210000E+02  0.147344036393473E-07  0.859599047189442E-12  0.131707377695480E-07
 0.220000E+02  0.645636904717993E-08  0.682124819367349E-12  0.542289914350416E-08
 0.230000E+02  0.229796890503196E-08  0.408001809349101E-12  0.185777784752453E-08
 0.240000E+02  0.206239236040524E-08  0.599765364796831E-12  0.156133350899677E-08
 0.250000E+02  0.542505780783329E-09  0.254958582572009E-12  0.376034038808751E-09
 0.260000E+02  0.413184824547761E-09  0.276705680075714E-12  0.262443257034643E-09
 0.270000E+02  0.154613590523331E-09  0.157232364201830E-12  0.858258351750964E-10
 0.280000E+02  0.660020737571952E-10  0.778789400232288E-13  0.333862865031733E-10
 0.290000E+02  0.633748443160476E-10  0.879998591052654E-13  0.280597161748108E-10
 0.300000E+02  0.166876583761761E-10  0.267761960956799E-13  0.620454699354286E-11
 0.310000E+02  0.145053605555931E-10  0.224486982215298E-13  0.458757520670603E-11
 0.320000E+02  0.493709824525738E-11  0.781169922882613E-14  0.126450761022375E-11
 0.330000E+02  0.334828509810181E-11  0.434639472836486E-14  0.707705159033865E-12
 0.340000E+02  0.158356052169918E-11  0.161056529840132E-14  0.269890163344573E-12
 0.350000E+02  0.670705142803874E-12  0.593416564271186E-15  0.925373510852287E-13
 0.360000E+02  0.638369055898353E-12  0.490035539316493E-15  0.711136484486838E-13
 0.370000E+02  0.205950251997727E-12  0.152614694702320E-15  0.177906739138856E-13
 0.380000E+02  0.163876817104685E-12  0.174023071218906E-15  0.113418863597337E-13
 0.390000E+02  0.684962609414483E-13  0.978799802959770E-16  0.386322651281439E-14
 0.400000E+02  0.325166306738099E-13  0.608897181791214E-16  0.151086150465326E-14
 0.410000E+02  0.325805487802649E-13  0.799427008771269E-16  0.126570431040357E-14
 0.420000E+02  0.992066326106026E-14  0.300570353895043E-16  0.316393735885985E-15
 0.430000E+02  0.868530021935663E-14  0.293335889398096E-16  0.234216080147886E-15
 0.440000E+02  0.320593906488288E-14  0.129777597429701E-16  0.719695462831646E-16
 0.450000E+02  0.191109946684595E-14  0.692866485797466E-17  0.376171457795296E-16
 0.460000E+02  0.139004504340453E-14  0.558844651533819E-17  0.224089856350499E-16
 0.470000E+02  0.474534944093245E-15  0.174282269534954E-17  0.664896159506904E-17
 0.480000E+02  0.437942062355338E-15  0.138267372099778E-17  0.532644166514244E-17
 0.490000E+02  0.143585882501521E-15  0.475863669323149E-18  0.150726174142332E-17
 0.500000E+02  0.111235529057766E-15  0.294523361413977E-18  0.115950959226951E-17
 0.510000E+02  0.447427350244456E-16  0.153913982635033E-18  0.420247201353502E-18
 0.520000E+02  0.212443122347020E-16  0.699000344902190E-19  0.223711471520449E-18
 0.530000E+02  0.202284934411390E-16  0.763525914739778E-19  0.212805052412675E-18
 0.540000E+02  0.607765109408891E-17  0.488471430699364E-19  0.797510444179208E-19
 0.550000E+02  0.506530766698929E-17  0.323077641564355E-19  0.764334341091746E-19
 0.560000E+02  0.185773869718819E-17  0.602344536662789E-19  0.360815428054462E-19
 0.570000E+02  0.980373493855624E-18  0.269940317230020E-19  0.294285599960735E-19
 0.580000E+02  0.894080791551707E-18  0.418108596470434E-19  0.363572990526936E-19
 0.590000E+02  0.337348298350537E-18  0.448588817587256E-19  0.469337176065234E-19
 0.600000E+02  0.256561688096556E-18  0.196276386272733E-19  0.194922192163503E-19
 0.610000E+02  0.158731746109704E-18  0.484858217705110E-19  0.281736236433248E-19
 0.620000E+02  0.106272257677168E-18  0.268112363900124E-19  0.262928898720771E-19
 0.630000E+02  0.129475763734336E-18  0.413340605785212E-19  0.401319331399775E-19
 0.640000E+02  0.136240158738462E-21  0.103972293293018E-21  0.322678654454433E-22
 0.650000E+02  0.000000000000000E+00  0.000000000000000E+00  0.000000000000000E+00
 0.660000E+02  0.000000000000000E+00  0.000000000000000E+00  0.000000000000000E+00
 0.670000E+02  0.000000000000000E+00  0.000000000000000E+00  0.000000000000000E+00
 0.680000E+02  0.000000000000000E+00  0.000000000000000E+00  0.000000000000000E+00
 0.690000E+02  0.000000000000000E+00  0.000000000000000E+00  0.000000000000000E+00
 0.700000E+02  0.000000000000000E+00  0.000000000000000E+00  0.000000000000000E+00
 0.710000E+02  0.000000000000000E+00  0.000000000000000E+00  0.000000000000000E+00
 0.720000E+02  0.000000000000000E+00  0.000000000000000E+00  0.000000000000000E+00
 0.730000E+02  0.000000000000000E+00  0.000000000000000E+00  0.000000000000000E+00
 0.740000E+02  0.000000000000000E+00  0.000000000000000E+00  0.000000000000000E+00
 0.750000E+02  0.000000000000000E+00  0.000000000000000E+00  0.000000000000000E+00
 0.760000E+02  0.000000000000000E+00  0.000000000000000E+00  0.000000000000000E+00
 0.770000E+02  0.000000000000000E+00  0.000000000000000E+00  0.000000000000000E+00
 0.780000E+02  0.000000000000000E+00  0.000000000000000E+00  0.000000000000000E+00
 0.790000E+02  0.000000000000000E+00  0.000000000000000E+00  0.000000000000000E+00
 0.800000E+02  0.000000000000000E+00  0.000000000000000E+00  0.000000000000000E+00
 0.810000E+02  0.000000000000000E+00  0.000000000000000E+00  0.000000000000000E+00
 0.820000E+02  0.000000000000000E+00  0.000000000000000E+00  0.000000000000000E+00
 0.830000E+02  0.000000000000000E+00  0.000000000000000E+00  0.000000000000000E+00
 0.840000E+02  0.000000000000000E+00  0.000000000000000E+00  0.000000000000000E+00
 0.850000E+02  0.000000000000000E+00  0.000000000000000E+00  0.000000000000000E+00
 0.860000E+02  0.000000000000000E+00  0.000000000000000E+00  0.000000000000000E+00
 0.870000E+02  0.000000000000000E+00  0.000000000000000E+00  0.000000000000000E+00
 0.880000E+02  0.000000000000000E+00  0.000000000000000E+00  0.000000000000000E+00
 0.890000E+02  0.000000000000000E+00  0.000000000000000E+00  0.000000000000000E+00
 0.900000E+02  0.000000000000000E+00  0.000000000000000E+00  0.000000000000000E+00
 0.910000E+02  0.000000000000000E+00  0.000000000000000E+00  0.000000000000000E+00
 0.920000E+02  0.000000000000000E+00  0.000000000000000E+00  0.000000000000000E+00
 0.930000E+02  0.000000000000000E+00  0.000000000000000E+00  0.000000000000000E+00
 0.940000E+02  0.000000000000000E+00  0.000000000000000E+00  0.000000000000000E+00
 0.950000E+02  0.000000000000000E+00  0.000000000000000E+00  0.000000000000000E+00
 0.960000E+02  0.000000000000000E+00  0.000000000000000E+00  0.000000000000000E+00
