 0.000000E+00  0.384414955093368E-03  0.000000000000000E+00  0.000000000000000E+00
 0.100000E+01  0.553788318155924E+00  0.298699183193060E+00  0.255079907365143E+00
 0.200000E+01  0.612330227342290E-01  0.417845297251418E-07  0.612026513554156E-01
 0.300000E+01  0.150176410736271E-01  0.157162832414848E-06  0.149614398615086E-01
 0.400000E+01  0.182113379255489E-01  0.281534075330381E-06  0.181488530379283E-01
 0.500000E+01  0.138354650346728E-01  0.342658222907133E-06  0.137121380776080E-01
 0.600000E+01  0.511835871939885E-02  0.368218471158421E-06  0.505799955953989E-02
 0.700000E+01  0.490068374432739E-02  0.366040572075121E-06  0.480646308187715E-02
 0.800000E+01  0.406759220790650E-02  0.357033585085542E-06  0.396528132586127E-02
 0.900000E+01  0.154764091552947E-02  0.277108362208012E-06  0.145027693801580E-02
 0.100000E+02  0.143502089942879E-02  0.352604305142723E-06  0.136162818550911E-02
 0.110000E+02  0.825007857721070E-03  0.248922672974050E-06  0.772473077359948E-03
 0.120000E+02  0.678692701097365E-03  0.262692075210513E-06  0.639041658454409E-03
 0.130000E+02  0.557975509554503E-03  0.209005929063810E-06  0.526557173598091E-03
 0.140000E+02  0.323154902507220E-03  0.126886844822437E-06  0.301780487573899E-03
 0.150000E+02  0.271211030316089E-03  0.131440434896239E-06  0.252176809159899E-03
 0.160000E+02  0.168561281061816E-03  0.113983918111418E-06  0.156973293749002E-03
 0.170000E+02  0.176225867365921E-03  0.111529083609077E-06  0.167205572167657E-03
 0.180000E+02  0.103691803325028E-03  0.756305391274095E-07  0.976072313408349E-04
 0.190000E+02  0.695865327390496E-04  0.548792914393387E-07  0.654391412081012E-04
 0.200000E+02  0.580568500201488E-04  0.347429046209519E-07  0.547144841286373E-04
 0.210000E+02  0.489172925888966E-04  0.304256428248443E-07  0.464461650511172E-04
 0.220000E+02  0.272088435658884E-04  0.219989928982841E-07  0.256738052697644E-04
 0.230000E+02  0.196808266609732E-04  0.161003106310389E-07  0.185409258320821E-04
 0.240000E+02  0.120558700280743E-04  0.138532178807754E-07  0.112620991619995E-04
 0.250000E+02  0.111071434410256E-04  0.983169286955521E-08  0.104422487229582E-04
 0.260000E+02  0.612986463464790E-05  0.608803908989323E-08  0.570024696493394E-05
 0.270000E+02  0.356936612012732E-05  0.366319708132435E-08  0.327783228557009E-05
 0.280000E+02  0.276025919769621E-05  0.286340935406077E-08  0.251874652631165E-05
 0.290000E+02  0.211296394464168E-05  0.241658531666548E-08  0.191822902271101E-05
 0.300000E+02  0.135660557231544E-05  0.204430965234142E-08  0.121353187001162E-05
 0.310000E+02  0.863629822536101E-06  0.141146600174889E-08  0.756360147882983E-06
 0.320000E+02  0.524449372149378E-06  0.104093060451439E-08  0.452543854957666E-06
 0.330000E+02  0.348723965290579E-06  0.911748330065143E-09  0.292204172048100E-06
 0.340000E+02  0.354476579441350E-06  0.783389133662483E-09  0.305682408874196E-06
 0.350000E+02  0.148140555024760E-06  0.503151236965441E-09  0.119711088342550E-06
 0.360000E+02  0.116474392619393E-06  0.426669351118978E-09  0.919510991495817E-07
 0.370000E+02  0.879025246969269E-07  0.303315212350396E-09  0.704840759816014E-07
 0.380000E+02  0.745283457244969E-07  0.303227059457348E-09  0.589938963001712E-07
 0.390000E+02  0.408495616861323E-07  0.185909643773349E-09  0.311152784594393E-07
 0.400000E+02  0.269692660299553E-07  0.128401238066033E-09  0.203033369797773E-07
 0.410000E+02  0.186398186572028E-07  0.115626293097003E-09  0.131410854030841E-07
 0.420000E+02  0.179953102645251E-07  0.815945892924515E-10  0.135750295160048E-07
 0.430000E+02  0.921037579828203E-08  0.638413211403646E-10  0.611290479208385E-08
 0.440000E+02  0.630784413068801E-08  0.384870251906858E-10  0.418760621430853E-08
 0.450000E+02  0.468383222737873E-08  0.297976658612029E-10  0.318495499219134E-08
 0.460000E+02  0.366206279096272E-08  0.240352970526848E-10  0.241922870796878E-08
 0.470000E+02  0.264774601188355E-08  0.163403220307571E-10  0.174820684801776E-08
 0.480000E+02  0.156028411660502E-08  0.132776264075035E-10  0.934023440977970E-09
 0.490000E+02  0.101312470498648E-08  0.841273045200409E-11  0.584490438644227E-09
 0.500000E+02  0.722394329367090E-09  0.722744999409184E-11  0.401350349906245E-09
 0.510000E+02  0.653759638882329E-09  0.557006606499374E-11  0.393603780895522E-09
 0.520000E+02  0.305284917445372E-09  0.368548672941314E-11  0.153740322592454E-09
 0.530000E+02  0.230308919186013E-09  0.347680856386756E-11  0.111785667591102E-09
 0.540000E+02  0.156278909315837E-09  0.239543539545685E-11  0.752877833123301E-10
 0.550000E+02  0.133307180169858E-09  0.202954920269690E-11  0.623079178604144E-10
 0.560000E+02  0.694670338913892E-10  0.152599481905661E-11  0.280659337621061E-10
 0.570000E+02  0.465245259690950E-10  0.113577805348336E-11  0.171090803200189E-10
 0.580000E+02  0.316785800179107E-10  0.895337364858282E-12  0.107281921646447E-10
 0.590000E+02  0.254954675253974E-10  0.719087568965503E-12  0.880517685726838E-11
 0.600000E+02  0.174672339558259E-10  0.631734760331629E-12  0.485556455111259E-11
 0.610000E+02  0.100789167666689E-10  0.419007200795392E-12  0.267966682077274E-11
 0.620000E+02  0.713812107159198E-11  0.439332603972867E-12  0.131764602963015E-11
 0.630000E+02  0.918632878285486E-11  0.500142765574782E-12  0.221669506861315E-11
 0.640000E+02  0.389879686815135E-17  0.291270555414499E-17  0.986091314006356E-18
 0.650000E+02  0.000000000000000E+00  0.000000000000000E+00  0.000000000000000E+00
 0.660000E+02  0.000000000000000E+00  0.000000000000000E+00  0.000000000000000E+00
 0.670000E+02  0.000000000000000E+00  0.000000000000000E+00  0.000000000000000E+00
 0.680000E+02  0.000000000000000E+00  0.000000000000000E+00  0.000000000000000E+00
 0.690000E+02  0.000000000000000E+00  0.000000000000000E+00  0.000000000000000E+00
 0.700000E+02  0.000000000000000E+00  0.000000000000000E+00  0.000000000000000E+00
 0.710000E+02  0.000000000000000E+00  0.000000000000000E+00  0.000000000000000E+00
 0.720000E+02  0.000000000000000E+00  0.000000000000000E+00  0.000000000000000E+00
 0.730000E+02  0.000000000000000E+00  0.000000000000000E+00  0.000000000000000E+00
 0.740000E+02  0.000000000000000E+00  0.000000000000000E+00  0.000000000000000E+00
 0.750000E+02  0.000000000000000E+00  0.000000000000000E+00  0.000000000000000E+00
 0.760000E+02  0.000000000000000E+00  0.000000000000000E+00  0.000000000000000E+00
 0.770000E+02  0.000000000000000E+00  0.000000000000000E+00  0.000000000000000E+00
 0.780000E+02  0.000000000000000E+00  0.000000000000000E+00  0.000000000000000E+00
 0.790000E+02  0.000000000000000E+00  0.000000000000000E+00  0.000000000000000E+00
 0.800000E+02  0.000000000000000E+00  0.000000000000000E+00  0.000000000000000E+00
 0.810000E+02  0.000000000000000E+00  0.000000000000000E+00  0.000000000000000E+00
 0.820000E+02  0.000000000000000E+00  0.000000000000000E+00  0.000000000000000E+00
 0.830000E+02  0.000000000000000E+00  0.000000000000000E+00  0.000000000000000E+00
 0.840000E+02  0.000000000000000E+00  0.000000000000000E+00  0.000000000000000E+00
 0.850000E+02  0.000000000000000E+00  0.000000000000000E+00  0.000000000000000E+00
 0.860000E+02  0.000000000000000E+00  0.000000000000000E+00  0.000000000000000E+00
 0.870000E+02  0.000000000000000E+00  0.000000000000000E+00  0.000000000000000E+00
 0.880000E+02  0.000000000000000E+00  0.000000000000000E+00  0.000000000000000E+00
 0.890000E+02  0.000000000000000E+00  0.000000000000000E+00  0.000000000000000E+00
 0.900000E+02  0.000000000000000E+00  0.000000000000000E+00  0.000000000000000E+00
 0.910000E+02  0.000000000000000E+00  0.000000000000000E+00  0.000000000000000E+00
 0.920000E+02  0.000000000000000E+00  0.000000000000000E+00  0.000000000000000E+00
 0.930000E+02  0.000000000000000E+00  0.000000000000000E+00  0.000000000000000E+00
 0.940000E+02  0.000000000000000E+00  0.000000000000000E+00  0.000000000000000E+00
 0.950000E+02  0.000000000000000E+00  0.000000000000000E+00  0.000000000000000E+00
 0.960000E+02  0.000000000000000E+00  0.000000000000000E+00  0.000000000000000E+00
