 0.000000E+00  0.355022310160221E+00  0.130046923341694E+00  0.224975386818527E+00
 0.100000E+01  0.572401813307469E-03  0.568945335389604E-03  0.345647791786724E-05
 0.200000E+01  0.144703723813599E-08  0.843505987895969E-09  0.603531250240065E-09
 0.300000E+01  0.994973308767724E-12  0.544578583110375E-12  0.450394725657350E-12
 0.400000E+01  0.709574622978616E-15  0.407109136254376E-15  0.302465486724237E-15
 0.500000E+01  0.125462754867500E-17  0.856369821661347E-18  0.398257727013651E-18
 0.600000E+01  0.122930215041880E-17  0.963584698093540E-18  0.265717452325257E-18
 0.700000E+01  0.584021358401735E-18  0.431111289958597E-18  0.152910068443139E-18
 0.800000E+01  0.765946195118470E-18  0.638874100917982E-18  0.127072094200488E-18
 0.900000E+01  0.563809718232588E-18  0.447044286445599E-18  0.116765431786989E-18
 0.100000E+02  0.717332744582197E-18  0.583383473252599E-18  0.133949271329598E-18
 0.110000E+02  0.512606513206801E-18  0.409609299887761E-18  0.102997213319040E-18
 0.120000E+02  0.127908789295834E-17  0.114755867059569E-17  0.131529222362654E-18
 0.130000E+02  0.376131861243593E-18  0.301109242269980E-18  0.750226189736124E-19
 0.140000E+02  0.462702983664029E-18  0.398201809351058E-18  0.645011743129705E-19
 0.150000E+02  0.332237813809448E-18  0.278991986520537E-18  0.532458272889106E-19
 0.160000E+02  0.570130157844661E-20  0.570130157844661E-20  0.000000000000000E+00
 0.170000E+02  0.000000000000000E+00  0.000000000000000E+00  0.000000000000000E+00
 0.180000E+02  0.000000000000000E+00  0.000000000000000E+00  0.000000000000000E+00
 0.190000E+02  0.000000000000000E+00  0.000000000000000E+00  0.000000000000000E+00
 0.200000E+02  0.000000000000000E+00  0.000000000000000E+00  0.000000000000000E+00
 0.210000E+02  0.000000000000000E+00  0.000000000000000E+00  0.000000000000000E+00
 0.220000E+02  0.000000000000000E+00  0.000000000000000E+00  0.000000000000000E+00
 0.230000E+02  0.000000000000000E+00  0.000000000000000E+00  0.000000000000000E+00
 0.240000E+02  0.000000000000000E+00  0.000000000000000E+00  0.000000000000000E+00
