 0.100000E+01  0.519235110915907E+00
 0.200000E+01  0.579951776788954E-01
 0.300000E+01  0.270408204258260E-01
 0.400000E+01  0.406779897333239E-01
 0.500000E+01  0.125674203705304E-01
 0.600000E+01  0.197248883775142E-01
 0.700000E+01  0.946945467406256E-02
 0.800000E+01  0.711890269297116E-02
 0.900000E+01  0.727618338156632E-02
 0.100000E+02  0.440011367812481E-02
 0.110000E+02  0.411933211146873E-02
 0.120000E+02  0.250094315838597E-02
 0.130000E+02  0.236459056146906E-02
 0.140000E+02  0.202165660622045E-02
 0.150000E+02  0.117264961813163E-02
 0.160000E+02  0.116224872623522E-02
 0.170000E+02  0.974213159691822E-03
 0.180000E+02  0.740583147041221E-03
 0.190000E+02  0.659234690595978E-03
 0.200000E+02  0.483133556104401E-03
 0.210000E+02  0.439542628596573E-03
 0.220000E+02  0.361294158948724E-03
 0.230000E+02  0.276034502326174E-03
 0.240000E+02  0.257436523135833E-03
 0.250000E+02  0.212387558676241E-03
 0.260000E+02  0.195794344606779E-03
 0.270000E+02  0.156779367510214E-03
 0.280000E+02  0.135389682570264E-03
 0.290000E+02  0.121979890115133E-03
 0.300000E+02  0.100789340401358E-03
 0.310000E+02  0.911705369324045E-04
 0.320000E+02  0.777712671242037E-04
 0.330000E+02  0.666218162157626E-04
 0.340000E+02  0.599108715089455E-04
 0.350000E+02  0.477725828570772E-04
 0.360000E+02  0.422515340689480E-04
 0.370000E+02  0.365343948992737E-04
 0.380000E+02  0.315890806987303E-04
 0.390000E+02  0.276455135564837E-04
 0.400000E+02  0.230940094101079E-04
 0.410000E+02  0.201819833822843E-04
 0.420000E+02  0.180409513840848E-04
 0.430000E+02  0.162915609964454E-04
 0.440000E+02  0.135541741231514E-04
 0.450000E+02  0.117029265950636E-04
 0.460000E+02  0.100780520846997E-04
 0.470000E+02  0.926759268180705E-05
 0.480000E+02  0.764722764976232E-05
 0.490000E+02  0.672826262188288E-05
 0.500000E+02  0.647666960085789E-05
 0.510000E+02  0.493816086196050E-05
 0.520000E+02  0.451751326047598E-05
 0.530000E+02  0.427730980992745E-05
 0.540000E+02  0.332091183920664E-05
 0.550000E+02  0.310659624659308E-05
 0.560000E+02  0.276268252109437E-05
 0.570000E+02  0.251356393599591E-05
 0.580000E+02  0.208577850432227E-05
 0.590000E+02  0.180702954223368E-05
 0.600000E+02  0.153644897745997E-05
 0.610000E+02  0.126150671766872E-05
 0.620000E+02  0.101361976657143E-05
 0.630000E+02  0.723059753489647E-06
 0.640000E+02  0.187276374766585E-06
 0.650000E+02  0.000000000000000E+00
 0.660000E+02  0.000000000000000E+00
 0.670000E+02  0.000000000000000E+00
 0.680000E+02  0.000000000000000E+00
 0.690000E+02  0.000000000000000E+00
 0.700000E+02  0.000000000000000E+00
 0.710000E+02  0.000000000000000E+00
 0.720000E+02  0.000000000000000E+00
 0.730000E+02  0.000000000000000E+00
 0.740000E+02  0.000000000000000E+00
 0.750000E+02  0.000000000000000E+00
 0.760000E+02  0.000000000000000E+00
 0.770000E+02  0.000000000000000E+00
 0.780000E+02  0.000000000000000E+00
 0.790000E+02  0.000000000000000E+00
 0.800000E+02  0.000000000000000E+00
 0.810000E+02  0.000000000000000E+00
 0.820000E+02  0.000000000000000E+00
 0.830000E+02  0.000000000000000E+00
 0.840000E+02  0.000000000000000E+00
 0.850000E+02  0.000000000000000E+00
 0.860000E+02  0.000000000000000E+00
 0.870000E+02  0.000000000000000E+00
 0.880000E+02  0.000000000000000E+00
 0.890000E+02  0.000000000000000E+00
 0.900000E+02  0.000000000000000E+00
 0.910000E+02  0.000000000000000E+00
 0.920000E+02  0.000000000000000E+00
 0.930000E+02  0.000000000000000E+00
 0.940000E+02  0.000000000000000E+00
 0.950000E+02  0.000000000000000E+00
 0.960000E+02  0.000000000000000E+00
 0.970000E+02  0.000000000000000E+00
