 0.000000E+00  0.349495562915165E-03  0.000000000000000E+00  0.000000000000000E+00
 0.100000E+01  0.265047827305303E+00  0.692171435823104E-01  0.195829469710588E+00
 0.200000E+01  0.291750386519499E-01  0.141533335412344E-10  0.291729362797923E-01
 0.300000E+01  0.285509908271850E-02  0.693405968189527E-10  0.285397945367549E-02
 0.400000E+01  0.836950013158512E-03  0.827040589790627E-10  0.836397705541003E-03
 0.500000E+01  0.399144210649527E-03  0.118318056463180E-09  0.398650681417756E-03
 0.600000E+01  0.377252638752298E-04  0.236511325655585E-10  0.376109412153630E-04
 0.700000E+01  0.176570679443048E-04  0.251654600531520E-10  0.175603516009157E-04
 0.800000E+01  0.221338881897997E-05  0.797752430786432E-11  0.219166566743398E-05
 0.900000E+01  0.736968851368421E-06  0.575945043879380E-11  0.725052922939942E-06
 0.100000E+02  0.208707851321046E-06  0.233324204409512E-11  0.203919430460692E-06
 0.110000E+02  0.314675090797308E-07  0.525079559656012E-12  0.301970400468684E-07
 0.120000E+02  0.155803872573446E-07  0.339541929230204E-12  0.145987774013800E-07
 0.130000E+02  0.197895022293453E-08  0.101095822448822E-12  0.177241341389503E-08
 0.140000E+02  0.790575316870535E-09  0.111521180585200E-12  0.658121687564506E-09
 0.150000E+02  0.180513127093087E-09  0.645214224375433E-13  0.137714847842066E-09
 0.160000E+02  0.448010480360714E-10  0.317063841226870E-13  0.286207450559539E-10
 0.170000E+02  0.179576766987801E-10  0.200848007653146E-13  0.971291763665774E-11
 0.180000E+02  0.337869095700063E-11  0.492157323255762E-14  0.140073618521878E-11
 0.190000E+02  0.178942317854337E-11  0.295166314219119E-14  0.558729486205212E-12
 0.200000E+02  0.409120149629442E-12  0.640537473967507E-15  0.947490375456677E-13
 0.210000E+02  0.159059031633173E-12  0.229120395489543E-15  0.247117447418500E-13
 0.220000E+02  0.581847102235456E-13  0.663701007312799E-16  0.658378258166236E-14
 0.230000E+02  0.150747889826415E-13  0.155084274646093E-16  0.111612519797283E-14
 0.240000E+02  0.932500027369435E-14  0.891836573864799E-17  0.473287194738997E-15
 0.250000E+02  0.212545369797429E-14  0.264298519075824E-17  0.707393342060369E-16
 0.260000E+02  0.101943176180267E-14  0.162920993593674E-17  0.218286670936899E-16
 0.270000E+02  0.330891354576572E-15  0.665834167995335E-18  0.485458883633711E-17
 0.280000E+02  0.101610685873785E-15  0.342612304507493E-18  0.105605959565276E-17
 0.290000E+02  0.682484331782994E-16  0.738252978841732E-18  0.543140792524222E-18
 0.300000E+02  0.157254494531100E-16  0.739851143056238E-18  0.222016671159341E-18
 0.310000E+02  0.899816395693756E-17  0.332217050827129E-18  0.346599992172371E-18
 0.320000E+02  0.299693569694163E-17  0.337368199828066E-18  0.222828793103517E-18
 0.330000E+02  0.148350621430125E-17  0.253907097499023E-18  0.108463730640783E-18
 0.340000E+02  0.874191572756315E-18  0.346810741363359E-18  0.743523694397356E-19
 0.350000E+02  0.571799126969018E-18  0.347289963956965E-18  0.477264623694585E-19
 0.360000E+02  0.257970427043627E-18  0.111797529428469E-18  0.271289114023925E-19
 0.370000E+02  0.264503268338112E-18  0.134080217838103E-18  0.727454190322756E-19
 0.380000E+02  0.222579667273240E-18  0.146553775784514E-18  0.355255737370561E-19
 0.390000E+02  0.828737177298188E-19  0.399237057441001E-19  0.146540910139947E-19
 0.400000E+02  0.869608788199274E-19  0.418327105599544E-19  0.209454490340725E-19
 0.410000E+02  0.525837506176130E-19  0.179344524404980E-19  0.103247057835662E-19
 0.420000E+02  0.664265160403236E-19  0.361933721297756E-19  0.959100121131219E-20
 0.430000E+02  0.879350301595899E-19  0.621523676439917E-19  0.742552190758054E-20
 0.440000E+02  0.777676348337349E-19  0.549687576709400E-19  0.649672339493130E-20
 0.450000E+02  0.951823541459549E-19  0.697684296443433E-19  0.792313323939663E-20
 0.460000E+02  0.102654953167554E-18  0.560417735484744E-19  0.226221987073409E-19
 0.470000E+02  0.169815364366878E-18  0.106047988811710E-18  0.376200883987646E-19
 0.480000E+02  0.651582949421671E-19  0.306832107222090E-19  0.117107271480776E-19
 0.490000E+02  0.163709525340858E-18  0.113030485510753E-18  0.275528051131717E-19
 0.500000E+02  0.976397221470394E-19  0.622962925426546E-19  0.159404042607796E-19
 0.510000E+02  0.676160279400907E-19  0.465157532920923E-19  0.758606689382758E-20
 0.520000E+02  0.329600395536559E-19  0.203529903803013E-19  0.261539138740230E-20
 0.530000E+02  0.346532271595593E-19  0.218161233973934E-19  0.363173703223916E-20
 0.540000E+02  0.690087312048054E-19  0.465077518306559E-19  0.141137832788540E-19
 0.550000E+02  0.246471593554169E-19  0.980133770840197E-20  0.571431592231746E-20
 0.560000E+02  0.612904261548285E-19  0.380501976079022E-19  0.151875539903849E-19
 0.570000E+02  0.295843336929858E-19  0.164087981034723E-19  0.540516025213098E-20
 0.580000E+02  0.917398056329468E-19  0.672750967242735E-19  0.178646046306618E-19
 0.590000E+02  0.857461619874400E-19  0.672002731312801E-19  0.118317684852313E-19
 0.600000E+02  0.243922753547493E-19  0.177221386701079E-19  0.183987120284593E-20
 0.610000E+02  0.778889881695246E-19  0.653394900413128E-19  0.776901203005676E-20
 0.620000E+02  0.618185025097457E-19  0.470007355976446E-19  0.112651043220480E-19
 0.630000E+02  0.386859660260039E-19  0.216017232719714E-19  0.146528742874124E-19
 0.640000E+02  0.602554333869664E-21  0.587343835806137E-21  0.152104980635267E-22
 0.650000E+02  0.000000000000000E+00  0.000000000000000E+00  0.000000000000000E+00
 0.660000E+02  0.000000000000000E+00  0.000000000000000E+00  0.000000000000000E+00
 0.670000E+02  0.000000000000000E+00  0.000000000000000E+00  0.000000000000000E+00
 0.680000E+02  0.000000000000000E+00  0.000000000000000E+00  0.000000000000000E+00
 0.690000E+02  0.000000000000000E+00  0.000000000000000E+00  0.000000000000000E+00
 0.700000E+02  0.000000000000000E+00  0.000000000000000E+00  0.000000000000000E+00
 0.710000E+02  0.000000000000000E+00  0.000000000000000E+00  0.000000000000000E+00
 0.720000E+02  0.000000000000000E+00  0.000000000000000E+00  0.000000000000000E+00
 0.730000E+02  0.000000000000000E+00  0.000000000000000E+00  0.000000000000000E+00
 0.740000E+02  0.000000000000000E+00  0.000000000000000E+00  0.000000000000000E+00
 0.750000E+02  0.000000000000000E+00  0.000000000000000E+00  0.000000000000000E+00
 0.760000E+02  0.000000000000000E+00  0.000000000000000E+00  0.000000000000000E+00
 0.770000E+02  0.000000000000000E+00  0.000000000000000E+00  0.000000000000000E+00
 0.780000E+02  0.000000000000000E+00  0.000000000000000E+00  0.000000000000000E+00
 0.790000E+02  0.000000000000000E+00  0.000000000000000E+00  0.000000000000000E+00
 0.800000E+02  0.000000000000000E+00  0.000000000000000E+00  0.000000000000000E+00
 0.810000E+02  0.000000000000000E+00  0.000000000000000E+00  0.000000000000000E+00
 0.820000E+02  0.000000000000000E+00  0.000000000000000E+00  0.000000000000000E+00
 0.830000E+02  0.000000000000000E+00  0.000000000000000E+00  0.000000000000000E+00
 0.840000E+02  0.000000000000000E+00  0.000000000000000E+00  0.000000000000000E+00
 0.850000E+02  0.000000000000000E+00  0.000000000000000E+00  0.000000000000000E+00
 0.860000E+02  0.000000000000000E+00  0.000000000000000E+00  0.000000000000000E+00
 0.870000E+02  0.000000000000000E+00  0.000000000000000E+00  0.000000000000000E+00
 0.880000E+02  0.000000000000000E+00  0.000000000000000E+00  0.000000000000000E+00
 0.890000E+02  0.000000000000000E+00  0.000000000000000E+00  0.000000000000000E+00
 0.900000E+02  0.000000000000000E+00  0.000000000000000E+00  0.000000000000000E+00
 0.910000E+02  0.000000000000000E+00  0.000000000000000E+00  0.000000000000000E+00
 0.920000E+02  0.000000000000000E+00  0.000000000000000E+00  0.000000000000000E+00
 0.930000E+02  0.000000000000000E+00  0.000000000000000E+00  0.000000000000000E+00
 0.940000E+02  0.000000000000000E+00  0.000000000000000E+00  0.000000000000000E+00
 0.950000E+02  0.000000000000000E+00  0.000000000000000E+00  0.000000000000000E+00
 0.960000E+02  0.000000000000000E+00  0.000000000000000E+00  0.000000000000000E+00
