 0.000000E+00  0.352403691003716E-01  0.263236300088467E-01  0.891673909152495E-02
 0.100000E+01  0.377299659465865E-03  0.377246790762772E-03  0.528687030933402E-07
 0.200000E+01  0.577786227206615E-12  0.545381604734601E-12  0.324046224720182E-13
 0.300000E+01  0.467225422859848E-18  0.447127685393823E-18  0.200977374660268E-19
 0.400000E+01  0.244423062731760E-21  0.174030463954377E-21  0.703925987773827E-22
 0.500000E+01  0.674211713655822E-21  0.459251349809938E-21  0.214960363845884E-21
 0.600000E+01  0.606933794473180E-21  0.524442418379772E-21  0.824913760934080E-22
 0.700000E+01  0.479828915698727E-21  0.347990649669525E-21  0.131838266029202E-21
 0.800000E+01  0.225899360537551E-21  0.166033391470699E-21  0.598659690668518E-22
 0.900000E+01  0.494866876515644E-21  0.405237559678916E-21  0.896293168367282E-22
 0.100000E+02  0.279222220830716E-21  0.231693434619957E-21  0.475287862107593E-22
 0.110000E+02  0.290823232030587E-21  0.235129259753264E-21  0.556939722773231E-22
 0.120000E+02  0.439742828322049E-21  0.405165069833791E-21  0.345777584882579E-22
 0.130000E+02  0.286488817544675E-21  0.242785411457394E-21  0.437034060872809E-22
 0.140000E+02  0.228735721744223E-21  0.206979193592207E-21  0.217565281520156E-22
 0.150000E+02  0.164617546351399E-21  0.148229578319352E-21  0.163879680320467E-22
 0.160000E+02  0.672740086934413E-24  0.672740086934413E-24  0.000000000000000E+00
 0.170000E+02  0.000000000000000E+00  0.000000000000000E+00  0.000000000000000E+00
 0.180000E+02  0.000000000000000E+00  0.000000000000000E+00  0.000000000000000E+00
 0.190000E+02  0.000000000000000E+00  0.000000000000000E+00  0.000000000000000E+00
 0.200000E+02  0.000000000000000E+00  0.000000000000000E+00  0.000000000000000E+00
 0.210000E+02  0.000000000000000E+00  0.000000000000000E+00  0.000000000000000E+00
 0.220000E+02  0.000000000000000E+00  0.000000000000000E+00  0.000000000000000E+00
 0.230000E+02  0.000000000000000E+00  0.000000000000000E+00  0.000000000000000E+00
 0.240000E+02  0.000000000000000E+00  0.000000000000000E+00  0.000000000000000E+00
