 0.000000E+00  0.349582065505024E+00  0.152933973821041E+00  0.196648091683983E+00
 0.100000E+01  0.862925118267952E-03  0.861777267622962E-03  0.114785064499032E-05
 0.200000E+01  0.122639434038088E-09  0.993641104900971E-10  0.232753235479927E-10
 0.300000E+01  0.101663710195381E-13  0.856058080078721E-14  0.160579021875090E-14
 0.400000E+01  0.930866902641267E-18  0.743256774684357E-18  0.187610127956911E-18
 0.500000E+01  0.289820717331795E-18  0.212233963060995E-18  0.775867542708002E-19
 0.600000E+01  0.495175818221643E-18  0.405205074305618E-18  0.899707439160249E-19
 0.700000E+01  0.268919510275616E-18  0.205260550304341E-18  0.636589599712752E-19
 0.800000E+01  0.191328807408720E-18  0.146002900816771E-18  0.453259065919491E-19
 0.900000E+01  0.241647014716937E-18  0.192435539070383E-18  0.492114756465541E-19
 0.100000E+02  0.331157194001517E-18  0.276254367456974E-18  0.549028265445434E-19
 0.110000E+02  0.190338329704195E-18  0.150745802807954E-18  0.395925268962403E-19
 0.120000E+02  0.324358688772129E-18  0.278350840884870E-18  0.460078478872587E-19
 0.130000E+02  0.153503555089743E-18  0.126358805902865E-18  0.271447491868788E-19
 0.140000E+02  0.236587186876097E-18  0.208045363168704E-18  0.285418237073931E-19
 0.150000E+02  0.125092650606039E-18  0.111190447277057E-18  0.139022033289823E-19
 0.160000E+02  0.789411164101396E-21  0.789411164101396E-21  0.000000000000000E+00
 0.170000E+02  0.000000000000000E+00  0.000000000000000E+00  0.000000000000000E+00
 0.180000E+02  0.000000000000000E+00  0.000000000000000E+00  0.000000000000000E+00
 0.190000E+02  0.000000000000000E+00  0.000000000000000E+00  0.000000000000000E+00
 0.200000E+02  0.000000000000000E+00  0.000000000000000E+00  0.000000000000000E+00
 0.210000E+02  0.000000000000000E+00  0.000000000000000E+00  0.000000000000000E+00
 0.220000E+02  0.000000000000000E+00  0.000000000000000E+00  0.000000000000000E+00
 0.230000E+02  0.000000000000000E+00  0.000000000000000E+00  0.000000000000000E+00
 0.240000E+02  0.000000000000000E+00  0.000000000000000E+00  0.000000000000000E+00
