 0.100000E+01  0.572012916665606E+00
 0.200000E+01  0.946128110754350E-01
 0.300000E+01  0.292695482976378E-01
 0.400000E+01  0.414781350135228E-01
 0.500000E+01  0.186060308189579E-01
 0.600000E+01  0.218177806091403E-01
 0.700000E+01  0.137431832292754E-01
 0.800000E+01  0.897216768338699E-02
 0.900000E+01  0.901153518497440E-02
 0.100000E+02  0.437316083192099E-02
 0.110000E+02  0.389098314733680E-02
 0.120000E+02  0.283071129267294E-02
 0.130000E+02  0.233418943349390E-02
 0.140000E+02  0.174591964745547E-02
 0.150000E+02  0.115794539870747E-02
 0.160000E+02  0.105948942419137E-02
 0.170000E+02  0.771209895844923E-03
 0.180000E+02  0.581766680424526E-03
 0.190000E+02  0.452269246127230E-03
 0.200000E+02  0.346206904619520E-03
 0.210000E+02  0.338135701472510E-03
 0.220000E+02  0.266608263537443E-03
 0.230000E+02  0.233677239436947E-03
 0.240000E+02  0.199527838559869E-03
 0.250000E+02  0.172510668918613E-03
 0.260000E+02  0.171962507780353E-03
 0.270000E+02  0.130442645626272E-03
 0.280000E+02  0.121100078003151E-03
 0.290000E+02  0.944181773377234E-04
 0.300000E+02  0.858191936602929E-04
 0.310000E+02  0.772566475868627E-04
 0.320000E+02  0.621174787060649E-04
 0.330000E+02  0.600449978368602E-04
 0.340000E+02  0.487575083767972E-04
 0.350000E+02  0.446094696543476E-04
 0.360000E+02  0.402569650794134E-04
 0.370000E+02  0.320070654385731E-04
 0.380000E+02  0.310632331742857E-04
 0.390000E+02  0.257794468389701E-04
 0.400000E+02  0.231578933209423E-04
 0.410000E+02  0.195615956259981E-04
 0.420000E+02  0.173345827885742E-04
 0.430000E+02  0.167815655771914E-04
 0.440000E+02  0.130704614141933E-04
 0.450000E+02  0.118239766962540E-04
 0.460000E+02  0.107008967705420E-04
 0.470000E+02  0.101645676866633E-04
 0.480000E+02  0.806004886719798E-05
 0.490000E+02  0.715819837966271E-05
 0.500000E+02  0.738888840405347E-05
 0.510000E+02  0.535175768248566E-05
 0.520000E+02  0.494206160097171E-05
 0.530000E+02  0.463954312221470E-05
 0.540000E+02  0.356530207626138E-05
 0.550000E+02  0.351384990202866E-05
 0.560000E+02  0.292061731558014E-05
 0.570000E+02  0.272594194749968E-05
 0.580000E+02  0.229615047692057E-05
 0.590000E+02  0.199968067226390E-05
 0.600000E+02  0.184169119117121E-05
 0.610000E+02  0.158559232027555E-05
 0.620000E+02  0.158355608645715E-05
 0.630000E+02  0.107466618441254E-05
 0.640000E+02  0.220298679852815E-06
 0.650000E+02  0.000000000000000E+00
 0.660000E+02  0.000000000000000E+00
 0.670000E+02  0.000000000000000E+00
 0.680000E+02  0.000000000000000E+00
 0.690000E+02  0.000000000000000E+00
 0.700000E+02  0.000000000000000E+00
 0.710000E+02  0.000000000000000E+00
 0.720000E+02  0.000000000000000E+00
 0.730000E+02  0.000000000000000E+00
 0.740000E+02  0.000000000000000E+00
 0.750000E+02  0.000000000000000E+00
 0.760000E+02  0.000000000000000E+00
 0.770000E+02  0.000000000000000E+00
 0.780000E+02  0.000000000000000E+00
 0.790000E+02  0.000000000000000E+00
 0.800000E+02  0.000000000000000E+00
 0.810000E+02  0.000000000000000E+00
 0.820000E+02  0.000000000000000E+00
 0.830000E+02  0.000000000000000E+00
 0.840000E+02  0.000000000000000E+00
 0.850000E+02  0.000000000000000E+00
 0.860000E+02  0.000000000000000E+00
 0.870000E+02  0.000000000000000E+00
 0.880000E+02  0.000000000000000E+00
 0.890000E+02  0.000000000000000E+00
 0.900000E+02  0.000000000000000E+00
 0.910000E+02  0.000000000000000E+00
 0.920000E+02  0.000000000000000E+00
 0.930000E+02  0.000000000000000E+00
 0.940000E+02  0.000000000000000E+00
 0.950000E+02  0.000000000000000E+00
 0.960000E+02  0.000000000000000E+00
 0.970000E+02  0.000000000000000E+00
