 0.100000E+01  0.519635706646301E+00
 0.200000E+01  0.420424460442646E-01
 0.300000E+01  0.227669797879014E-01
 0.400000E+01  0.407211885314315E-01
 0.500000E+01  0.205300697239687E-01
 0.600000E+01  0.182214510351882E-01
 0.700000E+01  0.113100528089127E-01
 0.800000E+01  0.677248153045679E-02
 0.900000E+01  0.788890866131031E-02
 0.100000E+02  0.387799462964718E-02
 0.110000E+02  0.355544114667601E-02
 0.120000E+02  0.232448576358081E-02
 0.130000E+02  0.202008604473804E-02
 0.140000E+02  0.167258186218002E-02
 0.150000E+02  0.113822678095536E-02
 0.160000E+02  0.116256880451075E-02
 0.170000E+02  0.800647411346014E-03
 0.180000E+02  0.668739583578203E-03
 0.190000E+02  0.592548365187824E-03
 0.200000E+02  0.388007857000595E-03
 0.210000E+02  0.374446466135395E-03
 0.220000E+02  0.292639933283543E-03
 0.230000E+02  0.221120511191971E-03
 0.240000E+02  0.210344631402301E-03
 0.250000E+02  0.161375137287000E-03
 0.260000E+02  0.142294135721003E-03
 0.270000E+02  0.101928853924007E-03
 0.280000E+02  0.919516221606639E-04
 0.290000E+02  0.786378767394756E-04
 0.300000E+02  0.666294650749897E-04
 0.310000E+02  0.553026430892447E-04
 0.320000E+02  0.447647642526358E-04
 0.330000E+02  0.411660876013455E-04
 0.340000E+02  0.347766768043785E-04
 0.350000E+02  0.293103708524297E-04
 0.360000E+02  0.254633824919654E-04
 0.370000E+02  0.209053492794340E-04
 0.380000E+02  0.183920092511809E-04
 0.390000E+02  0.158063937262282E-04
 0.400000E+02  0.134207335125278E-04
 0.410000E+02  0.113104410048701E-04
 0.420000E+02  0.973222138156890E-05
 0.430000E+02  0.882789090467453E-05
 0.440000E+02  0.726570001107543E-05
 0.450000E+02  0.637544552551739E-05
 0.460000E+02  0.530894868612489E-05
 0.470000E+02  0.487301282347808E-05
 0.480000E+02  0.418586561074812E-05
 0.490000E+02  0.365164313384293E-05
 0.500000E+02  0.328695295923838E-05
 0.510000E+02  0.253230589073876E-05
 0.520000E+02  0.245682189481840E-05
 0.530000E+02  0.220028763510547E-05
 0.540000E+02  0.176941666644924E-05
 0.550000E+02  0.166730861101370E-05
 0.560000E+02  0.139329301393032E-05
 0.570000E+02  0.125607138942761E-05
 0.580000E+02  0.108151073644903E-05
 0.590000E+02  0.949240758367349E-06
 0.600000E+02  0.790380123385192E-06
 0.610000E+02  0.673297977110975E-06
 0.620000E+02  0.565202973101725E-06
 0.630000E+02  0.328852972702169E-06
 0.640000E+02  0.952489631264677E-07
 0.650000E+02  0.000000000000000E+00
 0.660000E+02  0.000000000000000E+00
 0.670000E+02  0.000000000000000E+00
 0.680000E+02  0.000000000000000E+00
 0.690000E+02  0.000000000000000E+00
 0.700000E+02  0.000000000000000E+00
 0.710000E+02  0.000000000000000E+00
 0.720000E+02  0.000000000000000E+00
 0.730000E+02  0.000000000000000E+00
 0.740000E+02  0.000000000000000E+00
 0.750000E+02  0.000000000000000E+00
 0.760000E+02  0.000000000000000E+00
 0.770000E+02  0.000000000000000E+00
 0.780000E+02  0.000000000000000E+00
 0.790000E+02  0.000000000000000E+00
 0.800000E+02  0.000000000000000E+00
 0.810000E+02  0.000000000000000E+00
 0.820000E+02  0.000000000000000E+00
 0.830000E+02  0.000000000000000E+00
 0.840000E+02  0.000000000000000E+00
 0.850000E+02  0.000000000000000E+00
 0.860000E+02  0.000000000000000E+00
 0.870000E+02  0.000000000000000E+00
 0.880000E+02  0.000000000000000E+00
 0.890000E+02  0.000000000000000E+00
 0.900000E+02  0.000000000000000E+00
 0.910000E+02  0.000000000000000E+00
 0.920000E+02  0.000000000000000E+00
 0.930000E+02  0.000000000000000E+00
 0.940000E+02  0.000000000000000E+00
 0.950000E+02  0.000000000000000E+00
 0.960000E+02  0.000000000000000E+00
 0.970000E+02  0.000000000000000E+00
