 0.100000E+01  0.352696122871640E+00
 0.200000E+01  0.111750052977168E-01
 0.300000E+01  0.276957712367178E-02
 0.400000E+01  0.709686505997311E-03
 0.500000E+01  0.326804274261465E-04
 0.600000E+01  0.964387753194199E-05
 0.700000E+01  0.590652753212103E-06
 0.800000E+01  0.139828099196293E-06
 0.900000E+01  0.229856586631851E-07
 0.100000E+02  0.212427974652830E-08
 0.110000E+02  0.700018355726327E-09
 0.120000E+02  0.481783345333358E-10
 0.130000E+02  0.132995837976468E-10
 0.140000E+02  0.170275995821783E-11
 0.150000E+02  0.231918074897099E-12
 0.160000E+02  0.849580105455773E-13
 0.170000E+02  0.712774860137770E-14
 0.180000E+02  0.250280339283413E-14
 0.190000E+02  0.404522554820880E-15
 0.200000E+02  0.865010940761691E-16
 0.210000E+02  0.417601720915763E-16
 0.220000E+02  0.517645704211761E-17
 0.230000E+02  0.258958900743397E-17
 0.240000E+02  0.699151013992371E-18
 0.250000E+02  0.116164185700778E-17
 0.260000E+02  0.535801707374214E-18
 0.270000E+02  0.218246349184484E-18
 0.280000E+02  0.135045498081264E-18
 0.290000E+02  0.157967576322640E-18
 0.300000E+02  0.591220641963265E-18
 0.310000E+02  0.383227933787318E-18
 0.320000E+02  0.182064234986214E-18
 0.330000E+02  0.281140297579566E-18
 0.340000E+02  0.234996526671509E-18
 0.350000E+02  0.228017369654097E-18
 0.360000E+02  0.812091973400239E-19
 0.370000E+02  0.212246544829157E-18
 0.380000E+02  0.132273511372518E-18
 0.390000E+02  0.746581562112041E-19
 0.400000E+02  0.760460615098688E-19
 0.410000E+02  0.536547188140256E-19
 0.420000E+02  0.387808467449577E-19
 0.430000E+02  0.332271935246142E-19
 0.440000E+02  0.260164630635936E-19
 0.450000E+02  0.378988730275348E-19
 0.460000E+02  0.915212829798992E-19
 0.470000E+02  0.166164978509069E-18
 0.480000E+02  0.504285063286808E-19
 0.490000E+02  0.162850019049463E-18
 0.500000E+02  0.901646466722681E-19
 0.510000E+02  0.292883119449798E-19
 0.520000E+02  0.174199808236250E-19
 0.530000E+02  0.173520618672105E-19
 0.540000E+02  0.428247590759228E-19
 0.550000E+02  0.300595051456104E-19
 0.560000E+02  0.327945791700490E-19
 0.570000E+02  0.252757599000468E-19
 0.580000E+02  0.477168164960065E-19
 0.590000E+02  0.354584084552811E-19
 0.600000E+02  0.922963246397662E-20
 0.610000E+02  0.519507268529245E-19
 0.620000E+02  0.410814608631463E-19
 0.630000E+02  0.416317315143581E-19
 0.640000E+02  0.165893037430694E-20
 0.650000E+02  0.000000000000000E+00
 0.660000E+02  0.000000000000000E+00
 0.670000E+02  0.000000000000000E+00
 0.680000E+02  0.000000000000000E+00
 0.690000E+02  0.000000000000000E+00
 0.700000E+02  0.000000000000000E+00
 0.710000E+02  0.000000000000000E+00
 0.720000E+02  0.000000000000000E+00
 0.730000E+02  0.000000000000000E+00
 0.740000E+02  0.000000000000000E+00
 0.750000E+02  0.000000000000000E+00
 0.760000E+02  0.000000000000000E+00
 0.770000E+02  0.000000000000000E+00
 0.780000E+02  0.000000000000000E+00
 0.790000E+02  0.000000000000000E+00
 0.800000E+02  0.000000000000000E+00
 0.810000E+02  0.000000000000000E+00
 0.820000E+02  0.000000000000000E+00
 0.830000E+02  0.000000000000000E+00
 0.840000E+02  0.000000000000000E+00
 0.850000E+02  0.000000000000000E+00
 0.860000E+02  0.000000000000000E+00
 0.870000E+02  0.000000000000000E+00
 0.880000E+02  0.000000000000000E+00
 0.890000E+02  0.000000000000000E+00
 0.900000E+02  0.000000000000000E+00
 0.910000E+02  0.000000000000000E+00
 0.920000E+02  0.000000000000000E+00
 0.930000E+02  0.000000000000000E+00
 0.940000E+02  0.000000000000000E+00
 0.950000E+02  0.000000000000000E+00
 0.960000E+02  0.000000000000000E+00
 0.970000E+02  0.000000000000000E+00
