 0.000000E+00  0.816101402476162E+00  0.409279597650102E+00  0.406821804826066E+00
 0.100000E+01  0.274755597382538E-02  0.190520689861888E-02  0.842349075206508E-03
 0.200000E+01  0.386840596196927E-04  0.234010899541775E-04  0.152829696655149E-04
 0.300000E+01  0.175370682470506E-05  0.872125223744617E-06  0.881581600960448E-06
 0.400000E+01  0.152513314250481E-06  0.639719055908712E-07  0.885414086596103E-07
 0.500000E+01  0.178960976377530E-07  0.759480518046910E-08  0.103012924572838E-07
 0.600000E+01  0.194829769050738E-08  0.799267177136429E-09  0.114903051337095E-08
 0.700000E+01  0.218004338317118E-09  0.809070071611877E-10  0.137097331155930E-09
 0.800000E+01  0.288447393572486E-10  0.108681451100599E-10  0.179765942471887E-10
 0.900000E+01  0.280278085237232E-11  0.111626888341028E-11  0.168651196896202E-11
 0.100000E+02  0.117630148744538E-12  0.477817363852807E-13  0.698484123592580E-13
 0.110000E+02  0.169546556178858E-14  0.746524861170404E-15  0.948940700618173E-15
 0.120000E+02  0.197238353095868E-16  0.145831307023154E-16  0.514070460727141E-17
 0.130000E+02  0.299319380191229E-17  0.227988204205908E-17  0.713311759853217E-18
 0.140000E+02  0.362081642677438E-17  0.288706220423546E-17  0.733754222538924E-18
 0.150000E+02  0.230496254724288E-17  0.190655141111389E-17  0.398411136128995E-18
 0.160000E+02  0.277741981912533E-19  0.277741981912533E-19  0.000000000000000E+00
 0.170000E+02  0.000000000000000E+00  0.000000000000000E+00  0.000000000000000E+00
 0.180000E+02  0.000000000000000E+00  0.000000000000000E+00  0.000000000000000E+00
 0.190000E+02  0.000000000000000E+00  0.000000000000000E+00  0.000000000000000E+00
 0.200000E+02  0.000000000000000E+00  0.000000000000000E+00  0.000000000000000E+00
 0.210000E+02  0.000000000000000E+00  0.000000000000000E+00  0.000000000000000E+00
 0.220000E+02  0.000000000000000E+00  0.000000000000000E+00  0.000000000000000E+00
 0.230000E+02  0.000000000000000E+00  0.000000000000000E+00  0.000000000000000E+00
 0.240000E+02  0.000000000000000E+00  0.000000000000000E+00  0.000000000000000E+00
