 0.100000E+01  0.549473726434151E+00
 0.200000E+01  0.388580277303878E-01
 0.300000E+01  0.149228895512781E-01
 0.400000E+01  0.260364813785036E-01
 0.500000E+01  0.856041675290557E-02
 0.600000E+01  0.682223810825507E-02
 0.700000E+01  0.559847329842863E-02
 0.800000E+01  0.295466099557163E-02
 0.900000E+01  0.301491529974989E-02
 0.100000E+02  0.119509282232888E-02
 0.110000E+02  0.960958474837536E-03
 0.120000E+02  0.766627131520000E-03
 0.130000E+02  0.694975568345055E-03
 0.140000E+02  0.442650357581507E-03
 0.150000E+02  0.272132932352440E-03
 0.160000E+02  0.238751761549264E-03
 0.170000E+02  0.179306266672011E-03
 0.180000E+02  0.102220683011938E-03
 0.190000E+02  0.701218976507641E-04
 0.200000E+02  0.397355317646297E-04
 0.210000E+02  0.415613532616317E-04
 0.220000E+02  0.206804834751192E-04
 0.230000E+02  0.134920595594332E-04
 0.240000E+02  0.101689457673289E-04
 0.250000E+02  0.678621934615413E-05
 0.260000E+02  0.540978178309995E-05
 0.270000E+02  0.288361013327552E-05
 0.280000E+02  0.188246318713557E-05
 0.290000E+02  0.142162000077879E-05
 0.300000E+02  0.134729218174331E-05
 0.310000E+02  0.768234067272694E-06
 0.320000E+02  0.545072188946103E-06
 0.330000E+02  0.371401103342862E-06
 0.340000E+02  0.337272853864065E-06
 0.350000E+02  0.170668961465398E-06
 0.360000E+02  0.122618137957930E-06
 0.370000E+02  0.904097672928409E-07
 0.380000E+02  0.812673106665785E-07
 0.390000E+02  0.495786576946537E-07
 0.400000E+02  0.315866433440897E-07
 0.410000E+02  0.213460644456101E-07
 0.420000E+02  0.146187303845804E-07
 0.430000E+02  0.133471524912093E-07
 0.440000E+02  0.682623558695894E-08
 0.450000E+02  0.454838366184216E-08
 0.460000E+02  0.317786127645790E-08
 0.470000E+02  0.231116255420442E-08
 0.480000E+02  0.176707362052549E-08
 0.490000E+02  0.929276830463515E-09
 0.500000E+02  0.596796136320236E-09
 0.510000E+02  0.495096259551240E-09
 0.520000E+02  0.272086015953206E-09
 0.530000E+02  0.159144705647306E-09
 0.540000E+02  0.113810304831844E-09
 0.550000E+02  0.796616171857906E-10
 0.560000E+02  0.557301786720875E-10
 0.570000E+02  0.314983260663392E-10
 0.580000E+02  0.189330665700555E-10
 0.590000E+02  0.139124805992881E-10
 0.600000E+02  0.101838582204773E-10
 0.610000E+02  0.564234836464156E-11
 0.620000E+02  0.477698946647810E-11
 0.630000E+02  0.352823113679464E-11
 0.640000E+02  0.165141107561046E-11
 0.650000E+02  0.000000000000000E+00
 0.660000E+02  0.000000000000000E+00
 0.670000E+02  0.000000000000000E+00
 0.680000E+02  0.000000000000000E+00
 0.690000E+02  0.000000000000000E+00
 0.700000E+02  0.000000000000000E+00
 0.710000E+02  0.000000000000000E+00
 0.720000E+02  0.000000000000000E+00
 0.730000E+02  0.000000000000000E+00
 0.740000E+02  0.000000000000000E+00
 0.750000E+02  0.000000000000000E+00
 0.760000E+02  0.000000000000000E+00
 0.770000E+02  0.000000000000000E+00
 0.780000E+02  0.000000000000000E+00
 0.790000E+02  0.000000000000000E+00
 0.800000E+02  0.000000000000000E+00
 0.810000E+02  0.000000000000000E+00
 0.820000E+02  0.000000000000000E+00
 0.830000E+02  0.000000000000000E+00
 0.840000E+02  0.000000000000000E+00
 0.850000E+02  0.000000000000000E+00
 0.860000E+02  0.000000000000000E+00
 0.870000E+02  0.000000000000000E+00
 0.880000E+02  0.000000000000000E+00
 0.890000E+02  0.000000000000000E+00
 0.900000E+02  0.000000000000000E+00
 0.910000E+02  0.000000000000000E+00
 0.920000E+02  0.000000000000000E+00
 0.930000E+02  0.000000000000000E+00
 0.940000E+02  0.000000000000000E+00
 0.950000E+02  0.000000000000000E+00
 0.960000E+02  0.000000000000000E+00
 0.970000E+02  0.000000000000000E+00
