 0.000000E+00  0.255473737151800E-03  0.000000000000000E+00  0.000000000000000E+00
 0.100000E+01  0.143524981405097E+01  0.130442924809176E+01  0.130464903078973E+00
 0.200000E+01  0.772269449705947E-01  0.214277743179991E-02  0.740875964402221E-01
 0.300000E+01  0.218469571113241E-01  0.304134919133503E-02  0.167296471263398E-01
 0.400000E+01  0.305111848184325E-01  0.128346576468630E-02  0.267767644199921E-01
 0.500000E+01  0.171864343031165E-01  0.757604942464241E-03  0.129968605419890E-01
 0.600000E+01  0.100098221802573E-01  0.431612085549204E-03  0.656170961951830E-02
 0.700000E+01  0.744675105784597E-02  0.340422889600234E-03  0.314116170025613E-02
 0.800000E+01  0.106966064647719E-01  0.330005423990087E-03  0.662898199607298E-02
 0.900000E+01  0.527030014476184E-02  0.380436605695422E-03  0.226003753316206E-02
 0.100000E+02  0.424611867354230E-02  0.266352090420696E-03  0.165807996472722E-02
 0.110000E+02  0.348795871847730E-02  0.172715660745837E-03  0.164680697213271E-02
 0.120000E+02  0.277071511944466E-02  0.102856685376906E-03  0.100663259086176E-02
 0.130000E+02  0.242567452271608E-02  0.853824158895122E-04  0.106236066086041E-02
 0.140000E+02  0.162445113856464E-02  0.728022962555031E-04  0.634466254096279E-03
 0.150000E+02  0.135473740651875E-02  0.499606940849162E-04  0.532304584552890E-03
 0.160000E+02  0.103592097846554E-02  0.378984644995306E-04  0.393011719001635E-03
 0.170000E+02  0.113336489295844E-02  0.308346249997538E-04  0.509483430091606E-03
 0.180000E+02  0.742399528686059E-03  0.226585726438300E-04  0.292053385007263E-03
 0.190000E+02  0.684517822783794E-03  0.154891787693678E-04  0.316793300457363E-03
 0.200000E+02  0.615395814660960E-03  0.972639111784801E-05  0.283326165801068E-03
 0.210000E+02  0.578015152033870E-03  0.763847199852785E-05  0.266629002306118E-03
 0.220000E+02  0.432315170065598E-03  0.581513189176763E-05  0.199492303273097E-03
 0.230000E+02  0.359968570756073E-03  0.379445598952532E-05  0.159109012136893E-03
 0.240000E+02  0.288008541464522E-03  0.344624433984420E-05  0.116992498260693E-03
 0.250000E+02  0.309380248223408E-03  0.426315656792964E-05  0.144742787058172E-03
 0.260000E+02  0.243071779289761E-03  0.347589551483174E-05  0.989522716223767E-04
 0.270000E+02  0.172519383619200E-03  0.265823807338631E-05  0.679495014122566E-04
 0.280000E+02  0.157416494784425E-03  0.194881248379724E-05  0.615681111717226E-04
 0.290000E+02  0.159398915994148E-03  0.187375322022523E-05  0.609096810427479E-04
 0.300000E+02  0.119410349132877E-03  0.140485920099853E-05  0.441160128445417E-04
 0.310000E+02  0.108586219877831E-03  0.111589523399229E-05  0.402153626593051E-04
 0.320000E+02  0.869049969698345E-04  0.983928196321426E-06  0.304765592180935E-04
 0.330000E+02  0.735918351995438E-04  0.866682570634103E-06  0.239560927576370E-04
 0.340000E+02  0.742535921318974E-04  0.639006065766140E-06  0.266990329953753E-04
 0.350000E+02  0.516624537737058E-04  0.538293822334099E-06  0.152242977088102E-04
 0.360000E+02  0.500890840059962E-04  0.475349791108186E-06  0.129655545842780E-04
 0.370000E+02  0.417468766826442E-04  0.381980038731845E-06  0.108052581559957E-04
 0.380000E+02  0.419246591773240E-04  0.331820198443133E-06  0.122039551008549E-04
 0.390000E+02  0.303923012152716E-04  0.260655125217286E-06  0.730246975860424E-05
 0.400000E+02  0.242516351449746E-04  0.268385912089927E-06  0.562333825022618E-05
 0.410000E+02  0.230032074267978E-04  0.230766953950831E-06  0.487342707092796E-05
 0.420000E+02  0.209849780078149E-04  0.174398200464060E-06  0.555183141726784E-05
 0.430000E+02  0.172310408709851E-04  0.129035976986769E-06  0.325713776953493E-05
 0.440000E+02  0.142665144605173E-04  0.124652123267496E-06  0.271706959065979E-05
 0.450000E+02  0.122181996665975E-04  0.985649378708146E-07  0.214284626155921E-05
 0.460000E+02  0.113029288785675E-04  0.925309033956122E-07  0.194409155277646E-05
 0.470000E+02  0.896867423231364E-05  0.653952867857733E-07  0.133901032691591E-05
 0.480000E+02  0.811642531886905E-05  0.593252695136421E-07  0.104850250171040E-05
 0.490000E+02  0.667966770034422E-05  0.550515453448953E-07  0.752429111077098E-06
 0.500000E+02  0.607804850140783E-05  0.533836811081599E-07  0.653487596996073E-06
 0.510000E+02  0.542144795690449E-05  0.467380460882397E-07  0.519647756124821E-06
 0.520000E+02  0.446990440615757E-05  0.465081865376298E-07  0.359173568923680E-06
 0.530000E+02  0.421321356763462E-05  0.354092737312340E-07  0.281062348912037E-06
 0.540000E+02  0.336890652336693E-05  0.277296723749220E-07  0.214367302552206E-06
 0.550000E+02  0.339071790739135E-05  0.312717264811462E-07  0.227861953252639E-06
 0.560000E+02  0.270295456056861E-05  0.225210395925690E-07  0.161837397391271E-06
 0.570000E+02  0.245139568327946E-05  0.242437293070124E-07  0.176878023954276E-06
 0.580000E+02  0.216164481307548E-05  0.229278851626876E-07  0.139955969100721E-06
 0.590000E+02  0.182942544997369E-05  0.251112888315240E-07  0.127893278550353E-06
 0.600000E+02  0.162498500801104E-05  0.239443623559839E-07  0.134982968192352E-06
 0.610000E+02  0.125041614194096E-05  0.212327382125272E-07  0.126622642663426E-06
 0.620000E+02  0.844700383098206E-06  0.180651480021177E-07  0.970281968575102E-07
 0.630000E+02  0.556397522746331E-06  0.189541200246145E-07  0.158398246712186E-06
 0.640000E+02  0.214090002927862E-09  0.409233595903731E-10  0.173166643337489E-09
 0.650000E+02  0.000000000000000E+00  0.000000000000000E+00  0.000000000000000E+00
 0.660000E+02  0.000000000000000E+00  0.000000000000000E+00  0.000000000000000E+00
 0.670000E+02  0.000000000000000E+00  0.000000000000000E+00  0.000000000000000E+00
 0.680000E+02  0.000000000000000E+00  0.000000000000000E+00  0.000000000000000E+00
 0.690000E+02  0.000000000000000E+00  0.000000000000000E+00  0.000000000000000E+00
 0.700000E+02  0.000000000000000E+00  0.000000000000000E+00  0.000000000000000E+00
 0.710000E+02  0.000000000000000E+00  0.000000000000000E+00  0.000000000000000E+00
 0.720000E+02  0.000000000000000E+00  0.000000000000000E+00  0.000000000000000E+00
 0.730000E+02  0.000000000000000E+00  0.000000000000000E+00  0.000000000000000E+00
 0.740000E+02  0.000000000000000E+00  0.000000000000000E+00  0.000000000000000E+00
 0.750000E+02  0.000000000000000E+00  0.000000000000000E+00  0.000000000000000E+00
 0.760000E+02  0.000000000000000E+00  0.000000000000000E+00  0.000000000000000E+00
 0.770000E+02  0.000000000000000E+00  0.000000000000000E+00  0.000000000000000E+00
 0.780000E+02  0.000000000000000E+00  0.000000000000000E+00  0.000000000000000E+00
 0.790000E+02  0.000000000000000E+00  0.000000000000000E+00  0.000000000000000E+00
 0.800000E+02  0.000000000000000E+00  0.000000000000000E+00  0.000000000000000E+00
 0.810000E+02  0.000000000000000E+00  0.000000000000000E+00  0.000000000000000E+00
 0.820000E+02  0.000000000000000E+00  0.000000000000000E+00  0.000000000000000E+00
 0.830000E+02  0.000000000000000E+00  0.000000000000000E+00  0.000000000000000E+00
 0.840000E+02  0.000000000000000E+00  0.000000000000000E+00  0.000000000000000E+00
 0.850000E+02  0.000000000000000E+00  0.000000000000000E+00  0.000000000000000E+00
 0.860000E+02  0.000000000000000E+00  0.000000000000000E+00  0.000000000000000E+00
 0.870000E+02  0.000000000000000E+00  0.000000000000000E+00  0.000000000000000E+00
 0.880000E+02  0.000000000000000E+00  0.000000000000000E+00  0.000000000000000E+00
 0.890000E+02  0.000000000000000E+00  0.000000000000000E+00  0.000000000000000E+00
 0.900000E+02  0.000000000000000E+00  0.000000000000000E+00  0.000000000000000E+00
 0.910000E+02  0.000000000000000E+00  0.000000000000000E+00  0.000000000000000E+00
 0.920000E+02  0.000000000000000E+00  0.000000000000000E+00  0.000000000000000E+00
 0.930000E+02  0.000000000000000E+00  0.000000000000000E+00  0.000000000000000E+00
 0.940000E+02  0.000000000000000E+00  0.000000000000000E+00  0.000000000000000E+00
 0.950000E+02  0.000000000000000E+00  0.000000000000000E+00  0.000000000000000E+00
 0.960000E+02  0.000000000000000E+00  0.000000000000000E+00  0.000000000000000E+00
