 0.000000E+00  0.165349134097895E-03  0.000000000000000E+00  0.000000000000000E+00
 0.100000E+01  0.194356359063096E+00  0.229939073376235E-01  0.171360518317670E+00
 0.200000E+01  0.241148491390780E-01  0.115172126799760E-10  0.241135479882360E-01
 0.300000E+01  0.206893634817773E-02  0.399450614106874E-10  0.206839314546414E-02
 0.400000E+01  0.518502556971879E-03  0.179178965044200E-10  0.518205702746855E-03
 0.500000E+01  0.220760422016690E-03  0.158883709640439E-10  0.220508273099607E-03
 0.600000E+01  0.172828844788860E-04  0.516193586818194E-11  0.172400627612701E-04
 0.700000E+01  0.712865396655994E-05  0.507074094251053E-11  0.709936763082092E-05
 0.800000E+01  0.812922843679861E-06  0.120483828742683E-11  0.807484912592912E-06
 0.900000E+01  0.224331272430519E-06  0.668587298064505E-12  0.221465878806491E-06
 0.100000E+02  0.600646682770190E-07  0.229232858416401E-12  0.588374868359369E-07
 0.110000E+02  0.754198379782772E-08  0.336888928144298E-13  0.726109420936462E-08
 0.120000E+02  0.332045759486470E-08  0.135364185339392E-13  0.312688981216973E-08
 0.130000E+02  0.388187188746846E-09  0.429724763106854E-14  0.352375652162597E-09
 0.140000E+02  0.126719484479756E-09  0.250717219141732E-14  0.109234810516335E-09
 0.150000E+02  0.282234116520518E-10  0.169667699268898E-14  0.224710704874959E-10
 0.160000E+02  0.525490234493707E-11  0.485173757806176E-15  0.379434490146554E-11
 0.170000E+02  0.196532299338457E-11  0.256650650129050E-15  0.121632516887088E-11
 0.180000E+02  0.312566792508617E-12  0.549534691681336E-16  0.158004563649080E-12
 0.190000E+02  0.131332795306652E-12  0.257729534742853E-16  0.523505240049564E-13
 0.200000E+02  0.324714847820484E-13  0.694154786621466E-17  0.868326929397954E-14
 0.210000E+02  0.937911860633902E-14  0.245210252074851E-17  0.174692903101591E-14
 0.220000E+02  0.400877499880726E-14  0.172579058688421E-17  0.437707387377479E-15
 0.230000E+02  0.914083674128888E-15  0.796062502546692E-18  0.616983938929170E-16
 0.240000E+02  0.515042724452075E-15  0.272179940641278E-18  0.208030745729842E-16
 0.250000E+02  0.137596902335247E-15  0.606605688755486E-18  0.337589985492652E-17
 0.260000E+02  0.549473495881659E-16  0.556694947479176E-18  0.812858474621857E-18
 0.270000E+02  0.222207728598939E-16  0.317870060628952E-18  0.233890666128837E-18
 0.280000E+02  0.613171959773561E-17  0.205165689380013E-18  0.900815641799312E-19
 0.290000E+02  0.432746514198537E-17  0.516206981089761E-18  0.101430397169013E-18
 0.300000E+02  0.230398877224842E-17  0.123460158739919E-17  0.122277823689316E-18
 0.310000E+02  0.107098998249915E-17  0.416298423450822E-18  0.192166276908848E-18
 0.320000E+02  0.582809621763818E-18  0.215930435084646E-18  0.187258492854842E-18
 0.330000E+02  0.480835401459973E-18  0.312652267415643E-18  0.879786059089402E-19
 0.340000E+02  0.782083644815725E-18  0.670742951135188E-18  0.494346234820014E-19
 0.350000E+02  0.523533853148382E-18  0.446465791203891E-18  0.390738177593709E-19
 0.360000E+02  0.141721968573871E-18  0.962242240496228E-19  0.203683362988215E-19
 0.370000E+02  0.217570637840315E-18  0.144619671663193E-18  0.507892834776752E-19
 0.380000E+02  0.243128369706577E-18  0.203764439256013E-18  0.156015025652202E-19
 0.390000E+02  0.609359359091936E-19  0.341721730782358E-19  0.818494665465494E-20
 0.400000E+02  0.573324473990914E-19  0.259476414749926E-19  0.154654562510114E-19
 0.410000E+02  0.350885094467284E-19  0.134068761201793E-19  0.656334492798172E-20
 0.420000E+02  0.480653806728683E-19  0.311556169122627E-19  0.479389935567263E-20
 0.430000E+02  0.791526886285171E-19  0.628055360023596E-19  0.477937106941736E-20
 0.440000E+02  0.752917802828490E-19  0.586237018951690E-19  0.543734411856425E-20
 0.450000E+02  0.100324044793228E-18  0.802639805478904E-19  0.537396473102152E-20
 0.460000E+02  0.146596721598145E-18  0.111016133263829E-18  0.164199142556283E-19
 0.470000E+02  0.127325783768211E-18  0.836585885422203E-19  0.235142099012113E-19
 0.480000E+02  0.428386990009092E-19  0.196687945670044E-19  0.855926682432499E-20
 0.490000E+02  0.146967321174022E-18  0.112256605149325E-18  0.160692633338935E-19
 0.500000E+02  0.116487395361688E-18  0.937059021970603E-19  0.792294365751788E-20
 0.510000E+02  0.561593137200863E-19  0.421232517052282E-19  0.403415110115660E-20
 0.520000E+02  0.311136161130800E-19  0.212523102111618E-19  0.149240203517767E-20
 0.530000E+02  0.274361997051302E-19  0.185387155886465E-19  0.168265868764510E-20
 0.540000E+02  0.477281292683208E-19  0.351761669904947E-19  0.591021116860963E-20
 0.550000E+02  0.201833040955374E-19  0.103042984901707E-19  0.318689829773607E-20
 0.560000E+02  0.302367016189445E-19  0.171927762098806E-19  0.746225877199228E-20
 0.570000E+02  0.211223059583670E-19  0.134098476010410E-19  0.247399571533220E-20
 0.580000E+02  0.840783832976286E-19  0.704287274544999E-19  0.773221455572501E-20
 0.590000E+02  0.676732481516524E-19  0.573386554139686E-19  0.531354098629880E-20
 0.600000E+02  0.207706849131262E-19  0.160686049054077E-19  0.100705332555740E-20
 0.610000E+02  0.859565579430427E-19  0.770447617852967E-19  0.477537451873912E-20
 0.620000E+02  0.708473965140822E-19  0.606735247557462E-19  0.655338693283329E-20
 0.630000E+02  0.357861633313700E-19  0.274365251234561E-19  0.645291637353014E-20
 0.640000E+02  0.525780345057227E-22  0.162851865461060E-22  0.362928479596167E-22
 0.650000E+02  0.000000000000000E+00  0.000000000000000E+00  0.000000000000000E+00
 0.660000E+02  0.000000000000000E+00  0.000000000000000E+00  0.000000000000000E+00
 0.670000E+02  0.000000000000000E+00  0.000000000000000E+00  0.000000000000000E+00
 0.680000E+02  0.000000000000000E+00  0.000000000000000E+00  0.000000000000000E+00
 0.690000E+02  0.000000000000000E+00  0.000000000000000E+00  0.000000000000000E+00
 0.700000E+02  0.000000000000000E+00  0.000000000000000E+00  0.000000000000000E+00
 0.710000E+02  0.000000000000000E+00  0.000000000000000E+00  0.000000000000000E+00
 0.720000E+02  0.000000000000000E+00  0.000000000000000E+00  0.000000000000000E+00
 0.730000E+02  0.000000000000000E+00  0.000000000000000E+00  0.000000000000000E+00
 0.740000E+02  0.000000000000000E+00  0.000000000000000E+00  0.000000000000000E+00
 0.750000E+02  0.000000000000000E+00  0.000000000000000E+00  0.000000000000000E+00
 0.760000E+02  0.000000000000000E+00  0.000000000000000E+00  0.000000000000000E+00
 0.770000E+02  0.000000000000000E+00  0.000000000000000E+00  0.000000000000000E+00
 0.780000E+02  0.000000000000000E+00  0.000000000000000E+00  0.000000000000000E+00
 0.790000E+02  0.000000000000000E+00  0.000000000000000E+00  0.000000000000000E+00
 0.800000E+02  0.000000000000000E+00  0.000000000000000E+00  0.000000000000000E+00
 0.810000E+02  0.000000000000000E+00  0.000000000000000E+00  0.000000000000000E+00
 0.820000E+02  0.000000000000000E+00  0.000000000000000E+00  0.000000000000000E+00
 0.830000E+02  0.000000000000000E+00  0.000000000000000E+00  0.000000000000000E+00
 0.840000E+02  0.000000000000000E+00  0.000000000000000E+00  0.000000000000000E+00
 0.850000E+02  0.000000000000000E+00  0.000000000000000E+00  0.000000000000000E+00
 0.860000E+02  0.000000000000000E+00  0.000000000000000E+00  0.000000000000000E+00
 0.870000E+02  0.000000000000000E+00  0.000000000000000E+00  0.000000000000000E+00
 0.880000E+02  0.000000000000000E+00  0.000000000000000E+00  0.000000000000000E+00
 0.890000E+02  0.000000000000000E+00  0.000000000000000E+00  0.000000000000000E+00
 0.900000E+02  0.000000000000000E+00  0.000000000000000E+00  0.000000000000000E+00
 0.910000E+02  0.000000000000000E+00  0.000000000000000E+00  0.000000000000000E+00
 0.920000E+02  0.000000000000000E+00  0.000000000000000E+00  0.000000000000000E+00
 0.930000E+02  0.000000000000000E+00  0.000000000000000E+00  0.000000000000000E+00
 0.940000E+02  0.000000000000000E+00  0.000000000000000E+00  0.000000000000000E+00
 0.950000E+02  0.000000000000000E+00  0.000000000000000E+00  0.000000000000000E+00
 0.960000E+02  0.000000000000000E+00  0.000000000000000E+00  0.000000000000000E+00
