 0.000000E+00  0.298366917099255E+00  0.692171439329154E-01  0.229149773166340E+00
 0.100000E+01  0.355228157799066E-03  0.352874869962147E-03  0.235328783692091E-05
 0.200000E+01  0.102655013437284E-08  0.630647540351685E-09  0.395902594021207E-09
 0.300000E+01  0.237407693429811E-12  0.150477510045401E-12  0.869301833844095E-13
 0.400000E+01  0.622307324099131E-16  0.423139534582269E-16  0.199167789516860E-16
 0.500000E+01  0.659691000200737E-18  0.485882729496852E-18  0.173808270703885E-18
 0.600000E+01  0.110170548514047E-17  0.886285012627360E-18  0.215420472513113E-18
 0.700000E+01  0.521042328647528E-18  0.393934309167604E-18  0.127108019479924E-18
 0.800000E+01  0.529642176833393E-18  0.426155340501659E-18  0.103486836331734E-18
 0.900000E+01  0.444762688460631E-18  0.357321567584553E-18  0.874411208760782E-19
 0.100000E+02  0.613741801432967E-18  0.499680387768657E-18  0.114061413664310E-18
 0.110000E+02  0.392361344146093E-18  0.315228538372598E-18  0.771328057734955E-19
 0.120000E+02  0.103157323769699E-17  0.933462507296741E-18  0.981107304002464E-19
 0.130000E+02  0.290551949660912E-18  0.235364642488680E-18  0.551873071722327E-19
 0.140000E+02  0.384365806307595E-18  0.326174530373904E-18  0.581912759336903E-19
 0.150000E+02  0.342288386456437E-18  0.295553345675690E-18  0.467350407807467E-19
 0.160000E+02  0.296972905256560E-20  0.296972905256560E-20  0.000000000000000E+00
 0.170000E+02  0.000000000000000E+00  0.000000000000000E+00  0.000000000000000E+00
 0.180000E+02  0.000000000000000E+00  0.000000000000000E+00  0.000000000000000E+00
 0.190000E+02  0.000000000000000E+00  0.000000000000000E+00  0.000000000000000E+00
 0.200000E+02  0.000000000000000E+00  0.000000000000000E+00  0.000000000000000E+00
 0.210000E+02  0.000000000000000E+00  0.000000000000000E+00  0.000000000000000E+00
 0.220000E+02  0.000000000000000E+00  0.000000000000000E+00  0.000000000000000E+00
 0.230000E+02  0.000000000000000E+00  0.000000000000000E+00  0.000000000000000E+00
 0.240000E+02  0.000000000000000E+00  0.000000000000000E+00  0.000000000000000E+00
