 0.000000E+00  0.132137176233987E+01  0.979820677739450E+00  0.341551084600422E+00
 0.100000E+01  0.281703343421566E-01  0.174545064168597E-01  0.107158279252969E-01
 0.200000E+01  0.515704301711149E-02  0.318332565602893E-02  0.197371736108255E-02
 0.300000E+01  0.184133853778789E-02  0.123331977130602E-02  0.608018766481865E-03
 0.400000E+01  0.855135426898618E-03  0.567049893111974E-03  0.288085533786644E-03
 0.500000E+01  0.417841667823656E-03  0.290423615023885E-03  0.127418052799771E-03
 0.600000E+01  0.187081328477044E-03  0.120070323221010E-03  0.670110052560343E-04
 0.700000E+01  0.946231622195651E-04  0.639435167052005E-04  0.306796455143646E-04
 0.800000E+01  0.567332979965976E-04  0.378961463160956E-04  0.188371516805021E-04
 0.900000E+01  0.320598274082324E-04  0.215432094983088E-04  0.105166179099236E-04
 0.100000E+02  0.219631830222760E-04  0.148036535976493E-04  0.715952942462667E-05
 0.110000E+02  0.155298331706425E-04  0.109284618952039E-04  0.460137127543857E-05
 0.120000E+02  0.101947184720141E-04  0.787967200234569E-05  0.231504646966838E-05
 0.130000E+02  0.526309250017568E-05  0.419438885303084E-05  0.106870364714484E-05
 0.140000E+02  0.179893489805502E-05  0.136957847980679E-05  0.429356418248233E-06
 0.150000E+02  0.367338889086254E-06  0.288670491743271E-06  0.786683973429833E-07
 0.160000E+02  0.949857900667261E-10  0.949857900667261E-10  0.000000000000000E+00
 0.170000E+02  0.000000000000000E+00  0.000000000000000E+00  0.000000000000000E+00
 0.180000E+02  0.000000000000000E+00  0.000000000000000E+00  0.000000000000000E+00
 0.190000E+02  0.000000000000000E+00  0.000000000000000E+00  0.000000000000000E+00
 0.200000E+02  0.000000000000000E+00  0.000000000000000E+00  0.000000000000000E+00
 0.210000E+02  0.000000000000000E+00  0.000000000000000E+00  0.000000000000000E+00
 0.220000E+02  0.000000000000000E+00  0.000000000000000E+00  0.000000000000000E+00
 0.230000E+02  0.000000000000000E+00  0.000000000000000E+00  0.000000000000000E+00
 0.240000E+02  0.000000000000000E+00  0.000000000000000E+00  0.000000000000000E+00
