 0.000000E+00  0.969046666833000E-04  0.000000000000000E+00  0.000000000000000E+00
 0.100000E+01  0.613666324131249E+00  0.444594920561359E+00  0.169062270317227E+00
 0.200000E+01  0.531423049288954E-01  0.205795096241967E-08  0.531334068655269E-01
 0.300000E+01  0.163104723491944E-01  0.252264756653298E-08  0.162977722720825E-01
 0.400000E+01  0.892185097959160E-02  0.217671333605299E-08  0.891358845001378E-02
 0.500000E+01  0.118136550699182E-01  0.323130848944517E-08  0.117966303985213E-01
 0.600000E+01  0.380629553808201E-02  0.238618269457827E-08  0.379921864636401E-02
 0.700000E+01  0.454982408507919E-02  0.264460766041244E-08  0.453920805887265E-02
 0.800000E+01  0.259200668570199E-02  0.193130163231081E-08  0.258581136935643E-02
 0.900000E+01  0.153195973238885E-02  0.179560853006208E-08  0.152694559141975E-02
 0.100000E+02  0.190046771176281E-02  0.184539598096427E-08  0.189501294150807E-02
 0.110000E+02  0.773317685947463E-03  0.978472323422076E-09  0.770395805343910E-03
 0.120000E+02  0.962103137158286E-03  0.106955082674286E-08  0.958705613482908E-03
 0.130000E+02  0.801318772723463E-03  0.865730650314895E-09  0.798409123719394E-03
 0.140000E+02  0.446080715037332E-03  0.583090880609236E-09  0.444122035838242E-03
 0.150000E+02  0.563462599007094E-03  0.708105220817379E-09  0.561455432488379E-03
 0.160000E+02  0.229639078980419E-03  0.305561434995966E-09  0.228558958648030E-03
 0.170000E+02  0.291492016303972E-03  0.449293884607763E-09  0.290250933061295E-03
 0.180000E+02  0.251125198984427E-03  0.345576059574017E-09  0.249951251458698E-03
 0.190000E+02  0.137241181121447E-03  0.253920658191102E-09  0.136556920104054E-03
 0.200000E+02  0.181398877810511E-03  0.276661931940083E-09  0.180539900981698E-03
 0.210000E+02  0.768412635443418E-04  0.171297211589671E-09  0.763939445232720E-04
 0.220000E+02  0.788929938544386E-04  0.154759392818143E-09  0.784839491104136E-04
 0.230000E+02  0.718286118428069E-04  0.143131590638250E-09  0.714102735393138E-04
 0.240000E+02  0.384198639579407E-04  0.910073790836692E-10  0.381780267716323E-04
 0.250000E+02  0.501524847381057E-04  0.113899596801501E-09  0.498420495461805E-04
 0.260000E+02  0.207016419772353E-04  0.660538703359169E-10  0.205563274488967E-04
 0.270000E+02  0.208743727047271E-04  0.529308202144487E-10  0.207359157545765E-04
 0.280000E+02  0.184105038501821E-04  0.556524587479187E-10  0.182765469081896E-04
 0.290000E+02  0.964476321832397E-05  0.337242569903874E-10  0.956238795841262E-05
 0.300000E+02  0.123278231710396E-04  0.461901232825145E-10  0.122250772317226E-04
 0.310000E+02  0.522349002559900E-05  0.223614032922309E-10  0.517462446862929E-05
 0.320000E+02  0.508347388715521E-05  0.252395570267708E-10  0.503632226201005E-05
 0.330000E+02  0.434416656169808E-05  0.182315199991803E-10  0.429894926538721E-05
 0.340000E+02  0.226095410487911E-05  0.155585478858561E-10  0.223275308361430E-05
 0.350000E+02  0.274282282015292E-05  0.145239729670208E-10  0.270921595347211E-05
 0.360000E+02  0.121239010679869E-05  0.883563886502076E-11  0.119583254928610E-05
 0.370000E+02  0.113634614838504E-05  0.754158157750042E-11  0.112044037648958E-05
 0.380000E+02  0.945562477601262E-06  0.713071473266908E-11  0.930577664038388E-06
 0.390000E+02  0.481857200198036E-06  0.457338394695992E-11  0.473022494448253E-06
 0.400000E+02  0.563471927401942E-06  0.418655009350533E-11  0.552830624258986E-06
 0.410000E+02  0.257225918700370E-06  0.293491779708574E-11  0.251894353889714E-06
 0.420000E+02  0.231817323068309E-06  0.225795141425085E-11  0.226738949824730E-06
 0.430000E+02  0.187966539513827E-06  0.216628732969528E-11  0.183364898823249E-06
 0.440000E+02  0.946767798327563E-07  0.143080521997851E-11  0.920469544703969E-07
 0.450000E+02  0.105926795157286E-06  0.131794254713267E-11  0.102819178965677E-06
 0.460000E+02  0.497323741864560E-07  0.938087393330573E-12  0.481410485694476E-07
 0.470000E+02  0.429864143874956E-07  0.642580530267162E-12  0.415128598838021E-07
 0.480000E+02  0.340857837149082E-07  0.756830933533930E-12  0.327798883058842E-07
 0.490000E+02  0.170108074996382E-07  0.483198485335946E-12  0.162869390475111E-07
 0.500000E+02  0.181831285927856E-07  0.501728251372914E-12  0.173464769986872E-07
 0.510000E+02  0.880915153212553E-08  0.410508273476983E-12  0.836318769838107E-08
 0.520000E+02  0.720546166792531E-08  0.221040470811200E-12  0.681585218292568E-08
 0.530000E+02  0.558475439593274E-08  0.297513282052122E-12  0.524234403852954E-08
 0.540000E+02  0.288202935266060E-08  0.257839252028038E-12  0.268352646618793E-08
 0.550000E+02  0.285733544761956E-08  0.264340726820508E-12  0.264365193699816E-08
 0.560000E+02  0.134231120433778E-08  0.153225622255201E-12  0.123547323329344E-08
 0.570000E+02  0.116597959327977E-08  0.164287187067436E-12  0.105884709688399E-08
 0.580000E+02  0.866508501637091E-09  0.168110001705483E-12  0.775279013822910E-09
 0.590000E+02  0.413942981762176E-09  0.116646043208451E-12  0.368098749792198E-09
 0.600000E+02  0.454205338894500E-09  0.156553370488883E-12  0.395157016720485E-09
 0.610000E+02  0.185559101646895E-09  0.753501881523491E-13  0.158243489036583E-09
 0.620000E+02  0.224356608563450E-09  0.115734883384940E-12  0.188103134350698E-09
 0.630000E+02  0.232600295373596E-09  0.142349078032714E-12  0.190884623993769E-09
 0.640000E+02  0.886375777935736E-18  0.671723454275723E-21  0.885704054481461E-18
 0.650000E+02  0.000000000000000E+00  0.000000000000000E+00  0.000000000000000E+00
 0.660000E+02  0.000000000000000E+00  0.000000000000000E+00  0.000000000000000E+00
 0.670000E+02  0.000000000000000E+00  0.000000000000000E+00  0.000000000000000E+00
 0.680000E+02  0.000000000000000E+00  0.000000000000000E+00  0.000000000000000E+00
 0.690000E+02  0.000000000000000E+00  0.000000000000000E+00  0.000000000000000E+00
 0.700000E+02  0.000000000000000E+00  0.000000000000000E+00  0.000000000000000E+00
 0.710000E+02  0.000000000000000E+00  0.000000000000000E+00  0.000000000000000E+00
 0.720000E+02  0.000000000000000E+00  0.000000000000000E+00  0.000000000000000E+00
 0.730000E+02  0.000000000000000E+00  0.000000000000000E+00  0.000000000000000E+00
 0.740000E+02  0.000000000000000E+00  0.000000000000000E+00  0.000000000000000E+00
 0.750000E+02  0.000000000000000E+00  0.000000000000000E+00  0.000000000000000E+00
 0.760000E+02  0.000000000000000E+00  0.000000000000000E+00  0.000000000000000E+00
 0.770000E+02  0.000000000000000E+00  0.000000000000000E+00  0.000000000000000E+00
 0.780000E+02  0.000000000000000E+00  0.000000000000000E+00  0.000000000000000E+00
 0.790000E+02  0.000000000000000E+00  0.000000000000000E+00  0.000000000000000E+00
 0.800000E+02  0.000000000000000E+00  0.000000000000000E+00  0.000000000000000E+00
 0.810000E+02  0.000000000000000E+00  0.000000000000000E+00  0.000000000000000E+00
 0.820000E+02  0.000000000000000E+00  0.000000000000000E+00  0.000000000000000E+00
 0.830000E+02  0.000000000000000E+00  0.000000000000000E+00  0.000000000000000E+00
 0.840000E+02  0.000000000000000E+00  0.000000000000000E+00  0.000000000000000E+00
 0.850000E+02  0.000000000000000E+00  0.000000000000000E+00  0.000000000000000E+00
 0.860000E+02  0.000000000000000E+00  0.000000000000000E+00  0.000000000000000E+00
 0.870000E+02  0.000000000000000E+00  0.000000000000000E+00  0.000000000000000E+00
 0.880000E+02  0.000000000000000E+00  0.000000000000000E+00  0.000000000000000E+00
 0.890000E+02  0.000000000000000E+00  0.000000000000000E+00  0.000000000000000E+00
 0.900000E+02  0.000000000000000E+00  0.000000000000000E+00  0.000000000000000E+00
 0.910000E+02  0.000000000000000E+00  0.000000000000000E+00  0.000000000000000E+00
 0.920000E+02  0.000000000000000E+00  0.000000000000000E+00  0.000000000000000E+00
 0.930000E+02  0.000000000000000E+00  0.000000000000000E+00  0.000000000000000E+00
 0.940000E+02  0.000000000000000E+00  0.000000000000000E+00  0.000000000000000E+00
 0.950000E+02  0.000000000000000E+00  0.000000000000000E+00  0.000000000000000E+00
 0.960000E+02  0.000000000000000E+00  0.000000000000000E+00  0.000000000000000E+00
