 0.100000E+01  0.141623399449846E+01
 0.200000E+01  0.771780998770233E-01
 0.300000E+01  0.216214418000989E-01
 0.400000E+01  0.307470203288199E-01
 0.500000E+01  0.152482868567464E-01
 0.600000E+01  0.130857704132111E-01
 0.700000E+01  0.110729342668117E-01
 0.800000E+01  0.647082941731553E-02
 0.900000E+01  0.461559565755430E-02
 0.100000E+02  0.388910676176402E-02
 0.110000E+02  0.315370073207193E-02
 0.120000E+02  0.274195557824549E-02
 0.130000E+02  0.288527040075164E-02
 0.140000E+02  0.183447079226289E-02
 0.150000E+02  0.152044716876443E-02
 0.160000E+02  0.140320494268442E-02
 0.170000E+02  0.139117684009440E-02
 0.180000E+02  0.933082657569524E-03
 0.190000E+02  0.695559637577692E-03
 0.200000E+02  0.591456979205960E-03
 0.210000E+02  0.511687719192983E-03
 0.220000E+02  0.410968884755977E-03
 0.230000E+02  0.318078062633653E-03
 0.240000E+02  0.263099857629220E-03
 0.250000E+02  0.235572959674075E-03
 0.260000E+02  0.202587419502505E-03
 0.270000E+02  0.155776964297622E-03
 0.280000E+02  0.143065986833728E-03
 0.290000E+02  0.112110634447482E-03
 0.300000E+02  0.109233610162268E-03
 0.310000E+02  0.868528233978585E-04
 0.320000E+02  0.725649802275799E-04
 0.330000E+02  0.698469888086747E-04
 0.340000E+02  0.637436951111402E-04
 0.350000E+02  0.506723836019453E-04
 0.360000E+02  0.448708933367665E-04
 0.370000E+02  0.366805739259480E-04
 0.380000E+02  0.368694271124175E-04
 0.390000E+02  0.275356480813471E-04
 0.400000E+02  0.244188578134369E-04
 0.410000E+02  0.213923995021236E-04
 0.420000E+02  0.181624095845518E-04
 0.430000E+02  0.160764284508039E-04
 0.440000E+02  0.128870087027221E-04
 0.450000E+02  0.112230741296379E-04
 0.460000E+02  0.974646611314564E-05
 0.470000E+02  0.915519690840820E-05
 0.480000E+02  0.765672217226444E-05
 0.490000E+02  0.705988999385216E-05
 0.500000E+02  0.618189038606982E-05
 0.510000E+02  0.515410064180704E-05
 0.520000E+02  0.479919963998045E-05
 0.530000E+02  0.409686645298989E-05
 0.540000E+02  0.341042610383663E-05
 0.550000E+02  0.323605941154150E-05
 0.560000E+02  0.275008038818625E-05
 0.570000E+02  0.251572517953205E-05
 0.580000E+02  0.208394420358761E-05
 0.590000E+02  0.185328922886329E-05
 0.600000E+02  0.160151256428512E-05
 0.610000E+02  0.128366775948138E-05
 0.620000E+02  0.115032878696074E-05
 0.630000E+02  0.749624940671425E-06
 0.640000E+02  0.278333754380250E-06
 0.650000E+02  0.000000000000000E+00
 0.660000E+02  0.000000000000000E+00
 0.670000E+02  0.000000000000000E+00
 0.680000E+02  0.000000000000000E+00
 0.690000E+02  0.000000000000000E+00
 0.700000E+02  0.000000000000000E+00
 0.710000E+02  0.000000000000000E+00
 0.720000E+02  0.000000000000000E+00
 0.730000E+02  0.000000000000000E+00
 0.740000E+02  0.000000000000000E+00
 0.750000E+02  0.000000000000000E+00
 0.760000E+02  0.000000000000000E+00
 0.770000E+02  0.000000000000000E+00
 0.780000E+02  0.000000000000000E+00
 0.790000E+02  0.000000000000000E+00
 0.800000E+02  0.000000000000000E+00
 0.810000E+02  0.000000000000000E+00
 0.820000E+02  0.000000000000000E+00
 0.830000E+02  0.000000000000000E+00
 0.840000E+02  0.000000000000000E+00
 0.850000E+02  0.000000000000000E+00
 0.860000E+02  0.000000000000000E+00
 0.870000E+02  0.000000000000000E+00
 0.880000E+02  0.000000000000000E+00
 0.890000E+02  0.000000000000000E+00
 0.900000E+02  0.000000000000000E+00
 0.910000E+02  0.000000000000000E+00
 0.920000E+02  0.000000000000000E+00
 0.930000E+02  0.000000000000000E+00
 0.940000E+02  0.000000000000000E+00
 0.950000E+02  0.000000000000000E+00
 0.960000E+02  0.000000000000000E+00
 0.970000E+02  0.000000000000000E+00
