 0.000000E+00  0.660333996947356E+00  0.283032976582791E+00  0.377301020364580E+00
 0.100000E+01  0.975864496016113E-03  0.709370350062672E-03  0.266494145953443E-03
 0.200000E+01  0.280191978815374E-05  0.151781332907196E-05  0.128410645908177E-05
 0.300000E+01  0.320106738916628E-07  0.188408755945338E-07  0.131697982971290E-07
 0.400000E+01  0.833192306529109E-09  0.557966239448509E-09  0.275226067080599E-09
 0.500000E+01  0.368505415022248E-10  0.270580648778669E-10  0.979247662435814E-11
 0.600000E+01  0.191048041275652E-11  0.143621021424346E-11  0.474270198513048E-12
 0.700000E+01  0.100348945188087E-12  0.745925347526310E-13  0.257564104354559E-13
 0.800000E+01  0.476749951223430E-14  0.353166201453780E-14  0.123583749769650E-14
 0.900000E+01  0.174652800678157E-15  0.132965320578328E-15  0.416874800998295E-16
 0.100000E+02  0.793877781326747E-17  0.603075612047994E-17  0.190802169278753E-17
 0.110000E+02  0.302698641782141E-17  0.224372375026537E-17  0.783262667556038E-18
 0.120000E+02  0.183710642868454E-16  0.152750742683399E-16  0.309599001850544E-17
 0.130000E+02  0.245104262094454E-17  0.185635318645970E-17  0.594689434484840E-18
 0.140000E+02  0.321374679084949E-17  0.258994105271705E-17  0.623805738132438E-18
 0.150000E+02  0.193696430176252E-17  0.158593654701070E-17  0.351027754751821E-18
 0.160000E+02  0.297049217514830E-19  0.297049217514830E-19  0.000000000000000E+00
 0.170000E+02  0.000000000000000E+00  0.000000000000000E+00  0.000000000000000E+00
 0.180000E+02  0.000000000000000E+00  0.000000000000000E+00  0.000000000000000E+00
 0.190000E+02  0.000000000000000E+00  0.000000000000000E+00  0.000000000000000E+00
 0.200000E+02  0.000000000000000E+00  0.000000000000000E+00  0.000000000000000E+00
 0.210000E+02  0.000000000000000E+00  0.000000000000000E+00  0.000000000000000E+00
 0.220000E+02  0.000000000000000E+00  0.000000000000000E+00  0.000000000000000E+00
 0.230000E+02  0.000000000000000E+00  0.000000000000000E+00  0.000000000000000E+00
 0.240000E+02  0.000000000000000E+00  0.000000000000000E+00  0.000000000000000E+00
