 0.000000E+00  0.346509618168877E-03  0.000000000000000E+00  0.000000000000000E+00
 0.100000E+01  0.368661407422753E+00  0.177265010779356E+00  0.191390605177730E+00
 0.200000E+01  0.619072338034157E-02  0.309856028435731E-11  0.619034850387834E-02
 0.300000E+01  0.214634900167202E-03  0.798297979132947E-12  0.214593894156678E-03
 0.400000E+01  0.189299193142139E-04  0.401118178644393E-12  0.189186418155796E-04
 0.500000E+01  0.336590583674856E-05  0.509232253717803E-12  0.336162515951715E-05
 0.600000E+01  0.791353435692973E-07  0.114255503212166E-12  0.789038007486598E-07
 0.700000E+01  0.152029530526423E-07  0.678883701044861E-13  0.151355590111553E-07
 0.800000E+01  0.728356023574538E-09  0.106963981687440E-13  0.722000179666575E-09
 0.900000E+01  0.769078908122341E-10  0.304443079331339E-14  0.755942355227504E-10
 0.100000E+02  0.944244175648057E-11  0.832164296716811E-15  0.910848334765797E-11
 0.110000E+02  0.446794823277660E-12  0.101071980898387E-15  0.411896154684350E-12
 0.120000E+02  0.926509759718375E-13  0.402658365199418E-16  0.802540157693969E-13
 0.130000E+02  0.467655028357927E-14  0.485836184241555E-17  0.349788516437426E-14
 0.140000E+02  0.670845292931257E-15  0.142956023575718E-17  0.414873542734916E-15
 0.150000E+02  0.761441201405442E-16  0.779535611505321E-18  0.351450065501100E-16
 0.160000E+02  0.784345253235539E-17  0.336336860229655E-18  0.261633070392968E-17
 0.170000E+02  0.231856802575673E-17  0.458906048849158E-18  0.648932461818655E-18
 0.180000E+02  0.673131899368978E-18  0.265051885031654E-18  0.211678785595722E-18
 0.190000E+02  0.363765408050265E-18  0.190834792947241E-18  0.866277853725853E-19
 0.200000E+02  0.182391943261865E-18  0.855922852034033E-19  0.383285150933959E-19
 0.210000E+02  0.156777186173483E-18  0.735012654447920E-19  0.285299493626151E-19
 0.220000E+02  0.257360598032814E-18  0.112804141208847E-18  0.817998386945747E-19
 0.230000E+02  0.369437487165752E-18  0.170647226567047E-18  0.107493121451973E-18
 0.240000E+02  0.207425201723892E-18  0.692372991399981E-19  0.454305855416756E-19
 0.250000E+02  0.805253158332923E-18  0.316453308525848E-18  0.393449688831610E-18
 0.260000E+02  0.254819852712938E-18  0.108003081382678E-18  0.899190886203257E-19
 0.270000E+02  0.114020024116493E-18  0.479543731807332E-19  0.311617837885104E-19
 0.280000E+02  0.674427625608888E-19  0.241673191699939E-19  0.152914254000255E-19
 0.290000E+02  0.755226300657914E-19  0.292135810829065E-19  0.173752683431189E-19
 0.300000E+02  0.265354038199633E-18  0.147709404658310E-18  0.892277087981349E-19
 0.310000E+02  0.335900573700512E-18  0.143593513981129E-18  0.157739894569873E-18
 0.320000E+02  0.135073563989492E-18  0.471904251115669E-19  0.518869825762665E-19
 0.330000E+02  0.160699633405590E-18  0.572466926333030E-19  0.757700461822501E-19
 0.340000E+02  0.100095454392440E-18  0.485086568306022E-19  0.295301938726706E-19
 0.350000E+02  0.133719293453027E-18  0.735670874190341E-19  0.358026862565067E-19
 0.360000E+02  0.295993492898308E-19  0.785636329068422E-20  0.530689575955245E-20
 0.370000E+02  0.168508639481095E-18  0.686393133738737E-19  0.764611916131892E-19
 0.380000E+02  0.616064001497456E-19  0.283557666635005E-19  0.161589254834870E-19
 0.390000E+02  0.302432415869530E-19  0.756530363299600E-20  0.306659118403278E-20
 0.400000E+02  0.346576733422316E-19  0.471208823776998E-20  0.879877824833223E-20
 0.410000E+02  0.246910487647156E-19  0.459560343993301E-20  0.318300256002998E-20
 0.420000E+02  0.194492839308200E-19  0.490609310273147E-20  0.327453020323798E-20
 0.430000E+02  0.153902519215282E-19  0.427457732363611E-20  0.121692429428371E-20
 0.440000E+02  0.980137988644384E-20  0.165723928459286E-20  0.837323242521966E-21
 0.450000E+02  0.130940274770073E-19  0.414160713539560E-20  0.119833988836258E-20
 0.460000E+02  0.484761179278177E-19  0.238893187152743E-19  0.139047695719291E-19
 0.470000E+02  0.148917003677013E-18  0.687874513335375E-19  0.599167800973191E-19
 0.480000E+02  0.313938107137324E-19  0.759510621727744E-20  0.761648218879409E-20
 0.490000E+02  0.138368496180949E-18  0.547191060306835E-19  0.637771337101378E-19
 0.500000E+02  0.387174160595175E-19  0.194194691612923E-19  0.883187939548900E-20
 0.510000E+02  0.122739397367799E-19  0.337319168931460E-20  0.186252912554848E-20
 0.520000E+02  0.902220502550968E-20  0.164041956116113E-20  0.118923899065364E-20
 0.530000E+02  0.820359177569012E-20  0.185655792431717E-20  0.796185176767907E-21
 0.540000E+02  0.246218507129610E-19  0.107058733205794E-19  0.832723074388115E-20
 0.550000E+02  0.135985541496084E-19  0.361031004739331E-20  0.248534948279998E-20
 0.560000E+02  0.156111337751274E-19  0.167045615048472E-20  0.757237583915470E-20
 0.570000E+02  0.979832739890122E-20  0.301959766964099E-20  0.178659619054402E-20
 0.580000E+02  0.216018015930201E-19  0.123562758529049E-19  0.522468460513447E-20
 0.590000E+02  0.186521752728282E-19  0.894556219497994E-20  0.550489749455978E-20
 0.600000E+02  0.379717219957257E-20  0.722559831972413E-21  0.345862003139156E-21
 0.610000E+02  0.291038064250623E-19  0.183852086132676E-19  0.725052705896898E-20
 0.620000E+02  0.199001075546476E-19  0.867921535392086E-20  0.936680862767101E-20
 0.630000E+02  0.321928939943628E-19  0.100135581605616E-19  0.207681988765704E-19
 0.640000E+02  0.497275165813342E-22  0.400906945422107E-22  0.963682203912347E-23
 0.650000E+02  0.000000000000000E+00  0.000000000000000E+00  0.000000000000000E+00
 0.660000E+02  0.000000000000000E+00  0.000000000000000E+00  0.000000000000000E+00
 0.670000E+02  0.000000000000000E+00  0.000000000000000E+00  0.000000000000000E+00
 0.680000E+02  0.000000000000000E+00  0.000000000000000E+00  0.000000000000000E+00
 0.690000E+02  0.000000000000000E+00  0.000000000000000E+00  0.000000000000000E+00
 0.700000E+02  0.000000000000000E+00  0.000000000000000E+00  0.000000000000000E+00
 0.710000E+02  0.000000000000000E+00  0.000000000000000E+00  0.000000000000000E+00
 0.720000E+02  0.000000000000000E+00  0.000000000000000E+00  0.000000000000000E+00
 0.730000E+02  0.000000000000000E+00  0.000000000000000E+00  0.000000000000000E+00
 0.740000E+02  0.000000000000000E+00  0.000000000000000E+00  0.000000000000000E+00
 0.750000E+02  0.000000000000000E+00  0.000000000000000E+00  0.000000000000000E+00
 0.760000E+02  0.000000000000000E+00  0.000000000000000E+00  0.000000000000000E+00
 0.770000E+02  0.000000000000000E+00  0.000000000000000E+00  0.000000000000000E+00
 0.780000E+02  0.000000000000000E+00  0.000000000000000E+00  0.000000000000000E+00
 0.790000E+02  0.000000000000000E+00  0.000000000000000E+00  0.000000000000000E+00
 0.800000E+02  0.000000000000000E+00  0.000000000000000E+00  0.000000000000000E+00
 0.810000E+02  0.000000000000000E+00  0.000000000000000E+00  0.000000000000000E+00
 0.820000E+02  0.000000000000000E+00  0.000000000000000E+00  0.000000000000000E+00
 0.830000E+02  0.000000000000000E+00  0.000000000000000E+00  0.000000000000000E+00
 0.840000E+02  0.000000000000000E+00  0.000000000000000E+00  0.000000000000000E+00
 0.850000E+02  0.000000000000000E+00  0.000000000000000E+00  0.000000000000000E+00
 0.860000E+02  0.000000000000000E+00  0.000000000000000E+00  0.000000000000000E+00
 0.870000E+02  0.000000000000000E+00  0.000000000000000E+00  0.000000000000000E+00
 0.880000E+02  0.000000000000000E+00  0.000000000000000E+00  0.000000000000000E+00
 0.890000E+02  0.000000000000000E+00  0.000000000000000E+00  0.000000000000000E+00
 0.900000E+02  0.000000000000000E+00  0.000000000000000E+00  0.000000000000000E+00
 0.910000E+02  0.000000000000000E+00  0.000000000000000E+00  0.000000000000000E+00
 0.920000E+02  0.000000000000000E+00  0.000000000000000E+00  0.000000000000000E+00
 0.930000E+02  0.000000000000000E+00  0.000000000000000E+00  0.000000000000000E+00
 0.940000E+02  0.000000000000000E+00  0.000000000000000E+00  0.000000000000000E+00
 0.950000E+02  0.000000000000000E+00  0.000000000000000E+00  0.000000000000000E+00
 0.960000E+02  0.000000000000000E+00  0.000000000000000E+00  0.000000000000000E+00
