 0.000000E+00  0.185687242951934E-03  0.000000000000000E+00  0.000000000000000E+00
 0.100000E+01  0.187589581010049E+00  0.246298336424136E-01  0.162958373195579E+00
 0.200000E+01  0.107218922700854E-04  0.209968028626368E-13  0.107198803558362E-04
 0.300000E+01  0.413151646542930E-07  0.719400641221765E-15  0.412708295489950E-07
 0.400000E+01  0.193903699821209E-09  0.309503054720790E-16  0.192938487591148E-09
 0.500000E+01  0.296663059056562E-11  0.154198833931059E-17  0.295036093111402E-11
 0.600000E+01  0.194580834511866E-14  0.222123792178464E-19  0.187263478727873E-14
 0.700000E+01  0.367178659357988E-16  0.405568463020045E-18  0.352761532795716E-16
 0.800000E+01  0.177274125308841E-18  0.531818829209424E-19  0.109572335002241E-18
 0.900000E+01  0.202761156917031E-18  0.128439703314688E-18  0.664003300212307E-19
 0.100000E+02  0.352622849324302E-19  0.207771241835156E-19  0.655524681387277E-20
 0.110000E+02  0.587375934227364E-18  0.491442373108440E-18  0.849180895856628E-19
 0.120000E+02  0.207112807761715E-19  0.735801843441378E-20  0.353976817892850E-20
 0.130000E+02  0.263848423218733E-18  0.210850454388144E-18  0.435347181838370E-19
 0.140000E+02  0.126048145893210E-19  0.628246966806072E-20  0.176197144636557E-20
 0.150000E+02  0.579816131604357E-19  0.423013960692030E-19  0.101745721966605E-19
 0.160000E+02  0.797664803586731E-20  0.328163240855843E-20  0.144301358798701E-20
 0.170000E+02  0.190469696723914E-18  0.138404186983537E-18  0.458319019318028E-19
 0.180000E+02  0.845823668424384E-20  0.269564431935919E-20  0.109494720391031E-20
 0.190000E+02  0.216544333549413E-19  0.147138605136391E-19  0.277488668465735E-20
 0.200000E+02  0.392914434785245E-20  0.468474925342847E-21  0.115459270427224E-21
 0.210000E+02  0.754256120715885E-20  0.289652787223801E-20  0.678648199633627E-21
 0.220000E+02  0.596415468603834E-20  0.195750665485873E-20  0.380995422058404E-21
 0.230000E+02  0.937448392977986E-19  0.649731157053306E-19  0.204119141845986E-19
 0.240000E+02  0.889419513144523E-20  0.185425013328934E-20  0.890134046265259E-21
 0.250000E+02  0.198396242524672E-18  0.142374746002289E-18  0.490694820924178E-19
 0.260000E+02  0.568688154891620E-20  0.163897348917939E-20  0.439473983169349E-21
 0.270000E+02  0.458469124035958E-20  0.140183554095305E-20  0.345721400943222E-21
 0.280000E+02  0.269565040563812E-20  0.228115225216577E-21  0.307447789036101E-22
 0.290000E+02  0.630545358025769E-20  0.271190840701179E-20  0.635712084202111E-21
 0.300000E+02  0.488907611341292E-20  0.173059513052488E-20  0.225595790035306E-21
 0.310000E+02  0.792128188477682E-19  0.611702768910253E-19  0.142881708315641E-19
 0.320000E+02  0.270404175584304E-20  0.588356212725103E-21  0.127223761078523E-21
 0.330000E+02  0.116821868033551E-19  0.779877408611317E-20  0.984493923756115E-21
 0.340000E+02  0.265272091448270E-20  0.404014461162367E-21  0.485343731992890E-22
 0.350000E+02  0.794068532037100E-19  0.589453194927394E-19  0.173957437267060E-19
 0.360000E+02  0.288110212143578E-20  0.147608522530496E-21  0.215824800505767E-22
 0.370000E+02  0.483482386141202E-19  0.334956036653873E-19  0.121371533585228E-19
 0.380000E+02  0.203274564354425E-20  0.254692362202720E-21  0.382499716153879E-22
 0.390000E+02  0.563915888765435E-20  0.293072516905043E-20  0.994158023019079E-21
 0.400000E+02  0.149284742085496E-20  0.128926481546290E-21  0.384186882849654E-22
 0.410000E+02  0.829224373568764E-20  0.472503182931079E-20  0.170676406388161E-20
 0.420000E+02  0.219876458435816E-20  0.188268772796601E-21  0.307662817105767E-22
 0.430000E+02  0.260491768359725E-20  0.786501338725842E-21  0.223625813649241E-21
 0.440000E+02  0.126251591914937E-20  0.594812046388176E-22  0.121343744529091E-22
 0.450000E+02  0.134567431388446E-20  0.121746121200855E-21  0.258813856696099E-22
 0.460000E+02  0.139057084083451E-20  0.157127451612420E-21  0.239759028432296E-22
 0.470000E+02  0.347564978218212E-19  0.228550267243180E-19  0.961893765400424E-20
 0.480000E+02  0.261315964889675E-20  0.970223865657701E-22  0.126359077472408E-22
 0.490000E+02  0.328946023820454E-19  0.217977787163639E-19  0.901321853584299E-20
 0.500000E+02  0.109431469563048E-20  0.110457994571446E-21  0.174639299348102E-22
 0.510000E+02  0.103298845832278E-20  0.696039289077829E-22  0.139942309892440E-22
 0.520000E+02  0.900462644542878E-21  0.375738945901299E-22  0.495978275350948E-23
 0.530000E+02  0.121259704040854E-20  0.248878158260803E-21  0.132113865563427E-21
 0.540000E+02  0.104714574843279E-20  0.131831638993895E-21  0.128538566899193E-22
 0.550000E+02  0.587490393056701E-20  0.331111329101768E-20  0.166500481618800E-20
 0.560000E+02  0.595772053485307E-21  0.718359274896605E-22  0.144802606030354E-22
 0.570000E+02  0.504026795720699E-20  0.284665512487786E-20  0.151971650933686E-20
 0.580000E+02  0.563263211871128E-21  0.986565513590548E-22  0.166304032789439E-22
 0.590000E+02  0.555933009957683E-20  0.339271125141965E-20  0.157508983411434E-20
 0.600000E+02  0.764599773491807E-21  0.358655324893730E-22  0.503572365748991E-23
 0.610000E+02  0.149072363628834E-19  0.104704561967373E-19  0.395730455426010E-20
 0.620000E+02  0.336985949147416E-21  0.932080597386301E-22  0.148291037639501E-22
 0.630000E+02  0.210774925283392E-20  0.133491383908236E-20  0.560940822241669E-21
 0.640000E+02  0.215332605677615E-24  0.190555875166043E-24  0.247767305115721E-25
 0.650000E+02  0.000000000000000E+00  0.000000000000000E+00  0.000000000000000E+00
 0.660000E+02  0.000000000000000E+00  0.000000000000000E+00  0.000000000000000E+00
 0.670000E+02  0.000000000000000E+00  0.000000000000000E+00  0.000000000000000E+00
 0.680000E+02  0.000000000000000E+00  0.000000000000000E+00  0.000000000000000E+00
 0.690000E+02  0.000000000000000E+00  0.000000000000000E+00  0.000000000000000E+00
 0.700000E+02  0.000000000000000E+00  0.000000000000000E+00  0.000000000000000E+00
 0.710000E+02  0.000000000000000E+00  0.000000000000000E+00  0.000000000000000E+00
 0.720000E+02  0.000000000000000E+00  0.000000000000000E+00  0.000000000000000E+00
 0.730000E+02  0.000000000000000E+00  0.000000000000000E+00  0.000000000000000E+00
 0.740000E+02  0.000000000000000E+00  0.000000000000000E+00  0.000000000000000E+00
 0.750000E+02  0.000000000000000E+00  0.000000000000000E+00  0.000000000000000E+00
 0.760000E+02  0.000000000000000E+00  0.000000000000000E+00  0.000000000000000E+00
 0.770000E+02  0.000000000000000E+00  0.000000000000000E+00  0.000000000000000E+00
 0.780000E+02  0.000000000000000E+00  0.000000000000000E+00  0.000000000000000E+00
 0.790000E+02  0.000000000000000E+00  0.000000000000000E+00  0.000000000000000E+00
 0.800000E+02  0.000000000000000E+00  0.000000000000000E+00  0.000000000000000E+00
 0.810000E+02  0.000000000000000E+00  0.000000000000000E+00  0.000000000000000E+00
 0.820000E+02  0.000000000000000E+00  0.000000000000000E+00  0.000000000000000E+00
 0.830000E+02  0.000000000000000E+00  0.000000000000000E+00  0.000000000000000E+00
 0.840000E+02  0.000000000000000E+00  0.000000000000000E+00  0.000000000000000E+00
 0.850000E+02  0.000000000000000E+00  0.000000000000000E+00  0.000000000000000E+00
 0.860000E+02  0.000000000000000E+00  0.000000000000000E+00  0.000000000000000E+00
 0.870000E+02  0.000000000000000E+00  0.000000000000000E+00  0.000000000000000E+00
 0.880000E+02  0.000000000000000E+00  0.000000000000000E+00  0.000000000000000E+00
 0.890000E+02  0.000000000000000E+00  0.000000000000000E+00  0.000000000000000E+00
 0.900000E+02  0.000000000000000E+00  0.000000000000000E+00  0.000000000000000E+00
 0.910000E+02  0.000000000000000E+00  0.000000000000000E+00  0.000000000000000E+00
 0.920000E+02  0.000000000000000E+00  0.000000000000000E+00  0.000000000000000E+00
 0.930000E+02  0.000000000000000E+00  0.000000000000000E+00  0.000000000000000E+00
 0.940000E+02  0.000000000000000E+00  0.000000000000000E+00  0.000000000000000E+00
 0.950000E+02  0.000000000000000E+00  0.000000000000000E+00  0.000000000000000E+00
 0.960000E+02  0.000000000000000E+00  0.000000000000000E+00  0.000000000000000E+00
