 0.000000E+00  0.443075457903688E+00  0.157387509133423E+00  0.285687948770267E+00
 0.100000E+01  0.163562183940231E-02  0.136089477425306E-02  0.274727065149283E-03
 0.200000E+01  0.179974050813205E-05  0.949887857019906E-06  0.849852651112149E-06
 0.300000E+01  0.705764204296952E-08  0.372013101189495E-08  0.333751103107451E-08
 0.400000E+01  0.302806653428588E-10  0.164986088963319E-10  0.137820564465268E-10
 0.500000E+01  0.161359146722351E-12  0.968954033494917E-13  0.644637433728599E-13
 0.600000E+01  0.114527225640397E-14  0.755018901725944E-15  0.390253354678030E-15
 0.700000E+01  0.167580819722574E-16  0.118866202594223E-16  0.487146171283509E-17
 0.800000E+01  0.127883479069326E-16  0.998122063789859E-17  0.280712726903397E-17
 0.900000E+01  0.350278026570947E-17  0.251773459898258E-17  0.985045666726887E-18
 0.100000E+02  0.430632645129741E-17  0.326906187429095E-17  0.103726457700646E-17
 0.110000E+02  0.263328045507009E-17  0.195474857038143E-17  0.678531884688658E-18
 0.120000E+02  0.136649897766603E-16  0.112780105365198E-16  0.238697924014048E-17
 0.130000E+02  0.211790986227165E-17  0.160884736968412E-17  0.509062492587521E-18
 0.140000E+02  0.286098812933564E-17  0.226293416807639E-17  0.598053961259257E-18
 0.150000E+02  0.167054157598286E-17  0.137033364203630E-17  0.300207933946560E-18
 0.160000E+02  0.812937273263203E-19  0.812937273263203E-19  0.000000000000000E+00
 0.170000E+02  0.000000000000000E+00  0.000000000000000E+00  0.000000000000000E+00
 0.180000E+02  0.000000000000000E+00  0.000000000000000E+00  0.000000000000000E+00
 0.190000E+02  0.000000000000000E+00  0.000000000000000E+00  0.000000000000000E+00
 0.200000E+02  0.000000000000000E+00  0.000000000000000E+00  0.000000000000000E+00
 0.210000E+02  0.000000000000000E+00  0.000000000000000E+00  0.000000000000000E+00
 0.220000E+02  0.000000000000000E+00  0.000000000000000E+00  0.000000000000000E+00
 0.230000E+02  0.000000000000000E+00  0.000000000000000E+00  0.000000000000000E+00
 0.240000E+02  0.000000000000000E+00  0.000000000000000E+00  0.000000000000000E+00
