 0.100000E+01  0.450392212326484E+00
 0.200000E+01  0.284405763946444E-01
 0.300000E+01  0.351210448859955E-01
 0.400000E+01  0.144549237246194E-01
 0.500000E+01  0.915157145939824E-02
 0.600000E+01  0.946215387306830E-02
 0.700000E+01  0.420472856261232E-02
 0.800000E+01  0.289890687297082E-02
 0.900000E+01  0.283421763380383E-02
 0.100000E+02  0.981150408236588E-03
 0.110000E+02  0.126516774579966E-02
 0.120000E+02  0.456021411434153E-03
 0.130000E+02  0.574952973894650E-03
 0.140000E+02  0.506568378421420E-03
 0.150000E+02  0.325179159650641E-03
 0.160000E+02  0.365875598527253E-03
 0.170000E+02  0.228993988921738E-03
 0.180000E+02  0.159278685757418E-03
 0.190000E+02  0.190892067419336E-03
 0.200000E+02  0.104807974547890E-03
 0.210000E+02  0.125759786719235E-03
 0.220000E+02  0.704958707605146E-04
 0.230000E+02  0.500030582806174E-04
 0.240000E+02  0.602735684256915E-04
 0.250000E+02  0.310677933882064E-04
 0.260000E+02  0.374172865018698E-04
 0.270000E+02  0.216935307087728E-04
 0.280000E+02  0.152281437388705E-04
 0.290000E+02  0.178822083918908E-04
 0.300000E+02  0.862225785761897E-05
 0.310000E+02  0.105694604931576E-04
 0.320000E+02  0.624074999029216E-05
 0.330000E+02  0.431205188852241E-05
 0.340000E+02  0.508647937052153E-05
 0.350000E+02  0.221092105004243E-05
 0.360000E+02  0.283354871405820E-05
 0.370000E+02  0.168520079341533E-05
 0.380000E+02  0.117590992828003E-05
 0.390000E+02  0.132344190043431E-05
 0.400000E+02  0.608395993771035E-06
 0.410000E+02  0.687046079682879E-06
 0.420000E+02  0.428975314372128E-06
 0.430000E+02  0.299253085410262E-06
 0.440000E+02  0.324878214945216E-06
 0.450000E+02  0.149050813898604E-06
 0.460000E+02  0.165308751175734E-06
 0.470000E+02  0.101717068777177E-06
 0.480000E+02  0.705407227378062E-07
 0.490000E+02  0.732183908994099E-07
 0.500000E+02  0.339728416632309E-07
 0.510000E+02  0.363409892296029E-07
 0.520000E+02  0.219989429978991E-07
 0.530000E+02  0.148854578862473E-07
 0.540000E+02  0.147260368386453E-07
 0.550000E+02  0.723367298617108E-08
 0.560000E+02  0.707185774725261E-08
 0.570000E+02  0.395861549138571E-08
 0.580000E+02  0.317136580436198E-08
 0.590000E+02  0.281748189552728E-08
 0.600000E+02  0.940919698193766E-09
 0.610000E+02  0.144093118006726E-08
 0.620000E+02  0.114879879328539E-08
 0.630000E+02  0.368566503836233E-09
 0.640000E+02  0.644566188362618E-09
 0.650000E+02  0.000000000000000E+00
 0.660000E+02  0.000000000000000E+00
 0.670000E+02  0.000000000000000E+00
 0.680000E+02  0.000000000000000E+00
 0.690000E+02  0.000000000000000E+00
 0.700000E+02  0.000000000000000E+00
 0.710000E+02  0.000000000000000E+00
 0.720000E+02  0.000000000000000E+00
 0.730000E+02  0.000000000000000E+00
 0.740000E+02  0.000000000000000E+00
 0.750000E+02  0.000000000000000E+00
 0.760000E+02  0.000000000000000E+00
 0.770000E+02  0.000000000000000E+00
 0.780000E+02  0.000000000000000E+00
 0.790000E+02  0.000000000000000E+00
 0.800000E+02  0.000000000000000E+00
 0.810000E+02  0.000000000000000E+00
 0.820000E+02  0.000000000000000E+00
 0.830000E+02  0.000000000000000E+00
 0.840000E+02  0.000000000000000E+00
 0.850000E+02  0.000000000000000E+00
 0.860000E+02  0.000000000000000E+00
 0.870000E+02  0.000000000000000E+00
 0.880000E+02  0.000000000000000E+00
 0.890000E+02  0.000000000000000E+00
 0.900000E+02  0.000000000000000E+00
 0.910000E+02  0.000000000000000E+00
 0.920000E+02  0.000000000000000E+00
 0.930000E+02  0.000000000000000E+00
 0.940000E+02  0.000000000000000E+00
 0.950000E+02  0.000000000000000E+00
 0.960000E+02  0.000000000000000E+00
 0.970000E+02  0.000000000000000E+00
