 0.000000E+00  0.450645481708383E-03  0.000000000000000E+00  0.000000000000000E+00
 0.100000E+01  0.126734213663317E+01  0.113271167880157E+01  0.134468290954828E+00
 0.200000E+01  0.116362641896780E+00  0.530100027390290E-02  0.109782854677178E+00
 0.300000E+01  0.319811487976321E-01  0.948024865408570E-03  0.299487078737002E-01
 0.400000E+01  0.213891859844790E-01  0.111068396472547E-02  0.183868390377029E-01
 0.500000E+01  0.247530070907901E-01  0.872818848392853E-03  0.208233232538078E-01
 0.600000E+01  0.119191526504318E-01  0.721275241346575E-03  0.880514216987649E-02
 0.700000E+01  0.935790065660975E-02  0.561264083245305E-03  0.586969473670251E-02
 0.800000E+01  0.763602355755437E-02  0.392218724414306E-03  0.479479148225437E-02
 0.900000E+01  0.467432859194878E-02  0.168846850009174E-03  0.276418007241119E-02
 0.100000E+02  0.313344715143021E-02  0.145621172222832E-03  0.152406546408201E-02
 0.110000E+02  0.234419156924751E-02  0.103416244009225E-03  0.104808597524197E-02
 0.120000E+02  0.232618142934241E-02  0.883848062400716E-04  0.959417936002183E-03
 0.130000E+02  0.176864032121664E-02  0.703101485211022E-04  0.687238906257548E-03
 0.140000E+02  0.107998957691480E-02  0.608479070622892E-04  0.335240849786089E-03
 0.150000E+02  0.990686568268460E-03  0.289554323291696E-04  0.318346481080312E-03
 0.160000E+02  0.836538014696587E-03  0.297601973879846E-04  0.319662808053955E-03
 0.170000E+02  0.743985124003317E-03  0.334475622365549E-04  0.210845505895119E-03
 0.180000E+02  0.620428137857452E-03  0.183855332926974E-04  0.202550800293189E-03
 0.190000E+02  0.463343192914673E-03  0.134938244803345E-04  0.149643129303545E-03
 0.200000E+02  0.367212578373783E-03  0.122286854131737E-04  0.111665574308972E-03
 0.210000E+02  0.379776220850408E-03  0.103002393234478E-04  0.148752536268591E-03
 0.220000E+02  0.261988744863534E-03  0.738198174743410E-05  0.838947543058133E-04
 0.230000E+02  0.237189131062754E-03  0.422911763486855E-05  0.933740535060679E-04
 0.240000E+02  0.222458129069517E-03  0.353661698205415E-05  0.931168396190729E-04
 0.250000E+02  0.206942701539051E-03  0.368658060437288E-05  0.914163835563642E-04
 0.260000E+02  0.174633759508315E-03  0.281894160625989E-05  0.718913154849343E-04
 0.270000E+02  0.127685575374879E-03  0.217504517208145E-05  0.477782034671581E-04
 0.280000E+02  0.101559433110723E-03  0.142971143937687E-05  0.347565624295720E-04
 0.290000E+02  0.939334189950812E-04  0.159598475007322E-05  0.307512044428471E-04
 0.300000E+02  0.756490130047813E-04  0.127933214473519E-05  0.270651180783454E-04
 0.310000E+02  0.650782269479246E-04  0.115969509700570E-05  0.207554480948224E-04
 0.320000E+02  0.500897272720295E-04  0.749012160725093E-06  0.154826448336698E-04
 0.330000E+02  0.450296114669037E-04  0.672046359454642E-06  0.138012620104835E-04
 0.340000E+02  0.419081839935561E-04  0.743072837955383E-06  0.130138220606479E-04
 0.350000E+02  0.294725287296503E-04  0.489278502885035E-06  0.750115228330753E-05
 0.360000E+02  0.258074049252719E-04  0.409493843046144E-06  0.490822105424227E-05
 0.370000E+02  0.208278853381783E-04  0.297217154601390E-06  0.379593912370330E-05
 0.380000E+02  0.216103409523940E-04  0.247948413057602E-06  0.464977498538946E-05
 0.390000E+02  0.165387284716991E-04  0.197298653454138E-06  0.257052193792379E-05
 0.400000E+02  0.136076064490697E-04  0.168202361888465E-06  0.214113468620077E-05
 0.410000E+02  0.133743741014574E-04  0.172035797038617E-06  0.188713794772866E-05
 0.420000E+02  0.105352921262417E-04  0.160993204744060E-06  0.152138862704113E-05
 0.430000E+02  0.102892005580747E-04  0.155162131434527E-06  0.160366062625095E-05
 0.440000E+02  0.793556420991626E-05  0.125772888945027E-06  0.126658820106922E-05
 0.450000E+02  0.641488876991829E-05  0.891902801241143E-07  0.105281626181213E-05
 0.460000E+02  0.594838053364117E-05  0.874110182029399E-07  0.841348181367108E-06
 0.470000E+02  0.513022867446590E-05  0.741448966342685E-07  0.792340443943329E-06
 0.480000E+02  0.470286746006823E-05  0.543831173893585E-07  0.754410769017677E-06
 0.490000E+02  0.374788947046541E-05  0.457272419427225E-07  0.531291466310572E-06
 0.500000E+02  0.332409840548966E-05  0.452002350607409E-07  0.455808607885628E-06
 0.510000E+02  0.297248923993721E-05  0.368185965226231E-07  0.475974746990051E-06
 0.520000E+02  0.222176946406221E-05  0.266670154824280E-07  0.269289908705339E-06
 0.530000E+02  0.213000935933883E-05  0.236311093306842E-07  0.283082418684301E-06
 0.540000E+02  0.178319002645755E-05  0.195102793241401E-07  0.244922417706636E-06
 0.550000E+02  0.173143192811011E-05  0.188610552346804E-07  0.194041406769200E-06
 0.560000E+02  0.133638884888964E-05  0.121241928888145E-07  0.141643375732841E-06
 0.570000E+02  0.123586048029468E-05  0.108477043718011E-07  0.105278956800340E-06
 0.580000E+02  0.109438175945753E-05  0.911705859008835E-08  0.944279346965383E-07
 0.590000E+02  0.874837780694071E-06  0.914689285418265E-08  0.726489719221866E-07
 0.600000E+02  0.820132319308343E-06  0.968027750169467E-08  0.732697688548352E-07
 0.610000E+02  0.700408364424982E-06  0.994336527794981E-08  0.705189510925115E-07
 0.620000E+02  0.536503385548218E-06  0.127005590178596E-07  0.842576581522141E-07
 0.630000E+02  0.325773622950771E-06  0.108345229683971E-07  0.860364180917941E-07
 0.640000E+02  0.417430893995784E-10  0.116747070995002E-10  0.300683823000782E-10
 0.650000E+02  0.000000000000000E+00  0.000000000000000E+00  0.000000000000000E+00
 0.660000E+02  0.000000000000000E+00  0.000000000000000E+00  0.000000000000000E+00
 0.670000E+02  0.000000000000000E+00  0.000000000000000E+00  0.000000000000000E+00
 0.680000E+02  0.000000000000000E+00  0.000000000000000E+00  0.000000000000000E+00
 0.690000E+02  0.000000000000000E+00  0.000000000000000E+00  0.000000000000000E+00
 0.700000E+02  0.000000000000000E+00  0.000000000000000E+00  0.000000000000000E+00
 0.710000E+02  0.000000000000000E+00  0.000000000000000E+00  0.000000000000000E+00
 0.720000E+02  0.000000000000000E+00  0.000000000000000E+00  0.000000000000000E+00
 0.730000E+02  0.000000000000000E+00  0.000000000000000E+00  0.000000000000000E+00
 0.740000E+02  0.000000000000000E+00  0.000000000000000E+00  0.000000000000000E+00
 0.750000E+02  0.000000000000000E+00  0.000000000000000E+00  0.000000000000000E+00
 0.760000E+02  0.000000000000000E+00  0.000000000000000E+00  0.000000000000000E+00
 0.770000E+02  0.000000000000000E+00  0.000000000000000E+00  0.000000000000000E+00
 0.780000E+02  0.000000000000000E+00  0.000000000000000E+00  0.000000000000000E+00
 0.790000E+02  0.000000000000000E+00  0.000000000000000E+00  0.000000000000000E+00
 0.800000E+02  0.000000000000000E+00  0.000000000000000E+00  0.000000000000000E+00
 0.810000E+02  0.000000000000000E+00  0.000000000000000E+00  0.000000000000000E+00
 0.820000E+02  0.000000000000000E+00  0.000000000000000E+00  0.000000000000000E+00
 0.830000E+02  0.000000000000000E+00  0.000000000000000E+00  0.000000000000000E+00
 0.840000E+02  0.000000000000000E+00  0.000000000000000E+00  0.000000000000000E+00
 0.850000E+02  0.000000000000000E+00  0.000000000000000E+00  0.000000000000000E+00
 0.860000E+02  0.000000000000000E+00  0.000000000000000E+00  0.000000000000000E+00
 0.870000E+02  0.000000000000000E+00  0.000000000000000E+00  0.000000000000000E+00
 0.880000E+02  0.000000000000000E+00  0.000000000000000E+00  0.000000000000000E+00
 0.890000E+02  0.000000000000000E+00  0.000000000000000E+00  0.000000000000000E+00
 0.900000E+02  0.000000000000000E+00  0.000000000000000E+00  0.000000000000000E+00
 0.910000E+02  0.000000000000000E+00  0.000000000000000E+00  0.000000000000000E+00
 0.920000E+02  0.000000000000000E+00  0.000000000000000E+00  0.000000000000000E+00
 0.930000E+02  0.000000000000000E+00  0.000000000000000E+00  0.000000000000000E+00
 0.940000E+02  0.000000000000000E+00  0.000000000000000E+00  0.000000000000000E+00
 0.950000E+02  0.000000000000000E+00  0.000000000000000E+00  0.000000000000000E+00
 0.960000E+02  0.000000000000000E+00  0.000000000000000E+00  0.000000000000000E+00
