 0.100000E+01  0.354999768665188E+00
 0.200000E+01  0.277403191091450E-01
 0.300000E+01  0.338727426199162E-01
 0.400000E+01  0.141400137519145E-01
 0.500000E+01  0.104907033381970E-01
 0.600000E+01  0.106407730998585E-01
 0.700000E+01  0.524703204288419E-02
 0.800000E+01  0.289961582789844E-02
 0.900000E+01  0.325701021722827E-02
 0.100000E+02  0.866845894040159E-03
 0.110000E+02  0.140888450122433E-02
 0.120000E+02  0.544104101883302E-03
 0.130000E+02  0.476299789019648E-03
 0.140000E+02  0.415460552125926E-03
 0.150000E+02  0.233545867671237E-03
 0.160000E+02  0.230572825003659E-03
 0.170000E+02  0.188035067131462E-03
 0.180000E+02  0.113944107410976E-03
 0.190000E+02  0.141973260582995E-03
 0.200000E+02  0.679397317701133E-04
 0.210000E+02  0.817059580873382E-04
 0.220000E+02  0.616262190210536E-04
 0.230000E+02  0.363749337358437E-04
 0.240000E+02  0.467960157293745E-04
 0.250000E+02  0.193378451261045E-04
 0.260000E+02  0.234714917088493E-04
 0.270000E+02  0.186217830440647E-04
 0.280000E+02  0.106576408738096E-04
 0.290000E+02  0.131917645669201E-04
 0.300000E+02  0.532509005560878E-05
 0.310000E+02  0.591685663896708E-05
 0.320000E+02  0.492866682461105E-05
 0.330000E+02  0.261717557387786E-05
 0.340000E+02  0.327777354652496E-05
 0.350000E+02  0.129858976293404E-05
 0.360000E+02  0.132466303504920E-05
 0.370000E+02  0.114556163985623E-05
 0.380000E+02  0.568908573538324E-06
 0.390000E+02  0.705428885817997E-06
 0.400000E+02  0.298054188962220E-06
 0.410000E+02  0.266531565916516E-06
 0.420000E+02  0.237824382317981E-06
 0.430000E+02  0.110860167953993E-06
 0.440000E+02  0.136440044842117E-06
 0.450000E+02  0.593907751384555E-07
 0.460000E+02  0.503053459678002E-07
 0.470000E+02  0.443705688544243E-07
 0.480000E+02  0.197892072170513E-07
 0.490000E+02  0.237631545257515E-07
 0.500000E+02  0.106562816721881E-07
 0.510000E+02  0.861215442838366E-08
 0.520000E+02  0.747632227847021E-08
 0.530000E+02  0.323287931880606E-08
 0.540000E+02  0.374780135891497E-08
 0.550000E+02  0.172309320443504E-08
 0.560000E+02  0.133765415071436E-08
 0.570000E+02  0.114273181294368E-08
 0.580000E+02  0.482363191204617E-09
 0.590000E+02  0.542084317698536E-09
 0.600000E+02  0.261044307675828E-09
 0.610000E+02  0.199040594373321E-09
 0.620000E+02  0.195720546355378E-09
 0.630000E+02  0.471393375270662E-10
 0.640000E+02  0.120578136443002E-09
 0.650000E+02  0.000000000000000E+00
 0.660000E+02  0.000000000000000E+00
 0.670000E+02  0.000000000000000E+00
 0.680000E+02  0.000000000000000E+00
 0.690000E+02  0.000000000000000E+00
 0.700000E+02  0.000000000000000E+00
 0.710000E+02  0.000000000000000E+00
 0.720000E+02  0.000000000000000E+00
 0.730000E+02  0.000000000000000E+00
 0.740000E+02  0.000000000000000E+00
 0.750000E+02  0.000000000000000E+00
 0.760000E+02  0.000000000000000E+00
 0.770000E+02  0.000000000000000E+00
 0.780000E+02  0.000000000000000E+00
 0.790000E+02  0.000000000000000E+00
 0.800000E+02  0.000000000000000E+00
 0.810000E+02  0.000000000000000E+00
 0.820000E+02  0.000000000000000E+00
 0.830000E+02  0.000000000000000E+00
 0.840000E+02  0.000000000000000E+00
 0.850000E+02  0.000000000000000E+00
 0.860000E+02  0.000000000000000E+00
 0.870000E+02  0.000000000000000E+00
 0.880000E+02  0.000000000000000E+00
 0.890000E+02  0.000000000000000E+00
 0.900000E+02  0.000000000000000E+00
 0.910000E+02  0.000000000000000E+00
 0.920000E+02  0.000000000000000E+00
 0.930000E+02  0.000000000000000E+00
 0.940000E+02  0.000000000000000E+00
 0.950000E+02  0.000000000000000E+00
 0.960000E+02  0.000000000000000E+00
 0.970000E+02  0.000000000000000E+00
