 0.000000E+00  0.370683299911333E+00  0.967266596865438E-01  0.273956640224789E+00
 0.100000E+01  0.404440681526894E-03  0.403542689218881E-03  0.897992308013728E-06
 0.200000E+01  0.779123708477002E-10  0.688730447674646E-10  0.903932608023583E-11
 0.300000E+01  0.381707281311146E-14  0.350634417162165E-14  0.310728641489813E-15
 0.400000E+01  0.468629455303073E-18  0.369280179433583E-18  0.993492758694892E-19
 0.500000E+01  0.241828341406006E-18  0.174799746447071E-18  0.670285949589354E-19
 0.600000E+01  0.380191706172623E-18  0.316179977723809E-18  0.640117284488138E-19
 0.700000E+01  0.218467024254718E-18  0.168961608830454E-18  0.495054154242633E-19
 0.800000E+01  0.173694855313352E-18  0.132809987771306E-18  0.408848675420455E-19
 0.900000E+01  0.195575241411187E-18  0.153781516710081E-18  0.417937247011060E-19
 0.100000E+02  0.300557666929744E-18  0.253311584279931E-18  0.472460826498138E-19
 0.110000E+02  0.160978489838588E-18  0.128763789474245E-18  0.322147003643435E-19
 0.120000E+02  0.298197655593486E-18  0.260384397843102E-18  0.378132577503840E-19
 0.130000E+02  0.133720817003872E-18  0.108194439216814E-18  0.255263777870575E-19
 0.140000E+02  0.191399483777022E-18  0.170339076441818E-18  0.210604073352035E-19
 0.150000E+02  0.100221139412062E-18  0.894652020447463E-19  0.107559373673154E-19
 0.160000E+02  0.490106942629257E-22  0.490106942629257E-22  0.000000000000000E+00
 0.170000E+02  0.000000000000000E+00  0.000000000000000E+00  0.000000000000000E+00
 0.180000E+02  0.000000000000000E+00  0.000000000000000E+00  0.000000000000000E+00
 0.190000E+02  0.000000000000000E+00  0.000000000000000E+00  0.000000000000000E+00
 0.200000E+02  0.000000000000000E+00  0.000000000000000E+00  0.000000000000000E+00
 0.210000E+02  0.000000000000000E+00  0.000000000000000E+00  0.000000000000000E+00
 0.220000E+02  0.000000000000000E+00  0.000000000000000E+00  0.000000000000000E+00
 0.230000E+02  0.000000000000000E+00  0.000000000000000E+00  0.000000000000000E+00
 0.240000E+02  0.000000000000000E+00  0.000000000000000E+00  0.000000000000000E+00
