 0.100000E+01  0.613762234371516E+00
 0.200000E+01  0.416589967540882E-01
 0.300000E+01  0.183358493182000E-01
 0.400000E+01  0.183788350179270E-01
 0.500000E+01  0.901924079444774E-02
 0.600000E+01  0.609160617206459E-02
 0.700000E+01  0.360793652833077E-02
 0.800000E+01  0.204940743953241E-02
 0.900000E+01  0.330538368909783E-02
 0.100000E+02  0.108547827729448E-02
 0.110000E+02  0.164548547239303E-02
 0.120000E+02  0.880044931791879E-03
 0.130000E+02  0.616526708594053E-03
 0.140000E+02  0.805533159019040E-03
 0.150000E+02  0.338035365608697E-03
 0.160000E+02  0.447652417865806E-03
 0.170000E+02  0.309920053723348E-03
 0.180000E+02  0.183250181876287E-03
 0.190000E+02  0.253089197346864E-03
 0.200000E+02  0.102537526127814E-03
 0.210000E+02  0.134662835783426E-03
 0.220000E+02  0.933175023907737E-04
 0.230000E+02  0.553237338869108E-04
 0.240000E+02  0.722331175470113E-04
 0.250000E+02  0.283549404055766E-04
 0.260000E+02  0.355311225251364E-04
 0.270000E+02  0.249370649717018E-04
 0.280000E+02  0.146271305067551E-04
 0.290000E+02  0.183233496832765E-04
 0.300000E+02  0.728313853076310E-05
 0.310000E+02  0.858706801294720E-05
 0.320000E+02  0.607333557346752E-05
 0.330000E+02  0.350466626274292E-05
 0.340000E+02  0.426405487352832E-05
 0.350000E+02  0.171993985292354E-05
 0.360000E+02  0.192019219615943E-05
 0.370000E+02  0.135986169281402E-05
 0.380000E+02  0.769829390978839E-06
 0.390000E+02  0.902763311113513E-06
 0.400000E+02  0.384258102266335E-06
 0.410000E+02  0.387908253336535E-06
 0.420000E+02  0.278993883663787E-06
 0.430000E+02  0.154846545653844E-06
 0.440000E+02  0.174585285388756E-06
 0.450000E+02  0.762992939310295E-07
 0.460000E+02  0.734191776016541E-07
 0.470000E+02  0.522247163963001E-07
 0.480000E+02  0.285133607331309E-07
 0.490000E+02  0.307619089308859E-07
 0.500000E+02  0.138256082971738E-07
 0.510000E+02  0.126476621929438E-07
 0.520000E+02  0.887407785269506E-08
 0.530000E+02  0.484966489439740E-08
 0.540000E+02  0.496099259545592E-08
 0.550000E+02  0.219713987357736E-08
 0.560000E+02  0.203320234404148E-08
 0.570000E+02  0.143032018229693E-08
 0.580000E+02  0.694687162865987E-09
 0.590000E+02  0.758349503773660E-09
 0.600000E+02  0.352691127915579E-09
 0.610000E+02  0.308011009399600E-09
 0.620000E+02  0.279362426810888E-09
 0.630000E+02  0.771297297168550E-10
 0.640000E+02  0.172666077833126E-09
 0.650000E+02  0.000000000000000E+00
 0.660000E+02  0.000000000000000E+00
 0.670000E+02  0.000000000000000E+00
 0.680000E+02  0.000000000000000E+00
 0.690000E+02  0.000000000000000E+00
 0.700000E+02  0.000000000000000E+00
 0.710000E+02  0.000000000000000E+00
 0.720000E+02  0.000000000000000E+00
 0.730000E+02  0.000000000000000E+00
 0.740000E+02  0.000000000000000E+00
 0.750000E+02  0.000000000000000E+00
 0.760000E+02  0.000000000000000E+00
 0.770000E+02  0.000000000000000E+00
 0.780000E+02  0.000000000000000E+00
 0.790000E+02  0.000000000000000E+00
 0.800000E+02  0.000000000000000E+00
 0.810000E+02  0.000000000000000E+00
 0.820000E+02  0.000000000000000E+00
 0.830000E+02  0.000000000000000E+00
 0.840000E+02  0.000000000000000E+00
 0.850000E+02  0.000000000000000E+00
 0.860000E+02  0.000000000000000E+00
 0.870000E+02  0.000000000000000E+00
 0.880000E+02  0.000000000000000E+00
 0.890000E+02  0.000000000000000E+00
 0.900000E+02  0.000000000000000E+00
 0.910000E+02  0.000000000000000E+00
 0.920000E+02  0.000000000000000E+00
 0.930000E+02  0.000000000000000E+00
 0.940000E+02  0.000000000000000E+00
 0.950000E+02  0.000000000000000E+00
 0.960000E+02  0.000000000000000E+00
 0.970000E+02  0.000000000000000E+00
