 0.100000E+01  0.554170223496989E+00
 0.200000E+01  0.504158384767326E-01
 0.300000E+01  0.202800506615289E-01
 0.400000E+01  0.237491194093613E-01
 0.500000E+01  0.104371115035649E-01
 0.600000E+01  0.697910030431806E-02
 0.700000E+01  0.505043146271605E-02
 0.800000E+01  0.425368124396103E-02
 0.900000E+01  0.252531195882896E-02
 0.100000E+02  0.135991603702725E-02
 0.110000E+02  0.874070433881193E-03
 0.120000E+02  0.665758767341099E-03
 0.130000E+02  0.643712762067583E-03
 0.140000E+02  0.399068408191609E-03
 0.150000E+02  0.260192695683368E-03
 0.160000E+02  0.222608740138151E-03
 0.170000E+02  0.197877164477080E-03
 0.180000E+02  0.113119917158409E-03
 0.190000E+02  0.926657201904883E-04
 0.200000E+02  0.594101284830830E-04
 0.210000E+02  0.553688565487285E-04
 0.220000E+02  0.337883937025302E-04
 0.230000E+02  0.193082847763891E-04
 0.240000E+02  0.157324602942967E-04
 0.250000E+02  0.126208634560889E-04
 0.260000E+02  0.779953052458687E-05
 0.270000E+02  0.505245333600356E-05
 0.280000E+02  0.317674789309768E-05
 0.290000E+02  0.206869023284507E-05
 0.300000E+02  0.195828539758758E-05
 0.310000E+02  0.918723583340584E-06
 0.320000E+02  0.622291759055494E-06
 0.330000E+02  0.464278638463133E-06
 0.340000E+02  0.395743019891020E-06
 0.350000E+02  0.206742986024512E-06
 0.360000E+02  0.145938100573627E-06
 0.370000E+02  0.927145766354409E-07
 0.380000E+02  0.896023536733108E-07
 0.390000E+02  0.434659593624698E-07
 0.400000E+02  0.304074414585076E-07
 0.410000E+02  0.237403028608624E-07
 0.420000E+02  0.190522060184121E-07
 0.430000E+02  0.131120771549290E-07
 0.440000E+02  0.800245478009980E-08
 0.450000E+02  0.535902783351722E-08
 0.460000E+02  0.367692779040320E-08
 0.470000E+02  0.350802032957225E-08
 0.480000E+02  0.183881444326837E-08
 0.490000E+02  0.124843823402726E-08
 0.500000E+02  0.897025913188100E-09
 0.510000E+02  0.762257349385446E-09
 0.520000E+02  0.397223816852624E-09
 0.530000E+02  0.262841234528161E-09
 0.540000E+02  0.182959977006928E-09
 0.550000E+02  0.154913621217415E-09
 0.560000E+02  0.864811829718783E-10
 0.570000E+02  0.565338878802595E-10
 0.580000E+02  0.375942965490462E-10
 0.590000E+02  0.293391257861970E-10
 0.600000E+02  0.215505739645549E-10
 0.610000E+02  0.124399588851946E-10
 0.620000E+02  0.882641901459680E-11
 0.630000E+02  0.715757911295436E-11
 0.640000E+02  0.531343286993387E-11
 0.650000E+02  0.000000000000000E+00
 0.660000E+02  0.000000000000000E+00
 0.670000E+02  0.000000000000000E+00
 0.680000E+02  0.000000000000000E+00
 0.690000E+02  0.000000000000000E+00
 0.700000E+02  0.000000000000000E+00
 0.710000E+02  0.000000000000000E+00
 0.720000E+02  0.000000000000000E+00
 0.730000E+02  0.000000000000000E+00
 0.740000E+02  0.000000000000000E+00
 0.750000E+02  0.000000000000000E+00
 0.760000E+02  0.000000000000000E+00
 0.770000E+02  0.000000000000000E+00
 0.780000E+02  0.000000000000000E+00
 0.790000E+02  0.000000000000000E+00
 0.800000E+02  0.000000000000000E+00
 0.810000E+02  0.000000000000000E+00
 0.820000E+02  0.000000000000000E+00
 0.830000E+02  0.000000000000000E+00
 0.840000E+02  0.000000000000000E+00
 0.850000E+02  0.000000000000000E+00
 0.860000E+02  0.000000000000000E+00
 0.870000E+02  0.000000000000000E+00
 0.880000E+02  0.000000000000000E+00
 0.890000E+02  0.000000000000000E+00
 0.900000E+02  0.000000000000000E+00
 0.910000E+02  0.000000000000000E+00
 0.920000E+02  0.000000000000000E+00
 0.930000E+02  0.000000000000000E+00
 0.940000E+02  0.000000000000000E+00
 0.950000E+02  0.000000000000000E+00
 0.960000E+02  0.000000000000000E+00
 0.970000E+02  0.000000000000000E+00
