 0.000000E+00  0.353183322819731E+00  0.628151800484984E-01  0.290368142771233E+00
 0.100000E+01  0.277048852310362E-03  0.274402944179498E-03  0.264590813086398E-05
 0.200000E+01  0.472790434899083E-10  0.427488970991221E-10  0.453014639078648E-11
 0.300000E+01  0.188897582093715E-14  0.167914375398100E-14  0.209832066956159E-15
 0.400000E+01  0.142152558512197E-18  0.112338194237189E-18  0.298143642750075E-19
 0.500000E+01  0.954367356925530E-19  0.749127748825264E-19  0.205239608100266E-19
 0.600000E+01  0.186182845721461E-18  0.164266888667466E-18  0.219159570539948E-19
 0.700000E+01  0.117216296973844E-18  0.966594257344057E-19  0.205568712394378E-19
 0.800000E+01  0.727175337528405E-19  0.572411723976865E-19  0.154763613551539E-19
 0.900000E+01  0.105421549924084E-18  0.890593087517299E-19  0.163622411723539E-19
 0.100000E+02  0.145494145225070E-18  0.129653495616207E-18  0.158406496088629E-19
 0.110000E+02  0.788000648961237E-19  0.649966721479726E-19  0.138033927481510E-19
 0.120000E+02  0.181222576653817E-18  0.165595105495956E-18  0.156274711578614E-19
 0.130000E+02  0.743814066610631E-19  0.634063040928043E-19  0.109751025682587E-19
 0.140000E+02  0.993674735328435E-19  0.903600613111695E-19  0.900741222167395E-20
 0.150000E+02  0.574996438694794E-19  0.531501433608960E-19  0.434950050858336E-20
 0.160000E+02  0.948507356667147E-22  0.948507356667147E-22  0.000000000000000E+00
 0.170000E+02  0.000000000000000E+00  0.000000000000000E+00  0.000000000000000E+00
 0.180000E+02  0.000000000000000E+00  0.000000000000000E+00  0.000000000000000E+00
 0.190000E+02  0.000000000000000E+00  0.000000000000000E+00  0.000000000000000E+00
 0.200000E+02  0.000000000000000E+00  0.000000000000000E+00  0.000000000000000E+00
 0.210000E+02  0.000000000000000E+00  0.000000000000000E+00  0.000000000000000E+00
 0.220000E+02  0.000000000000000E+00  0.000000000000000E+00  0.000000000000000E+00
 0.230000E+02  0.000000000000000E+00  0.000000000000000E+00  0.000000000000000E+00
 0.240000E+02  0.000000000000000E+00  0.000000000000000E+00  0.000000000000000E+00
