 0.100000E+01  0.143520149370215E+01
 0.200000E+01  0.726359755881242E-01
 0.300000E+01  0.226525531701574E-01
 0.400000E+01  0.336827987118360E-01
 0.500000E+01  0.145055559336604E-01
 0.600000E+01  0.108011774833707E-01
 0.700000E+01  0.724046444294649E-02
 0.800000E+01  0.850739421674743E-02
 0.900000E+01  0.833362811484206E-02
 0.100000E+02  0.482863950633097E-02
 0.110000E+02  0.412429379487464E-02
 0.120000E+02  0.263266520636646E-02
 0.130000E+02  0.271552703423588E-02
 0.140000E+02  0.162779877215413E-02
 0.150000E+02  0.133123454325404E-02
 0.160000E+02  0.133707565810857E-02
 0.170000E+02  0.115066985772375E-02
 0.180000E+02  0.869860226799943E-03
 0.190000E+02  0.720722901716278E-03
 0.200000E+02  0.603399261946479E-03
 0.210000E+02  0.649156318280304E-03
 0.220000E+02  0.450286289639547E-03
 0.230000E+02  0.356748504030214E-03
 0.240000E+02  0.332648360649307E-03
 0.250000E+02  0.330895121971099E-03
 0.260000E+02  0.262827112513679E-03
 0.270000E+02  0.212736564778271E-03
 0.280000E+02  0.181944395652778E-03
 0.290000E+02  0.148948055719712E-03
 0.300000E+02  0.146129054585513E-03
 0.310000E+02  0.111466852381216E-03
 0.320000E+02  0.932258905714289E-04
 0.330000E+02  0.826893650134850E-04
 0.340000E+02  0.798939422933862E-04
 0.350000E+02  0.580074019328960E-04
 0.360000E+02  0.536833775390919E-04
 0.370000E+02  0.456167585031938E-04
 0.380000E+02  0.449206435880370E-04
 0.390000E+02  0.341741504169404E-04
 0.400000E+02  0.280414871605488E-04
 0.410000E+02  0.247629792932738E-04
 0.420000E+02  0.227149285231747E-04
 0.430000E+02  0.186655229888865E-04
 0.440000E+02  0.158674838105456E-04
 0.450000E+02  0.139689717185061E-04
 0.460000E+02  0.121921026712688E-04
 0.470000E+02  0.108289918790430E-04
 0.480000E+02  0.888008257265317E-05
 0.490000E+02  0.741564780094634E-05
 0.500000E+02  0.669924760506082E-05
 0.510000E+02  0.572710670656436E-05
 0.520000E+02  0.518478760973686E-05
 0.530000E+02  0.467175425617218E-05
 0.540000E+02  0.400790781466253E-05
 0.550000E+02  0.345533312849504E-05
 0.560000E+02  0.304707840622364E-05
 0.570000E+02  0.281686917176119E-05
 0.580000E+02  0.237720274245956E-05
 0.590000E+02  0.213256176659623E-05
 0.600000E+02  0.176483867541517E-05
 0.610000E+02  0.140533226910021E-05
 0.620000E+02  0.108127128532455E-05
 0.630000E+02  0.715192684117608E-06
 0.640000E+02  0.224475716665335E-06
 0.650000E+02  0.000000000000000E+00
 0.660000E+02  0.000000000000000E+00
 0.670000E+02  0.000000000000000E+00
 0.680000E+02  0.000000000000000E+00
 0.690000E+02  0.000000000000000E+00
 0.700000E+02  0.000000000000000E+00
 0.710000E+02  0.000000000000000E+00
 0.720000E+02  0.000000000000000E+00
 0.730000E+02  0.000000000000000E+00
 0.740000E+02  0.000000000000000E+00
 0.750000E+02  0.000000000000000E+00
 0.760000E+02  0.000000000000000E+00
 0.770000E+02  0.000000000000000E+00
 0.780000E+02  0.000000000000000E+00
 0.790000E+02  0.000000000000000E+00
 0.800000E+02  0.000000000000000E+00
 0.810000E+02  0.000000000000000E+00
 0.820000E+02  0.000000000000000E+00
 0.830000E+02  0.000000000000000E+00
 0.840000E+02  0.000000000000000E+00
 0.850000E+02  0.000000000000000E+00
 0.860000E+02  0.000000000000000E+00
 0.870000E+02  0.000000000000000E+00
 0.880000E+02  0.000000000000000E+00
 0.890000E+02  0.000000000000000E+00
 0.900000E+02  0.000000000000000E+00
 0.910000E+02  0.000000000000000E+00
 0.920000E+02  0.000000000000000E+00
 0.930000E+02  0.000000000000000E+00
 0.940000E+02  0.000000000000000E+00
 0.950000E+02  0.000000000000000E+00
 0.960000E+02  0.000000000000000E+00
 0.970000E+02  0.000000000000000E+00
