 0.100000E+01  0.644151567878048E+00
 0.200000E+01  0.800469634829846E-01
 0.300000E+01  0.247381238341864E-01
 0.400000E+01  0.342250946352518E-01
 0.500000E+01  0.128250638197084E-01
 0.600000E+01  0.204457587093492E-01
 0.700000E+01  0.111441429444697E-01
 0.800000E+01  0.652085530454151E-02
 0.900000E+01  0.859367058038409E-02
 0.100000E+02  0.447979123363897E-02
 0.110000E+02  0.384127940701420E-02
 0.120000E+02  0.343467344547357E-02
 0.130000E+02  0.268111113516498E-02
 0.140000E+02  0.222596145486821E-02
 0.150000E+02  0.149986749833151E-02
 0.160000E+02  0.134977253817907E-02
 0.170000E+02  0.123747922027091E-02
 0.180000E+02  0.956057495184294E-03
 0.190000E+02  0.763319058782737E-03
 0.200000E+02  0.600075897985856E-03
 0.210000E+02  0.529910677256878E-03
 0.220000E+02  0.448607344169611E-03
 0.230000E+02  0.339305445974573E-03
 0.240000E+02  0.311149916160708E-03
 0.250000E+02  0.254021158796547E-03
 0.260000E+02  0.207262043901972E-03
 0.270000E+02  0.169762057974809E-03
 0.280000E+02  0.146935660128356E-03
 0.290000E+02  0.124565482747325E-03
 0.300000E+02  0.105943628400627E-03
 0.310000E+02  0.957150864058904E-04
 0.320000E+02  0.808267329665344E-04
 0.330000E+02  0.699020303961481E-04
 0.340000E+02  0.599676556794467E-04
 0.350000E+02  0.515804254427680E-04
 0.360000E+02  0.457821474559922E-04
 0.370000E+02  0.414536211447067E-04
 0.380000E+02  0.352868498943523E-04
 0.390000E+02  0.317462665050164E-04
 0.400000E+02  0.277954520178729E-04
 0.410000E+02  0.245536350629475E-04
 0.420000E+02  0.202863363388465E-04
 0.430000E+02  0.183205391386460E-04
 0.440000E+02  0.164219234211237E-04
 0.450000E+02  0.141523579756215E-04
 0.460000E+02  0.120778067021563E-04
 0.470000E+02  0.107263639056657E-04
 0.480000E+02  0.939251402931656E-05
 0.490000E+02  0.829899380039493E-05
 0.500000E+02  0.761134302054245E-05
 0.510000E+02  0.642167612440527E-05
 0.520000E+02  0.576444472729515E-05
 0.530000E+02  0.520333544008341E-05
 0.540000E+02  0.445778236788911E-05
 0.550000E+02  0.417495843728330E-05
 0.560000E+02  0.388923639254568E-05
 0.570000E+02  0.350361230743918E-05
 0.580000E+02  0.323786349115650E-05
 0.590000E+02  0.286242385510541E-05
 0.600000E+02  0.214406810562406E-05
 0.610000E+02  0.183617046753377E-05
 0.620000E+02  0.144286701430075E-05
 0.630000E+02  0.102393058289795E-05
 0.640000E+02  0.304439990232462E-06
 0.650000E+02  0.000000000000000E+00
 0.660000E+02  0.000000000000000E+00
 0.670000E+02  0.000000000000000E+00
 0.680000E+02  0.000000000000000E+00
 0.690000E+02  0.000000000000000E+00
 0.700000E+02  0.000000000000000E+00
 0.710000E+02  0.000000000000000E+00
 0.720000E+02  0.000000000000000E+00
 0.730000E+02  0.000000000000000E+00
 0.740000E+02  0.000000000000000E+00
 0.750000E+02  0.000000000000000E+00
 0.760000E+02  0.000000000000000E+00
 0.770000E+02  0.000000000000000E+00
 0.780000E+02  0.000000000000000E+00
 0.790000E+02  0.000000000000000E+00
 0.800000E+02  0.000000000000000E+00
 0.810000E+02  0.000000000000000E+00
 0.820000E+02  0.000000000000000E+00
 0.830000E+02  0.000000000000000E+00
 0.840000E+02  0.000000000000000E+00
 0.850000E+02  0.000000000000000E+00
 0.860000E+02  0.000000000000000E+00
 0.870000E+02  0.000000000000000E+00
 0.880000E+02  0.000000000000000E+00
 0.890000E+02  0.000000000000000E+00
 0.900000E+02  0.000000000000000E+00
 0.910000E+02  0.000000000000000E+00
 0.920000E+02  0.000000000000000E+00
 0.930000E+02  0.000000000000000E+00
 0.940000E+02  0.000000000000000E+00
 0.950000E+02  0.000000000000000E+00
 0.960000E+02  0.000000000000000E+00
 0.970000E+02  0.000000000000000E+00
