 0.000000E+00  0.736368010071311E-03  0.000000000000000E+00  0.000000000000000E+00
 0.100000E+01  0.113402256206174E+01  0.970406124601141E+00  0.163376810029149E+00
 0.200000E+01  0.805578868904740E-01  0.414258508862986E-02  0.752123091224348E-01
 0.300000E+01  0.361466245576907E-01  0.162494695359783E-02  0.334014666877920E-01
 0.400000E+01  0.268826073875502E-01  0.706897488271352E-03  0.234019520139555E-01
 0.500000E+01  0.231041514253210E-01  0.105288899976586E-02  0.157559614945058E-01
 0.600000E+01  0.905481557919013E-02  0.404587420916869E-03  0.524387340101384E-02
 0.700000E+01  0.766912839714843E-02  0.398006752334368E-03  0.364136644338942E-02
 0.800000E+01  0.989417638320504E-02  0.254701067216700E-03  0.615783830923533E-02
 0.900000E+01  0.514967972318828E-02  0.184447361860407E-03  0.281514869749344E-02
 0.100000E+02  0.571010920864028E-02  0.154908405079368E-03  0.353736807008431E-02
 0.110000E+02  0.351285521838890E-02  0.115861082612412E-03  0.206687452884324E-02
 0.120000E+02  0.294487113211985E-02  0.820444381801622E-04  0.139212101329278E-02
 0.130000E+02  0.315383302629697E-02  0.648599052620602E-04  0.178705043517624E-02
 0.140000E+02  0.179897131164173E-02  0.444287285464029E-04  0.828831426531451E-03
 0.150000E+02  0.152035414328081E-02  0.325978312254449E-04  0.590099359491336E-03
 0.160000E+02  0.112027218977950E-02  0.256409747310116E-04  0.524402949604763E-03
 0.170000E+02  0.102106510578322E-02  0.270677472677013E-04  0.471719482680655E-03
 0.180000E+02  0.793412455238502E-03  0.223124526699259E-04  0.345276553839202E-03
 0.190000E+02  0.569135169537492E-03  0.181870488251690E-04  0.216782582927344E-03
 0.200000E+02  0.460098043663921E-03  0.103138251064117E-04  0.153012958633791E-03
 0.210000E+02  0.395027140143620E-03  0.107712352173106E-04  0.121168411588934E-03
 0.220000E+02  0.283941742190795E-03  0.617610272457547E-05  0.780323966589613E-04
 0.230000E+02  0.244769517459688E-03  0.638988762391435E-05  0.709453226761525E-04
 0.240000E+02  0.213072331443952E-03  0.494918438087230E-05  0.576388794486932E-04
 0.250000E+02  0.199728783642664E-03  0.389216029178518E-05  0.529373196625493E-04
 0.260000E+02  0.169551571056979E-03  0.334865632407866E-05  0.397356005567562E-04
 0.270000E+02  0.133172761535205E-03  0.202905654069635E-05  0.339994711350544E-04
 0.280000E+02  0.104574126403713E-03  0.161031268852696E-05  0.254951659626190E-04
 0.290000E+02  0.940473704532932E-04  0.147918267586096E-05  0.200044133189248E-04
 0.300000E+02  0.789059868499469E-04  0.114332509650733E-05  0.204947385910315E-04
 0.310000E+02  0.695489185446825E-04  0.886977066743341E-06  0.157020383971876E-04
 0.320000E+02  0.569086867836149E-04  0.697081417727619E-06  0.139104717323257E-04
 0.330000E+02  0.514978420598497E-04  0.645022138656269E-06  0.127491524919005E-04
 0.340000E+02  0.466862588614773E-04  0.530988969465671E-06  0.113784004314374E-04
 0.350000E+02  0.355829769790307E-04  0.375026198264419E-06  0.945381412688351E-05
 0.360000E+02  0.342326408902970E-04  0.351709548332847E-06  0.859839261128231E-05
 0.370000E+02  0.272205613210898E-04  0.288317253819767E-06  0.640655784977379E-05
 0.380000E+02  0.278172169672141E-04  0.287015850021239E-06  0.754739559870668E-05
 0.390000E+02  0.209950136201250E-04  0.202026294335994E-06  0.440720607971373E-05
 0.400000E+02  0.166882341690261E-04  0.153815743179735E-06  0.324303780241788E-05
 0.410000E+02  0.158444150399390E-04  0.152420089126254E-06  0.278034304377478E-05
 0.420000E+02  0.135099752803218E-04  0.145575952179944E-06  0.286561028180112E-05
 0.430000E+02  0.125641049910988E-04  0.132716657195303E-06  0.238361991669687E-05
 0.440000E+02  0.967707864055076E-05  0.849560835887312E-07  0.181083946862622E-05
 0.450000E+02  0.827788518570916E-05  0.642129884449467E-07  0.137983149189978E-05
 0.460000E+02  0.787240605751132E-05  0.593719332403443E-07  0.119869523042401E-05
 0.470000E+02  0.623548028188237E-05  0.495032631742192E-07  0.990675414680540E-06
 0.480000E+02  0.543587914973236E-05  0.405403583871380E-07  0.674699010975066E-06
 0.490000E+02  0.473857939245763E-05  0.338221693912749E-07  0.513814854367304E-06
 0.500000E+02  0.415146717926103E-05  0.364507298579214E-07  0.440208450567777E-06
 0.510000E+02  0.358762380187840E-05  0.351074101925656E-07  0.377053759630184E-06
 0.520000E+02  0.309466273247167E-05  0.274183323845394E-07  0.267680120018005E-06
 0.530000E+02  0.267458195537838E-05  0.281186022725821E-07  0.226629772074748E-06
 0.540000E+02  0.236113418216547E-05  0.200622077713673E-07  0.151402684106430E-06
 0.550000E+02  0.225965536288945E-05  0.180356570280696E-07  0.152025339932201E-06
 0.560000E+02  0.177055259893946E-05  0.140058244371920E-07  0.118511515397924E-06
 0.570000E+02  0.164191189979768E-05  0.145103969699176E-07  0.999389546105017E-07
 0.580000E+02  0.147670609267145E-05  0.130625091306245E-07  0.756998978887518E-07
 0.590000E+02  0.133902167746666E-05  0.140628090622015E-07  0.734794021632688E-07
 0.600000E+02  0.121360784825430E-05  0.142560538134910E-07  0.883570163141660E-07
 0.610000E+02  0.997400511499466E-06  0.190774454590298E-07  0.808978320761137E-07
 0.620000E+02  0.798906198791446E-06  0.152278625850481E-07  0.812667109146127E-07
 0.630000E+02  0.599345681549323E-06  0.298484287001617E-07  0.139041229893678E-06
 0.640000E+02  0.650632306450921E-09  0.118403913572634E-09  0.532228392878287E-09
 0.650000E+02  0.000000000000000E+00  0.000000000000000E+00  0.000000000000000E+00
 0.660000E+02  0.000000000000000E+00  0.000000000000000E+00  0.000000000000000E+00
 0.670000E+02  0.000000000000000E+00  0.000000000000000E+00  0.000000000000000E+00
 0.680000E+02  0.000000000000000E+00  0.000000000000000E+00  0.000000000000000E+00
 0.690000E+02  0.000000000000000E+00  0.000000000000000E+00  0.000000000000000E+00
 0.700000E+02  0.000000000000000E+00  0.000000000000000E+00  0.000000000000000E+00
 0.710000E+02  0.000000000000000E+00  0.000000000000000E+00  0.000000000000000E+00
 0.720000E+02  0.000000000000000E+00  0.000000000000000E+00  0.000000000000000E+00
 0.730000E+02  0.000000000000000E+00  0.000000000000000E+00  0.000000000000000E+00
 0.740000E+02  0.000000000000000E+00  0.000000000000000E+00  0.000000000000000E+00
 0.750000E+02  0.000000000000000E+00  0.000000000000000E+00  0.000000000000000E+00
 0.760000E+02  0.000000000000000E+00  0.000000000000000E+00  0.000000000000000E+00
 0.770000E+02  0.000000000000000E+00  0.000000000000000E+00  0.000000000000000E+00
 0.780000E+02  0.000000000000000E+00  0.000000000000000E+00  0.000000000000000E+00
 0.790000E+02  0.000000000000000E+00  0.000000000000000E+00  0.000000000000000E+00
 0.800000E+02  0.000000000000000E+00  0.000000000000000E+00  0.000000000000000E+00
 0.810000E+02  0.000000000000000E+00  0.000000000000000E+00  0.000000000000000E+00
 0.820000E+02  0.000000000000000E+00  0.000000000000000E+00  0.000000000000000E+00
 0.830000E+02  0.000000000000000E+00  0.000000000000000E+00  0.000000000000000E+00
 0.840000E+02  0.000000000000000E+00  0.000000000000000E+00  0.000000000000000E+00
 0.850000E+02  0.000000000000000E+00  0.000000000000000E+00  0.000000000000000E+00
 0.860000E+02  0.000000000000000E+00  0.000000000000000E+00  0.000000000000000E+00
 0.870000E+02  0.000000000000000E+00  0.000000000000000E+00  0.000000000000000E+00
 0.880000E+02  0.000000000000000E+00  0.000000000000000E+00  0.000000000000000E+00
 0.890000E+02  0.000000000000000E+00  0.000000000000000E+00  0.000000000000000E+00
 0.900000E+02  0.000000000000000E+00  0.000000000000000E+00  0.000000000000000E+00
 0.910000E+02  0.000000000000000E+00  0.000000000000000E+00  0.000000000000000E+00
 0.920000E+02  0.000000000000000E+00  0.000000000000000E+00  0.000000000000000E+00
 0.930000E+02  0.000000000000000E+00  0.000000000000000E+00  0.000000000000000E+00
 0.940000E+02  0.000000000000000E+00  0.000000000000000E+00  0.000000000000000E+00
 0.950000E+02  0.000000000000000E+00  0.000000000000000E+00  0.000000000000000E+00
 0.960000E+02  0.000000000000000E+00  0.000000000000000E+00  0.000000000000000E+00
