 0.100000E+01  0.640084348314506E+00
 0.200000E+01  0.932182302338328E-01
 0.300000E+01  0.170999703687852E-01
 0.400000E+01  0.437020810118175E-01
 0.500000E+01  0.191503516604984E-01
 0.600000E+01  0.194371120875530E-01
 0.700000E+01  0.114985847030225E-01
 0.800000E+01  0.971983324560357E-02
 0.900000E+01  0.927950446728254E-02
 0.100000E+02  0.503142895813859E-02
 0.110000E+02  0.502214749710180E-02
 0.120000E+02  0.308976242901683E-02
 0.130000E+02  0.312657286423704E-02
 0.140000E+02  0.208901448849361E-02
 0.150000E+02  0.134106979166802E-02
 0.160000E+02  0.130399722657863E-02
 0.170000E+02  0.116133920888673E-02
 0.180000E+02  0.814153335596637E-03
 0.190000E+02  0.655409371788559E-03
 0.200000E+02  0.521007008531309E-03
 0.210000E+02  0.485437292114642E-03
 0.220000E+02  0.377347217671060E-03
 0.230000E+02  0.292356802755505E-03
 0.240000E+02  0.262509481720658E-03
 0.250000E+02  0.232284896126445E-03
 0.260000E+02  0.215012857365211E-03
 0.270000E+02  0.166955233758093E-03
 0.280000E+02  0.149619301218650E-03
 0.290000E+02  0.136707442768044E-03
 0.300000E+02  0.112149822038657E-03
 0.310000E+02  0.102907607725669E-03
 0.320000E+02  0.837257397762952E-04
 0.330000E+02  0.754931701402958E-04
 0.340000E+02  0.699807614440223E-04
 0.350000E+02  0.558661673318679E-04
 0.360000E+02  0.524694154075322E-04
 0.370000E+02  0.456205735330712E-04
 0.380000E+02  0.423209850870166E-04
 0.390000E+02  0.377390394229851E-04
 0.400000E+02  0.325846576668396E-04
 0.410000E+02  0.284166604884183E-04
 0.420000E+02  0.253922467554251E-04
 0.430000E+02  0.248770981890308E-04
 0.440000E+02  0.200437829736694E-04
 0.450000E+02  0.172644407774932E-04
 0.460000E+02  0.151639308500813E-04
 0.470000E+02  0.141506845563045E-04
 0.480000E+02  0.122870744702049E-04
 0.490000E+02  0.106787146876818E-04
 0.500000E+02  0.108652652599685E-04
 0.510000E+02  0.783433689640755E-05
 0.520000E+02  0.729938630327159E-05
 0.530000E+02  0.706923908883128E-05
 0.540000E+02  0.535358551852729E-05
 0.550000E+02  0.519249250932855E-05
 0.560000E+02  0.467018476418011E-05
 0.570000E+02  0.418055055038981E-05
 0.580000E+02  0.383551520056755E-05
 0.590000E+02  0.351550355344782E-05
 0.600000E+02  0.307022274221354E-05
 0.610000E+02  0.257307047446799E-05
 0.620000E+02  0.236326189373492E-05
 0.630000E+02  0.155888095567603E-05
 0.640000E+02  0.514248146880101E-06
 0.650000E+02  0.000000000000000E+00
 0.660000E+02  0.000000000000000E+00
 0.670000E+02  0.000000000000000E+00
 0.680000E+02  0.000000000000000E+00
 0.690000E+02  0.000000000000000E+00
 0.700000E+02  0.000000000000000E+00
 0.710000E+02  0.000000000000000E+00
 0.720000E+02  0.000000000000000E+00
 0.730000E+02  0.000000000000000E+00
 0.740000E+02  0.000000000000000E+00
 0.750000E+02  0.000000000000000E+00
 0.760000E+02  0.000000000000000E+00
 0.770000E+02  0.000000000000000E+00
 0.780000E+02  0.000000000000000E+00
 0.790000E+02  0.000000000000000E+00
 0.800000E+02  0.000000000000000E+00
 0.810000E+02  0.000000000000000E+00
 0.820000E+02  0.000000000000000E+00
 0.830000E+02  0.000000000000000E+00
 0.840000E+02  0.000000000000000E+00
 0.850000E+02  0.000000000000000E+00
 0.860000E+02  0.000000000000000E+00
 0.870000E+02  0.000000000000000E+00
 0.880000E+02  0.000000000000000E+00
 0.890000E+02  0.000000000000000E+00
 0.900000E+02  0.000000000000000E+00
 0.910000E+02  0.000000000000000E+00
 0.920000E+02  0.000000000000000E+00
 0.930000E+02  0.000000000000000E+00
 0.940000E+02  0.000000000000000E+00
 0.950000E+02  0.000000000000000E+00
 0.960000E+02  0.000000000000000E+00
 0.970000E+02  0.000000000000000E+00
