 0.000000E+00  0.782911056658751E+00  0.432513359067293E+00  0.350397697591457E+00
 0.100000E+01  0.381462341555639E-01  0.281800126514239E-01  0.996622150414015E-02
 0.200000E+01  0.674288436702562E-02  0.424448031277081E-02  0.249840405425481E-02
 0.300000E+01  0.185116433301585E-02  0.116082200869509E-02  0.690342324320763E-03
 0.400000E+01  0.796837920568901E-03  0.474749815379153E-03  0.322088105189749E-03
 0.500000E+01  0.407616520015911E-03  0.258658267616298E-03  0.148958252399612E-03
 0.600000E+01  0.235692987952413E-03  0.145408018490298E-03  0.902849694621146E-04
 0.700000E+01  0.133214354687923E-03  0.814645948542379E-04  0.517497598336854E-04
 0.800000E+01  0.861166926689778E-04  0.534613175878834E-04  0.326553750810944E-04
 0.900000E+01  0.617808274882485E-04  0.386085467501101E-04  0.231722807381384E-04
 0.100000E+02  0.423564579386532E-04  0.277061159367018E-04  0.146503420019514E-04
 0.110000E+02  0.319987739174506E-04  0.207536863319153E-04  0.112450875855353E-04
 0.120000E+02  0.222867837638608E-04  0.155567438595049E-04  0.673003990435583E-05
 0.130000E+02  0.130876439555780E-04  0.100098976964254E-04  0.307774625915265E-05
 0.140000E+02  0.446397617542602E-05  0.357223666196593E-05  0.891739513460093E-06
 0.150000E+02  0.720481857155550E-06  0.579988965456954E-06  0.140492891698596E-06
 0.160000E+02  0.187210212609923E-10  0.187210212609923E-10  0.000000000000000E+00
 0.170000E+02  0.000000000000000E+00  0.000000000000000E+00  0.000000000000000E+00
 0.180000E+02  0.000000000000000E+00  0.000000000000000E+00  0.000000000000000E+00
 0.190000E+02  0.000000000000000E+00  0.000000000000000E+00  0.000000000000000E+00
 0.200000E+02  0.000000000000000E+00  0.000000000000000E+00  0.000000000000000E+00
 0.210000E+02  0.000000000000000E+00  0.000000000000000E+00  0.000000000000000E+00
 0.220000E+02  0.000000000000000E+00  0.000000000000000E+00  0.000000000000000E+00
 0.230000E+02  0.000000000000000E+00  0.000000000000000E+00  0.000000000000000E+00
 0.240000E+02  0.000000000000000E+00  0.000000000000000E+00  0.000000000000000E+00
