 0.000000E+00  0.432235932246383E-03  0.000000000000000E+00  0.000000000000000E+00
 0.100000E+01  0.570036597987087E+00  0.432850786657204E+00  0.137183587648906E+00
 0.200000E+01  0.584258637214934E-01  0.394415863858022E-08  0.584148187190294E-01
 0.300000E+01  0.117359341573234E-01  0.439680847286184E-08  0.117230783071136E-01
 0.400000E+01  0.938453476778376E-02  0.318444959637731E-08  0.937354924099054E-02
 0.500000E+01  0.966496635274343E-02  0.797335454084946E-08  0.964299470319929E-02
 0.600000E+01  0.526933185426956E-02  0.341123255359101E-08  0.525584891849462E-02
 0.700000E+01  0.460603968873375E-02  0.320606529258943E-08  0.459141515974792E-02
 0.800000E+01  0.235119214667372E-02  0.261550742954757E-08  0.233983392976267E-02
 0.900000E+01  0.148893620008665E-02  0.215080351857570E-08  0.147985621926391E-02
 0.100000E+02  0.171797945291448E-02  0.123389180319846E-08  0.170795495947092E-02
 0.110000E+02  0.979102211425765E-03  0.188190599546344E-08  0.971623855041383E-03
 0.120000E+02  0.982114084838998E-03  0.143748610487065E-08  0.974101869581148E-03
 0.130000E+02  0.764743320210777E-03  0.264307954281755E-08  0.756921108296949E-03
 0.140000E+02  0.427376187455585E-03  0.121786896539066E-08  0.422423058566440E-03
 0.150000E+02  0.510701510121463E-03  0.161935310258111E-08  0.504491334820785E-03
 0.160000E+02  0.253981362922919E-03  0.903185845072782E-09  0.250571828025911E-03
 0.170000E+02  0.305245594821245E-03  0.117102964413831E-08  0.300931348129985E-03
 0.180000E+02  0.222275077571197E-03  0.990715162325193E-09  0.218764328992298E-03
 0.190000E+02  0.134308592572071E-03  0.658934286344694E-09  0.132040318843347E-03
 0.200000E+02  0.171455518530447E-03  0.102143642814028E-08  0.168384528156752E-03
 0.210000E+02  0.914075328251587E-04  0.669469666241049E-09  0.897039531388888E-04
 0.220000E+02  0.942278710154980E-04  0.750004986233852E-09  0.923896261277727E-04
 0.230000E+02  0.739390020466922E-04  0.474896533436072E-09  0.723532996063864E-04
 0.240000E+02  0.478603175325420E-04  0.332891264151880E-09  0.467826991420187E-04
 0.250000E+02  0.596117609180529E-04  0.442575337620340E-09  0.581637424114659E-04
 0.260000E+02  0.299779208871607E-04  0.293296020546410E-09  0.292344758212369E-04
 0.270000E+02  0.314450734487996E-04  0.298013357662007E-09  0.306101290139110E-04
 0.280000E+02  0.239051974689286E-04  0.173661663150746E-09  0.232040647534952E-04
 0.290000E+02  0.157043742743797E-04  0.162159209074809E-09  0.152264449670458E-04
 0.300000E+02  0.183496915412929E-04  0.165201121801545E-09  0.177348860238891E-04
 0.310000E+02  0.915252445672968E-05  0.126220212786942E-09  0.884416936045974E-05
 0.320000E+02  0.929425068957232E-05  0.139178156755485E-09  0.895816529251865E-05
 0.330000E+02  0.690078495558413E-05  0.910868333952304E-10  0.662959879417504E-05
 0.340000E+02  0.459299996583028E-05  0.944388130434989E-10  0.441151764340224E-05
 0.350000E+02  0.482900543026243E-05  0.844706579646701E-10  0.461610579839033E-05
 0.360000E+02  0.248798800552476E-05  0.649252566164270E-10  0.238097470952292E-05
 0.370000E+02  0.242343697854528E-05  0.738864921354399E-10  0.231178050172750E-05
 0.380000E+02  0.178203989087453E-05  0.560046295331289E-10  0.169469638039456E-05
 0.390000E+02  0.113937531958054E-05  0.489092550909573E-10  0.108374482591774E-05
 0.400000E+02  0.115728050979582E-05  0.498436627662920E-10  0.109449711094193E-05
 0.410000E+02  0.605319342389928E-06  0.338397374458166E-10  0.573498701858241E-06
 0.420000E+02  0.566859042392967E-06  0.391903873595996E-10  0.534765199438652E-06
 0.430000E+02  0.407234147209909E-06  0.281963848429173E-10  0.383018982649666E-06
 0.440000E+02  0.257889571932458E-06  0.251111085570297E-10  0.242509379769524E-06
 0.450000E+02  0.249503761135393E-06  0.259664032345083E-10  0.233067519116100E-06
 0.460000E+02  0.132762490950381E-06  0.166825261771374E-10  0.124251193378022E-06
 0.470000E+02  0.118978160325608E-06  0.188799829411246E-10  0.110731465773893E-06
 0.480000E+02  0.843852835592836E-07  0.137893708831202E-10  0.782902614092906E-07
 0.490000E+02  0.526149435258438E-07  0.120885170964548E-10  0.487597224243981E-07
 0.500000E+02  0.486504112289688E-07  0.125254339715698E-10  0.447506642563886E-07
 0.510000E+02  0.263510270973668E-07  0.778191824887784E-11  0.243020131483961E-07
 0.520000E+02  0.224262193101347E-07  0.845009100370926E-11  0.205139448367401E-07
 0.530000E+02  0.159329772393170E-07  0.657009434078639E-11  0.145214183538254E-07
 0.540000E+02  0.955420030180441E-08  0.515268207988065E-11  0.869264325882193E-08
 0.550000E+02  0.860433850341513E-08  0.561907542679572E-11  0.775277534031138E-08
 0.560000E+02  0.475772902870555E-08  0.325662115963827E-11  0.431223233797698E-08
 0.570000E+02  0.386652357059148E-08  0.370819401332078E-11  0.344723126811454E-08
 0.580000E+02  0.286143638767822E-08  0.306829170814018E-11  0.253938897329416E-08
 0.590000E+02  0.141776354099220E-08  0.176892583054156E-11  0.125956834250142E-08
 0.600000E+02  0.147570072152573E-08  0.248620673703831E-11  0.128854684119226E-08
 0.610000E+02  0.907023893325068E-09  0.157541725459022E-11  0.796557124802374E-09
 0.620000E+02  0.688332479574776E-09  0.171902784732006E-11  0.588225933532575E-09
 0.630000E+02  0.877747608025177E-09  0.227476784104569E-11  0.753913698263720E-09
 0.640000E+02  0.146077631234175E-16  0.440002238771140E-19  0.145637628995404E-16
 0.650000E+02  0.000000000000000E+00  0.000000000000000E+00  0.000000000000000E+00
 0.660000E+02  0.000000000000000E+00  0.000000000000000E+00  0.000000000000000E+00
 0.670000E+02  0.000000000000000E+00  0.000000000000000E+00  0.000000000000000E+00
 0.680000E+02  0.000000000000000E+00  0.000000000000000E+00  0.000000000000000E+00
 0.690000E+02  0.000000000000000E+00  0.000000000000000E+00  0.000000000000000E+00
 0.700000E+02  0.000000000000000E+00  0.000000000000000E+00  0.000000000000000E+00
 0.710000E+02  0.000000000000000E+00  0.000000000000000E+00  0.000000000000000E+00
 0.720000E+02  0.000000000000000E+00  0.000000000000000E+00  0.000000000000000E+00
 0.730000E+02  0.000000000000000E+00  0.000000000000000E+00  0.000000000000000E+00
 0.740000E+02  0.000000000000000E+00  0.000000000000000E+00  0.000000000000000E+00
 0.750000E+02  0.000000000000000E+00  0.000000000000000E+00  0.000000000000000E+00
 0.760000E+02  0.000000000000000E+00  0.000000000000000E+00  0.000000000000000E+00
 0.770000E+02  0.000000000000000E+00  0.000000000000000E+00  0.000000000000000E+00
 0.780000E+02  0.000000000000000E+00  0.000000000000000E+00  0.000000000000000E+00
 0.790000E+02  0.000000000000000E+00  0.000000000000000E+00  0.000000000000000E+00
 0.800000E+02  0.000000000000000E+00  0.000000000000000E+00  0.000000000000000E+00
 0.810000E+02  0.000000000000000E+00  0.000000000000000E+00  0.000000000000000E+00
 0.820000E+02  0.000000000000000E+00  0.000000000000000E+00  0.000000000000000E+00
 0.830000E+02  0.000000000000000E+00  0.000000000000000E+00  0.000000000000000E+00
 0.840000E+02  0.000000000000000E+00  0.000000000000000E+00  0.000000000000000E+00
 0.850000E+02  0.000000000000000E+00  0.000000000000000E+00  0.000000000000000E+00
 0.860000E+02  0.000000000000000E+00  0.000000000000000E+00  0.000000000000000E+00
 0.870000E+02  0.000000000000000E+00  0.000000000000000E+00  0.000000000000000E+00
 0.880000E+02  0.000000000000000E+00  0.000000000000000E+00  0.000000000000000E+00
 0.890000E+02  0.000000000000000E+00  0.000000000000000E+00  0.000000000000000E+00
 0.900000E+02  0.000000000000000E+00  0.000000000000000E+00  0.000000000000000E+00
 0.910000E+02  0.000000000000000E+00  0.000000000000000E+00  0.000000000000000E+00
 0.920000E+02  0.000000000000000E+00  0.000000000000000E+00  0.000000000000000E+00
 0.930000E+02  0.000000000000000E+00  0.000000000000000E+00  0.000000000000000E+00
 0.940000E+02  0.000000000000000E+00  0.000000000000000E+00  0.000000000000000E+00
 0.950000E+02  0.000000000000000E+00  0.000000000000000E+00  0.000000000000000E+00
 0.960000E+02  0.000000000000000E+00  0.000000000000000E+00  0.000000000000000E+00
