 0.100000E+01  0.126767746065104E+01
 0.200000E+01  0.107798252967985E+00
 0.300000E+01  0.321374331657781E-01
 0.400000E+01  0.290839186120412E-01
 0.500000E+01  0.180783657407649E-01
 0.600000E+01  0.146756580819971E-01
 0.700000E+01  0.105898122587567E-01
 0.800000E+01  0.753686381256065E-02
 0.900000E+01  0.702331689026157E-02
 0.100000E+02  0.349158145813441E-02
 0.110000E+02  0.258448785681008E-02
 0.120000E+02  0.209134776838110E-02
 0.130000E+02  0.195792468329856E-02
 0.140000E+02  0.124918997327043E-02
 0.150000E+02  0.102290448635864E-02
 0.160000E+02  0.103386471807150E-02
 0.170000E+02  0.788309195713878E-03
 0.180000E+02  0.626780746197175E-03
 0.190000E+02  0.491429341997905E-03
 0.200000E+02  0.386525388736289E-03
 0.210000E+02  0.390568667494157E-03
 0.220000E+02  0.318754635039095E-03
 0.230000E+02  0.266417595487120E-03
 0.240000E+02  0.236667500689406E-03
 0.250000E+02  0.205145339124134E-03
 0.260000E+02  0.192967432527872E-03
 0.270000E+02  0.139274298612238E-03
 0.280000E+02  0.122091804846880E-03
 0.290000E+02  0.975936351041825E-04
 0.300000E+02  0.869673145878846E-04
 0.310000E+02  0.698368976243860E-04
 0.320000E+02  0.569837416941661E-04
 0.330000E+02  0.479850521773484E-04
 0.340000E+02  0.446197371368113E-04
 0.350000E+02  0.343693185154970E-04
 0.360000E+02  0.280655417405396E-04
 0.370000E+02  0.236887424674842E-04
 0.380000E+02  0.221284135970363E-04
 0.390000E+02  0.177739290651169E-04
 0.400000E+02  0.159149241420051E-04
 0.410000E+02  0.142942020038535E-04
 0.420000E+02  0.119113835258843E-04
 0.430000E+02  0.108306867003153E-04
 0.440000E+02  0.888523291780132E-05
 0.450000E+02  0.775319006244927E-05
 0.460000E+02  0.611721254657544E-05
 0.470000E+02  0.579964323700501E-05
 0.480000E+02  0.514209345207427E-05
 0.490000E+02  0.420961005033873E-05
 0.500000E+02  0.371239870998582E-05
 0.510000E+02  0.311326510412507E-05
 0.520000E+02  0.274417786286539E-05
 0.530000E+02  0.233209211109435E-05
 0.540000E+02  0.190459481236181E-05
 0.550000E+02  0.179432574130044E-05
 0.560000E+02  0.154425488653585E-05
 0.570000E+02  0.136728397954923E-05
 0.580000E+02  0.115601700711408E-05
 0.590000E+02  0.105900377153598E-05
 0.600000E+02  0.837477467234571E-06
 0.610000E+02  0.737207729848123E-06
 0.620000E+02  0.678897624964441E-06
 0.630000E+02  0.426506223560053E-06
 0.640000E+02  0.121062332947974E-06
 0.650000E+02  0.000000000000000E+00
 0.660000E+02  0.000000000000000E+00
 0.670000E+02  0.000000000000000E+00
 0.680000E+02  0.000000000000000E+00
 0.690000E+02  0.000000000000000E+00
 0.700000E+02  0.000000000000000E+00
 0.710000E+02  0.000000000000000E+00
 0.720000E+02  0.000000000000000E+00
 0.730000E+02  0.000000000000000E+00
 0.740000E+02  0.000000000000000E+00
 0.750000E+02  0.000000000000000E+00
 0.760000E+02  0.000000000000000E+00
 0.770000E+02  0.000000000000000E+00
 0.780000E+02  0.000000000000000E+00
 0.790000E+02  0.000000000000000E+00
 0.800000E+02  0.000000000000000E+00
 0.810000E+02  0.000000000000000E+00
 0.820000E+02  0.000000000000000E+00
 0.830000E+02  0.000000000000000E+00
 0.840000E+02  0.000000000000000E+00
 0.850000E+02  0.000000000000000E+00
 0.860000E+02  0.000000000000000E+00
 0.870000E+02  0.000000000000000E+00
 0.880000E+02  0.000000000000000E+00
 0.890000E+02  0.000000000000000E+00
 0.900000E+02  0.000000000000000E+00
 0.910000E+02  0.000000000000000E+00
 0.920000E+02  0.000000000000000E+00
 0.930000E+02  0.000000000000000E+00
 0.940000E+02  0.000000000000000E+00
 0.950000E+02  0.000000000000000E+00
 0.960000E+02  0.000000000000000E+00
 0.970000E+02  0.000000000000000E+00
