 0.000000E+00  0.141143968531794E-03  0.000000000000000E+00  0.000000000000000E+00
 0.100000E+01  0.354860103414818E+00  0.166487186424750E+00  0.188368556089699E+00
 0.200000E+01  0.562867365787802E-01  0.131441535988763E-07  0.562670999788679E-01
 0.300000E+01  0.141881987657707E-01  0.142799028712837E-07  0.141624229836452E-01
 0.400000E+01  0.528450024765944E-02  0.187964924180939E-07  0.525787368474084E-02
 0.500000E+01  0.158983780719336E-01  0.200317919235755E-07  0.158628300073360E-01
 0.600000E+01  0.585453703675640E-02  0.135937383918816E-07  0.582783722637714E-02
 0.700000E+01  0.682652323865311E-02  0.110684283223181E-07  0.680608755781975E-02
 0.800000E+01  0.234457714111386E-02  0.123032360553783E-07  0.232433588383074E-02
 0.900000E+01  0.165892777078406E-02  0.973911520527060E-08  0.164672583491665E-02
 0.100000E+02  0.161247572156428E-02  0.121604485627197E-07  0.159944358238362E-02
 0.110000E+02  0.696137015773292E-03  0.618139465077805E-08  0.688391240459330E-03
 0.120000E+02  0.709722470625485E-03  0.859967478364322E-08  0.702864542208356E-03
 0.130000E+02  0.466036867457824E-03  0.561078346630544E-08  0.460051046821556E-03
 0.140000E+02  0.246030000423978E-03  0.386906064845716E-08  0.242807231211890E-03
 0.150000E+02  0.286556792721668E-03  0.385628514359051E-08  0.282848672431860E-03
 0.160000E+02  0.153309527021251E-03  0.267970520252342E-08  0.151122241136749E-03
 0.170000E+02  0.171076809563739E-03  0.341901979456974E-08  0.168349907779763E-03
 0.180000E+02  0.154384579246974E-03  0.199771347032126E-08  0.151913118663228E-03
 0.190000E+02  0.846370781079256E-04  0.164995073783287E-08  0.832796001415503E-04
 0.200000E+02  0.106453577464603E-03  0.136771101508510E-08  0.104611298948635E-03
 0.210000E+02  0.523156872154499E-04  0.131026466834527E-08  0.512329200398728E-04
 0.220000E+02  0.468105298537729E-04  0.976723513477537E-09  0.457947041690790E-04
 0.230000E+02  0.484577893144999E-04  0.699913056655852E-09  0.473898620774334E-04
 0.240000E+02  0.266559103014150E-04  0.457557721721468E-09  0.260081269584247E-04
 0.250000E+02  0.338588686170569E-04  0.688464258066079E-09  0.330495422566767E-04
 0.260000E+02  0.148671203228274E-04  0.330868533407030E-09  0.144628186035986E-04
 0.270000E+02  0.133634905949392E-04  0.371772711537287E-09  0.129960013328118E-04
 0.280000E+02  0.139323363705837E-04  0.255826024411139E-09  0.135502212725008E-04
 0.290000E+02  0.718569398210671E-05  0.144342470865311E-09  0.697015351963059E-05
 0.300000E+02  0.902062363756598E-05  0.235453617903449E-09  0.875791891162795E-05
 0.310000E+02  0.400336245821129E-05  0.113659374503608E-09  0.387180669520681E-05
 0.320000E+02  0.341030855379412E-05  0.122623625763819E-09  0.329882378561324E-05
 0.330000E+02  0.352254396855949E-05  0.102859386901806E-09  0.340672848464467E-05
 0.340000E+02  0.170069215333960E-05  0.744429751785542E-10  0.163526209697756E-05
 0.350000E+02  0.206497543306401E-05  0.827301137513427E-10  0.199186701030494E-05
 0.360000E+02  0.965247926132094E-06  0.441774013022206E-10  0.927657008570459E-06
 0.370000E+02  0.780494931672556E-06  0.459952165971005E-10  0.748768657390312E-06
 0.380000E+02  0.792487458403445E-06  0.528434887452388E-10  0.760893632591541E-06
 0.390000E+02  0.354478495041748E-06  0.345473137993284E-10  0.337570870960384E-06
 0.400000E+02  0.425590569752062E-06  0.419474456995280E-10  0.406706332923396E-06
 0.410000E+02  0.207720139568463E-06  0.248330314685159E-10  0.197981754114266E-06
 0.420000E+02  0.160106852976585E-06  0.215917351668556E-10  0.151955233944269E-06
 0.430000E+02  0.158799162358716E-06  0.267094181146895E-10  0.150998087717506E-06
 0.440000E+02  0.677889692008205E-07  0.158710179639323E-10  0.638111394065458E-07
 0.450000E+02  0.793352504269976E-07  0.193028071899487E-10  0.749612961008857E-07
 0.460000E+02  0.400731223765774E-07  0.116223354778180E-10  0.378140869635514E-07
 0.470000E+02  0.294296331310938E-07  0.914727734240556E-11  0.275938253341978E-07
 0.480000E+02  0.286462634148066E-07  0.113134530069378E-10  0.269010071929096E-07
 0.490000E+02  0.118790272802512E-07  0.613003678144084E-11  0.110496116408593E-07
 0.500000E+02  0.134598715325287E-07  0.745538520279512E-11  0.125431138988497E-07
 0.510000E+02  0.697533819481705E-08  0.469008782566619E-11  0.648609189346972E-08
 0.520000E+02  0.487596053150604E-08  0.343581479240088E-11  0.451009215537733E-08
 0.530000E+02  0.465822336081084E-08  0.406910095989560E-11  0.430533539628951E-08
 0.540000E+02  0.191574858824960E-08  0.220408993773821E-11  0.174852608411663E-08
 0.550000E+02  0.208087091792992E-08  0.251351690521270E-11  0.190250582820054E-08
 0.560000E+02  0.108902141223634E-08  0.148131589108892E-11  0.996348045692993E-09
 0.570000E+02  0.745637095951328E-09  0.129507609344601E-11  0.672024560434712E-09
 0.580000E+02  0.686881824269492E-09  0.135430615453379E-11  0.618370042986986E-09
 0.590000E+02  0.281179178839660E-09  0.604539501829175E-12  0.252629407072661E-09
 0.600000E+02  0.308760579562173E-09  0.827235502075211E-12  0.273582693782714E-09
 0.610000E+02  0.149813845370276E-09  0.507437579516464E-12  0.130925059513664E-09
 0.620000E+02  0.136536490071972E-09  0.494264333532704E-12  0.119954822952496E-09
 0.630000E+02  0.159449957418416E-09  0.691413473282320E-12  0.137652153808030E-09
 0.640000E+02  0.308654750868383E-17  0.111789149526286E-18  0.297475835915754E-17
 0.650000E+02  0.000000000000000E+00  0.000000000000000E+00  0.000000000000000E+00
 0.660000E+02  0.000000000000000E+00  0.000000000000000E+00  0.000000000000000E+00
 0.670000E+02  0.000000000000000E+00  0.000000000000000E+00  0.000000000000000E+00
 0.680000E+02  0.000000000000000E+00  0.000000000000000E+00  0.000000000000000E+00
 0.690000E+02  0.000000000000000E+00  0.000000000000000E+00  0.000000000000000E+00
 0.700000E+02  0.000000000000000E+00  0.000000000000000E+00  0.000000000000000E+00
 0.710000E+02  0.000000000000000E+00  0.000000000000000E+00  0.000000000000000E+00
 0.720000E+02  0.000000000000000E+00  0.000000000000000E+00  0.000000000000000E+00
 0.730000E+02  0.000000000000000E+00  0.000000000000000E+00  0.000000000000000E+00
 0.740000E+02  0.000000000000000E+00  0.000000000000000E+00  0.000000000000000E+00
 0.750000E+02  0.000000000000000E+00  0.000000000000000E+00  0.000000000000000E+00
 0.760000E+02  0.000000000000000E+00  0.000000000000000E+00  0.000000000000000E+00
 0.770000E+02  0.000000000000000E+00  0.000000000000000E+00  0.000000000000000E+00
 0.780000E+02  0.000000000000000E+00  0.000000000000000E+00  0.000000000000000E+00
 0.790000E+02  0.000000000000000E+00  0.000000000000000E+00  0.000000000000000E+00
 0.800000E+02  0.000000000000000E+00  0.000000000000000E+00  0.000000000000000E+00
 0.810000E+02  0.000000000000000E+00  0.000000000000000E+00  0.000000000000000E+00
 0.820000E+02  0.000000000000000E+00  0.000000000000000E+00  0.000000000000000E+00
 0.830000E+02  0.000000000000000E+00  0.000000000000000E+00  0.000000000000000E+00
 0.840000E+02  0.000000000000000E+00  0.000000000000000E+00  0.000000000000000E+00
 0.850000E+02  0.000000000000000E+00  0.000000000000000E+00  0.000000000000000E+00
 0.860000E+02  0.000000000000000E+00  0.000000000000000E+00  0.000000000000000E+00
 0.870000E+02  0.000000000000000E+00  0.000000000000000E+00  0.000000000000000E+00
 0.880000E+02  0.000000000000000E+00  0.000000000000000E+00  0.000000000000000E+00
 0.890000E+02  0.000000000000000E+00  0.000000000000000E+00  0.000000000000000E+00
 0.900000E+02  0.000000000000000E+00  0.000000000000000E+00  0.000000000000000E+00
 0.910000E+02  0.000000000000000E+00  0.000000000000000E+00  0.000000000000000E+00
 0.920000E+02  0.000000000000000E+00  0.000000000000000E+00  0.000000000000000E+00
 0.930000E+02  0.000000000000000E+00  0.000000000000000E+00  0.000000000000000E+00
 0.940000E+02  0.000000000000000E+00  0.000000000000000E+00  0.000000000000000E+00
 0.950000E+02  0.000000000000000E+00  0.000000000000000E+00  0.000000000000000E+00
 0.960000E+02  0.000000000000000E+00  0.000000000000000E+00  0.000000000000000E+00
