 0.000000E+00  0.863466165083684E+00  0.491837302658791E+00  0.371628862424894E+00
 0.100000E+01  0.266169291752350E-01  0.162266628005300E-01  0.103902663747050E-01
 0.200000E+01  0.737597324638506E-02  0.446376148989881E-02  0.291221175648625E-02
 0.300000E+01  0.348459808642017E-02  0.212667614394425E-02  0.135792194247591E-02
 0.400000E+01  0.207349083083153E-02  0.136060032180329E-02  0.712890509028235E-03
 0.500000E+01  0.109270641548045E-02  0.762334188524532E-03  0.330372226955915E-03
 0.600000E+01  0.536574974732293E-03  0.355568945422788E-03  0.181006029309505E-03
 0.700000E+01  0.389300592983357E-03  0.262675047881645E-03  0.126625545101712E-03
 0.800000E+01  0.246648023632167E-03  0.167954440463764E-03  0.786935831684032E-04
 0.900000E+01  0.182594518415298E-03  0.131609505928865E-03  0.509850124864331E-04
 0.100000E+02  0.128744330663824E-03  0.927202897488259E-04  0.360240409149980E-04
 0.110000E+02  0.778631270954822E-04  0.538916543745052E-04  0.239714727209770E-04
 0.120000E+02  0.694675387585727E-04  0.494403922346761E-04  0.200271465238966E-04
 0.130000E+02  0.565448551393775E-04  0.445469455358023E-04  0.119979096035752E-04
 0.140000E+02  0.374999016922520E-04  0.261484472720754E-04  0.113514544201765E-04
 0.150000E+02  0.830824209697352E-05  0.581378919627378E-05  0.249445290069974E-05
 0.160000E+02  0.684409195983449E-09  0.684409195983449E-09  0.000000000000000E+00
 0.170000E+02  0.000000000000000E+00  0.000000000000000E+00  0.000000000000000E+00
 0.180000E+02  0.000000000000000E+00  0.000000000000000E+00  0.000000000000000E+00
 0.190000E+02  0.000000000000000E+00  0.000000000000000E+00  0.000000000000000E+00
 0.200000E+02  0.000000000000000E+00  0.000000000000000E+00  0.000000000000000E+00
 0.210000E+02  0.000000000000000E+00  0.000000000000000E+00  0.000000000000000E+00
 0.220000E+02  0.000000000000000E+00  0.000000000000000E+00  0.000000000000000E+00
 0.230000E+02  0.000000000000000E+00  0.000000000000000E+00  0.000000000000000E+00
 0.240000E+02  0.000000000000000E+00  0.000000000000000E+00  0.000000000000000E+00
