 0.000000E+00  0.615115605981271E+00  0.364236345799315E+00  0.250879260181971E+00
 0.100000E+01  0.571458893234066E-03  0.490964843002145E-03  0.804940502319188E-04
 0.200000E+01  0.169028706636133E-06  0.919940544328609E-07  0.770346522032731E-07
 0.300000E+01  0.158851036122273E-09  0.867587295155561E-10  0.720923066067169E-10
 0.400000E+01  0.195879787193414E-12  0.103924895056908E-12  0.919548921365068E-13
 0.500000E+01  0.537111261924026E-15  0.289272117878167E-15  0.247839144045859E-15
 0.600000E+01  0.578225621267425E-16  0.380901594168732E-16  0.197324027098693E-16
 0.700000E+01  0.155699663239675E-16  0.106908471970725E-16  0.487911912689498E-17
 0.800000E+01  0.211488522993120E-16  0.153382114691603E-16  0.581064083015167E-17
 0.900000E+01  0.657944218809513E-17  0.474927270507354E-17  0.183016948302159E-17
 0.100000E+02  0.627133271091796E-17  0.477787748022105E-17  0.149345523069691E-17
 0.110000E+02  0.342466291193748E-17  0.248030944329064E-17  0.944353468646839E-18
 0.120000E+02  0.144054107023297E-16  0.116554405628643E-16  0.274997013946543E-17
 0.130000E+02  0.257053561801604E-17  0.192132998554540E-17  0.649205632470636E-18
 0.140000E+02  0.343770658580082E-17  0.273735151858584E-17  0.700355067214978E-18
 0.150000E+02  0.196682471729818E-17  0.160143966100557E-17  0.365385056292608E-18
 0.160000E+02  0.246055574853073E-18  0.246055574853073E-18  0.000000000000000E+00
 0.170000E+02  0.000000000000000E+00  0.000000000000000E+00  0.000000000000000E+00
 0.180000E+02  0.000000000000000E+00  0.000000000000000E+00  0.000000000000000E+00
 0.190000E+02  0.000000000000000E+00  0.000000000000000E+00  0.000000000000000E+00
 0.200000E+02  0.000000000000000E+00  0.000000000000000E+00  0.000000000000000E+00
 0.210000E+02  0.000000000000000E+00  0.000000000000000E+00  0.000000000000000E+00
 0.220000E+02  0.000000000000000E+00  0.000000000000000E+00  0.000000000000000E+00
 0.230000E+02  0.000000000000000E+00  0.000000000000000E+00  0.000000000000000E+00
 0.240000E+02  0.000000000000000E+00  0.000000000000000E+00  0.000000000000000E+00
