 0.000000E+00  0.766056979475188E+00  0.455407202272541E+00  0.310649777202649E+00
 0.100000E+01  0.287390084122378E-01  0.189582545397688E-01  0.978075387246902E-02
 0.200000E+01  0.663289753352621E-02  0.439123406894069E-02  0.224166346458553E-02
 0.300000E+01  0.283312741313610E-02  0.188047171877739E-02  0.952655694358715E-03
 0.400000E+01  0.158505783234147E-02  0.108624744605026E-02  0.498810386291219E-03
 0.500000E+01  0.603012699339666E-03  0.407543094268094E-03  0.195469605071572E-03
 0.600000E+01  0.319622693669053E-03  0.220407068701909E-03  0.992156249671434E-04
 0.700000E+01  0.167704607755250E-03  0.111440266836877E-03  0.562643409183729E-04
 0.800000E+01  0.959745158732800E-04  0.651971806854439E-04  0.307773351878361E-04
 0.900000E+01  0.551592656633674E-04  0.373818650729885E-04  0.177774005903789E-04
 0.100000E+02  0.332246910530409E-04  0.225428690936740E-04  0.106818219593669E-04
 0.110000E+02  0.211015744016584E-04  0.148832464355153E-04  0.621832796614304E-05
 0.120000E+02  0.114341365325001E-04  0.830828735112396E-05  0.312584918137615E-05
 0.130000E+02  0.554153800913706E-05  0.399541520151891E-05  0.154612280761815E-05
 0.140000E+02  0.271393447406113E-05  0.196933985380915E-05  0.744594620251981E-06
 0.150000E+02  0.103480651757029E-05  0.797289054796455E-06  0.237517462773834E-06
 0.160000E+02  0.307604997029642E-09  0.307604997029642E-09  0.000000000000000E+00
 0.170000E+02  0.000000000000000E+00  0.000000000000000E+00  0.000000000000000E+00
 0.180000E+02  0.000000000000000E+00  0.000000000000000E+00  0.000000000000000E+00
 0.190000E+02  0.000000000000000E+00  0.000000000000000E+00  0.000000000000000E+00
 0.200000E+02  0.000000000000000E+00  0.000000000000000E+00  0.000000000000000E+00
 0.210000E+02  0.000000000000000E+00  0.000000000000000E+00  0.000000000000000E+00
 0.220000E+02  0.000000000000000E+00  0.000000000000000E+00  0.000000000000000E+00
 0.230000E+02  0.000000000000000E+00  0.000000000000000E+00  0.000000000000000E+00
 0.240000E+02  0.000000000000000E+00  0.000000000000000E+00  0.000000000000000E+00
