 0.000000E+00  0.472601705295344E-03  0.000000000000000E+00  0.000000000000000E+00
 0.100000E+01  0.127405637770028E+01  0.108658327419835E+01  0.187124852091074E+00
 0.200000E+01  0.636735902663822E-01  0.334838239359669E-02  0.593477757247456E-01
 0.300000E+01  0.285219254108427E-01  0.231978307340341E-02  0.243766169296578E-01
 0.400000E+01  0.254454602890658E-01  0.782076811447041E-03  0.225894388058805E-01
 0.500000E+01  0.249458525280763E-01  0.895894903806038E-03  0.183821941384394E-01
 0.600000E+01  0.129667932529432E-01  0.510136762159163E-03  0.840400233039418E-02
 0.700000E+01  0.102146242854434E-01  0.567188330890644E-03  0.453710646145566E-02
 0.800000E+01  0.735039394157300E-02  0.482944764089055E-03  0.356458022565675E-02
 0.900000E+01  0.411884034880074E-02  0.306441434257732E-03  0.153070352445184E-02
 0.100000E+02  0.409828941580089E-02  0.192830477491412E-03  0.203679917483157E-02
 0.110000E+02  0.340404837071926E-02  0.137948916581365E-03  0.208338184798151E-02
 0.120000E+02  0.270294775148597E-02  0.115501330547829E-03  0.119159868351915E-02
 0.130000E+02  0.286629236633361E-02  0.880030265406617E-04  0.145085578290249E-02
 0.140000E+02  0.193458221999785E-02  0.585112836741786E-04  0.982802356567447E-03
 0.150000E+02  0.150386123946982E-02  0.468231228247795E-04  0.604067619192072E-03
 0.160000E+02  0.133665416776617E-02  0.354577244713605E-04  0.619712818643592E-03
 0.170000E+02  0.144876856055698E-02  0.361763553144989E-04  0.708142161327530E-03
 0.180000E+02  0.107212951098167E-02  0.151167982067602E-04  0.482621744930967E-03
 0.190000E+02  0.881968153186600E-03  0.116434416275180E-04  0.397647973354176E-03
 0.200000E+02  0.690821307240694E-03  0.110993341972954E-04  0.300603211089268E-03
 0.210000E+02  0.665350058001969E-03  0.132210402976618E-04  0.270702830014624E-03
 0.220000E+02  0.426515042760625E-03  0.576009954622592E-05  0.168601269911139E-03
 0.230000E+02  0.375118096822225E-03  0.511841888960196E-05  0.146236246588938E-03
 0.240000E+02  0.322796348240966E-03  0.421469634373506E-05  0.110604682852733E-03
 0.250000E+02  0.302973626244317E-03  0.423797488817435E-05  0.113782868299050E-03
 0.260000E+02  0.243625918391982E-03  0.363986085596957E-05  0.872182848596914E-04
 0.270000E+02  0.167431065077638E-03  0.256032230937231E-05  0.573260759970662E-04
 0.280000E+02  0.142226085180828E-03  0.184562271756533E-05  0.504106873693427E-04
 0.290000E+02  0.133133957908189E-03  0.199019021768221E-05  0.401641849758633E-04
 0.300000E+02  0.105079617318414E-03  0.155655012356280E-05  0.309096183006355E-04
 0.310000E+02  0.917285140677750E-04  0.135467326281904E-05  0.215712194426530E-04
 0.320000E+02  0.684293244809608E-04  0.112392294589203E-05  0.152816367568753E-04
 0.330000E+02  0.584915258396461E-04  0.995355333131137E-06  0.123403801084443E-04
 0.340000E+02  0.570228577193330E-04  0.883712794389402E-06  0.126759211258737E-04
 0.350000E+02  0.399641392172446E-04  0.498789627680768E-06  0.713109970070826E-05
 0.360000E+02  0.381218154529510E-04  0.417160377690992E-06  0.586481056339544E-05
 0.370000E+02  0.302476698568756E-04  0.373579407837265E-06  0.475769569422899E-05
 0.380000E+02  0.303932181803807E-04  0.329837022520281E-06  0.410811936624178E-05
 0.390000E+02  0.244797144864186E-04  0.259547165418076E-06  0.325267758495562E-05
 0.400000E+02  0.197215290457709E-04  0.193695478870569E-06  0.266330103679442E-05
 0.410000E+02  0.187835354987185E-04  0.190844647286531E-06  0.240053613690706E-05
 0.420000E+02  0.157201261766290E-04  0.193948288701473E-06  0.205520672625498E-05
 0.430000E+02  0.148299516648611E-04  0.153471744622990E-06  0.158823002849307E-05
 0.440000E+02  0.120996150725975E-04  0.115512221774729E-06  0.117735943275373E-05
 0.450000E+02  0.104784251410677E-04  0.929912536888709E-07  0.121177295146118E-05
 0.460000E+02  0.979116718943594E-05  0.860582445789179E-07  0.105663318399583E-05
 0.470000E+02  0.815866650626343E-05  0.753994519023162E-07  0.725663674153859E-06
 0.480000E+02  0.791961172483128E-05  0.855403769432349E-07  0.739216934835148E-06
 0.490000E+02  0.675062454336909E-05  0.556804899808404E-07  0.606663257828367E-06
 0.500000E+02  0.569019225053778E-05  0.405546471836431E-07  0.532858260419034E-06
 0.510000E+02  0.480908659058336E-05  0.311067071995003E-07  0.468096683797249E-06
 0.520000E+02  0.420136606593394E-05  0.287096408958344E-07  0.304451820407303E-06
 0.530000E+02  0.360218130248781E-05  0.298966933516331E-07  0.314302195247732E-06
 0.540000E+02  0.296708753907580E-05  0.202640097608201E-07  0.240308672270887E-06
 0.550000E+02  0.300312233651560E-05  0.219442157017250E-07  0.243783184399092E-06
 0.560000E+02  0.224256750887336E-05  0.185082411969162E-07  0.178745656161447E-06
 0.570000E+02  0.201900496084073E-05  0.170106168545669E-07  0.144993979739978E-06
 0.580000E+02  0.171091067486815E-05  0.151096073039924E-07  0.110567398762520E-06
 0.590000E+02  0.150941845506010E-05  0.155158402301829E-07  0.104646829430849E-06
 0.600000E+02  0.134442035337707E-05  0.127526409035388E-07  0.103510466147754E-06
 0.610000E+02  0.108391340742719E-05  0.168552199979256E-07  0.115467473356542E-06
 0.620000E+02  0.735189157580093E-06  0.139675631115877E-07  0.884757566113831E-07
 0.630000E+02  0.580196529279236E-06  0.204542623484706E-07  0.140063811628943E-06
 0.640000E+02  0.211636107537482E-08  0.491010130395254E-09  0.162535094497956E-08
 0.650000E+02  0.000000000000000E+00  0.000000000000000E+00  0.000000000000000E+00
 0.660000E+02  0.000000000000000E+00  0.000000000000000E+00  0.000000000000000E+00
 0.670000E+02  0.000000000000000E+00  0.000000000000000E+00  0.000000000000000E+00
 0.680000E+02  0.000000000000000E+00  0.000000000000000E+00  0.000000000000000E+00
 0.690000E+02  0.000000000000000E+00  0.000000000000000E+00  0.000000000000000E+00
 0.700000E+02  0.000000000000000E+00  0.000000000000000E+00  0.000000000000000E+00
 0.710000E+02  0.000000000000000E+00  0.000000000000000E+00  0.000000000000000E+00
 0.720000E+02  0.000000000000000E+00  0.000000000000000E+00  0.000000000000000E+00
 0.730000E+02  0.000000000000000E+00  0.000000000000000E+00  0.000000000000000E+00
 0.740000E+02  0.000000000000000E+00  0.000000000000000E+00  0.000000000000000E+00
 0.750000E+02  0.000000000000000E+00  0.000000000000000E+00  0.000000000000000E+00
 0.760000E+02  0.000000000000000E+00  0.000000000000000E+00  0.000000000000000E+00
 0.770000E+02  0.000000000000000E+00  0.000000000000000E+00  0.000000000000000E+00
 0.780000E+02  0.000000000000000E+00  0.000000000000000E+00  0.000000000000000E+00
 0.790000E+02  0.000000000000000E+00  0.000000000000000E+00  0.000000000000000E+00
 0.800000E+02  0.000000000000000E+00  0.000000000000000E+00  0.000000000000000E+00
 0.810000E+02  0.000000000000000E+00  0.000000000000000E+00  0.000000000000000E+00
 0.820000E+02  0.000000000000000E+00  0.000000000000000E+00  0.000000000000000E+00
 0.830000E+02  0.000000000000000E+00  0.000000000000000E+00  0.000000000000000E+00
 0.840000E+02  0.000000000000000E+00  0.000000000000000E+00  0.000000000000000E+00
 0.850000E+02  0.000000000000000E+00  0.000000000000000E+00  0.000000000000000E+00
 0.860000E+02  0.000000000000000E+00  0.000000000000000E+00  0.000000000000000E+00
 0.870000E+02  0.000000000000000E+00  0.000000000000000E+00  0.000000000000000E+00
 0.880000E+02  0.000000000000000E+00  0.000000000000000E+00  0.000000000000000E+00
 0.890000E+02  0.000000000000000E+00  0.000000000000000E+00  0.000000000000000E+00
 0.900000E+02  0.000000000000000E+00  0.000000000000000E+00  0.000000000000000E+00
 0.910000E+02  0.000000000000000E+00  0.000000000000000E+00  0.000000000000000E+00
 0.920000E+02  0.000000000000000E+00  0.000000000000000E+00  0.000000000000000E+00
 0.930000E+02  0.000000000000000E+00  0.000000000000000E+00  0.000000000000000E+00
 0.940000E+02  0.000000000000000E+00  0.000000000000000E+00  0.000000000000000E+00
 0.950000E+02  0.000000000000000E+00  0.000000000000000E+00  0.000000000000000E+00
 0.960000E+02  0.000000000000000E+00  0.000000000000000E+00  0.000000000000000E+00
