 0.100000E+01  0.130737313048256E+01
 0.200000E+01  0.103313529398812E+00
 0.300000E+01  0.281909696378081E-01
 0.400000E+01  0.391597070085751E-01
 0.500000E+01  0.138470947694655E-01
 0.600000E+01  0.980258932770678E-02
 0.700000E+01  0.588407411953469E-02
 0.800000E+01  0.483585436405857E-02
 0.900000E+01  0.463515888302648E-02
 0.100000E+02  0.244847817673700E-02
 0.110000E+02  0.248079309735962E-02
 0.120000E+02  0.200326335679870E-02
 0.130000E+02  0.215105555490979E-02
 0.140000E+02  0.172910555255090E-02
 0.150000E+02  0.125051328655580E-02
 0.160000E+02  0.118932799297336E-02
 0.170000E+02  0.948983997946830E-03
 0.180000E+02  0.809896943278175E-03
 0.190000E+02  0.598344453621376E-03
 0.200000E+02  0.478790607408531E-03
 0.210000E+02  0.473391999613789E-03
 0.220000E+02  0.332784930382855E-03
 0.230000E+02  0.263123805978397E-03
 0.240000E+02  0.244319329225939E-03
 0.250000E+02  0.192732038052031E-03
 0.260000E+02  0.183674398867685E-03
 0.270000E+02  0.145894549445051E-03
 0.280000E+02  0.123326280695818E-03
 0.290000E+02  0.111195439965888E-03
 0.300000E+02  0.102400672856712E-03
 0.310000E+02  0.803396416320815E-04
 0.320000E+02  0.626623384540144E-04
 0.330000E+02  0.556454566927135E-04
 0.340000E+02  0.547420364931840E-04
 0.350000E+02  0.413245302386058E-04
 0.360000E+02  0.369968249960149E-04
 0.370000E+02  0.287640656507792E-04
 0.380000E+02  0.261001190396492E-04
 0.390000E+02  0.207755490273152E-04
 0.400000E+02  0.184289956239065E-04
 0.410000E+02  0.149460016681183E-04
 0.420000E+02  0.123403457519903E-04
 0.430000E+02  0.107620025344272E-04
 0.440000E+02  0.872735420974139E-05
 0.450000E+02  0.763203156815744E-05
 0.460000E+02  0.639652671237875E-05
 0.470000E+02  0.565102399988664E-05
 0.480000E+02  0.468122947799769E-05
 0.490000E+02  0.408963657817766E-05
 0.500000E+02  0.355767998688239E-05
 0.510000E+02  0.297291483968862E-05
 0.520000E+02  0.262813005508216E-05
 0.530000E+02  0.219682180324689E-05
 0.540000E+02  0.182540175076138E-05
 0.550000E+02  0.160372737456909E-05
 0.560000E+02  0.137975489662757E-05
 0.570000E+02  0.125189415663709E-05
 0.580000E+02  0.946727157024564E-06
 0.590000E+02  0.842180724694851E-06
 0.600000E+02  0.681657382215078E-06
 0.610000E+02  0.556545284914373E-06
 0.620000E+02  0.496092357679415E-06
 0.630000E+02  0.327258283910064E-06
 0.640000E+02  0.111756929213422E-06
 0.650000E+02  0.000000000000000E+00
 0.660000E+02  0.000000000000000E+00
 0.670000E+02  0.000000000000000E+00
 0.680000E+02  0.000000000000000E+00
 0.690000E+02  0.000000000000000E+00
 0.700000E+02  0.000000000000000E+00
 0.710000E+02  0.000000000000000E+00
 0.720000E+02  0.000000000000000E+00
 0.730000E+02  0.000000000000000E+00
 0.740000E+02  0.000000000000000E+00
 0.750000E+02  0.000000000000000E+00
 0.760000E+02  0.000000000000000E+00
 0.770000E+02  0.000000000000000E+00
 0.780000E+02  0.000000000000000E+00
 0.790000E+02  0.000000000000000E+00
 0.800000E+02  0.000000000000000E+00
 0.810000E+02  0.000000000000000E+00
 0.820000E+02  0.000000000000000E+00
 0.830000E+02  0.000000000000000E+00
 0.840000E+02  0.000000000000000E+00
 0.850000E+02  0.000000000000000E+00
 0.860000E+02  0.000000000000000E+00
 0.870000E+02  0.000000000000000E+00
 0.880000E+02  0.000000000000000E+00
 0.890000E+02  0.000000000000000E+00
 0.900000E+02  0.000000000000000E+00
 0.910000E+02  0.000000000000000E+00
 0.920000E+02  0.000000000000000E+00
 0.930000E+02  0.000000000000000E+00
 0.940000E+02  0.000000000000000E+00
 0.950000E+02  0.000000000000000E+00
 0.960000E+02  0.000000000000000E+00
 0.970000E+02  0.000000000000000E+00
