 0.100000E+01  0.506052845331977E+00
 0.200000E+01  0.281023290056805E-01
 0.300000E+01  0.352510544220770E-01
 0.400000E+01  0.163847814713925E-01
 0.500000E+01  0.661712969113222E-02
 0.600000E+01  0.705512336758101E-02
 0.700000E+01  0.420796156462318E-02
 0.800000E+01  0.271328509402724E-02
 0.900000E+01  0.274144990267631E-02
 0.100000E+02  0.110561489649708E-02
 0.110000E+02  0.134505350963691E-02
 0.120000E+02  0.559264953601524E-03
 0.130000E+02  0.722681729120374E-03
 0.140000E+02  0.659219645558281E-03
 0.150000E+02  0.400771876699761E-03
 0.160000E+02  0.432046088084132E-03
 0.170000E+02  0.274294981641849E-03
 0.180000E+02  0.180506054859613E-03
 0.190000E+02  0.209731669506951E-03
 0.200000E+02  0.115639135329911E-03
 0.210000E+02  0.137323900189672E-03
 0.220000E+02  0.820646056545808E-04
 0.230000E+02  0.572223594425025E-04
 0.240000E+02  0.670772230757451E-04
 0.250000E+02  0.364764150245443E-04
 0.260000E+02  0.427785724834016E-04
 0.270000E+02  0.264099350579632E-04
 0.280000E+02  0.191439931652601E-04
 0.290000E+02  0.214706231765854E-04
 0.300000E+02  0.116581200251456E-04
 0.310000E+02  0.136104174433163E-04
 0.320000E+02  0.857038838796182E-05
 0.330000E+02  0.627300588924507E-05
 0.340000E+02  0.695838184530914E-05
 0.350000E+02  0.347784286167983E-05
 0.360000E+02  0.417352382700396E-05
 0.370000E+02  0.264573290925516E-05
 0.380000E+02  0.194585051652340E-05
 0.390000E+02  0.199798521856702E-05
 0.400000E+02  0.108908233015670E-05
 0.410000E+02  0.108673102988726E-05
 0.420000E+02  0.739836969115436E-06
 0.430000E+02  0.524357354902708E-06
 0.440000E+02  0.518404066933438E-06
 0.450000E+02  0.281942229065572E-06
 0.460000E+02  0.267252221916945E-06
 0.470000E+02  0.181802423082576E-06
 0.480000E+02  0.124476867032764E-06
 0.490000E+02  0.118534163108055E-06
 0.500000E+02  0.639902642443099E-07
 0.510000E+02  0.584283116129557E-07
 0.520000E+02  0.397896949429209E-07
 0.530000E+02  0.253780287329117E-07
 0.540000E+02  0.240988730983754E-07
 0.550000E+02  0.126794971665960E-07
 0.560000E+02  0.113430828262702E-07
 0.570000E+02  0.805512025888595E-08
 0.580000E+02  0.436408455220891E-08
 0.590000E+02  0.452710375807378E-08
 0.600000E+02  0.242415217850642E-08
 0.610000E+02  0.205349593598148E-08
 0.620000E+02  0.194467897579161E-08
 0.630000E+02  0.669463942125058E-09
 0.640000E+02  0.117563537061829E-08
 0.650000E+02  0.000000000000000E+00
 0.660000E+02  0.000000000000000E+00
 0.670000E+02  0.000000000000000E+00
 0.680000E+02  0.000000000000000E+00
 0.690000E+02  0.000000000000000E+00
 0.700000E+02  0.000000000000000E+00
 0.710000E+02  0.000000000000000E+00
 0.720000E+02  0.000000000000000E+00
 0.730000E+02  0.000000000000000E+00
 0.740000E+02  0.000000000000000E+00
 0.750000E+02  0.000000000000000E+00
 0.760000E+02  0.000000000000000E+00
 0.770000E+02  0.000000000000000E+00
 0.780000E+02  0.000000000000000E+00
 0.790000E+02  0.000000000000000E+00
 0.800000E+02  0.000000000000000E+00
 0.810000E+02  0.000000000000000E+00
 0.820000E+02  0.000000000000000E+00
 0.830000E+02  0.000000000000000E+00
 0.840000E+02  0.000000000000000E+00
 0.850000E+02  0.000000000000000E+00
 0.860000E+02  0.000000000000000E+00
 0.870000E+02  0.000000000000000E+00
 0.880000E+02  0.000000000000000E+00
 0.890000E+02  0.000000000000000E+00
 0.900000E+02  0.000000000000000E+00
 0.910000E+02  0.000000000000000E+00
 0.920000E+02  0.000000000000000E+00
 0.930000E+02  0.000000000000000E+00
 0.940000E+02  0.000000000000000E+00
 0.950000E+02  0.000000000000000E+00
 0.960000E+02  0.000000000000000E+00
 0.970000E+02  0.000000000000000E+00
