 0.100000E+01  0.105477710119819E+01
 0.200000E+01  0.856821556786180E-01
 0.300000E+01  0.359387762669313E-01
 0.400000E+01  0.169756553056468E-01
 0.500000E+01  0.105990628462993E-01
 0.600000E+01  0.857384345362052E-02
 0.700000E+01  0.662182057085294E-02
 0.800000E+01  0.649785310212286E-02
 0.900000E+01  0.542983877908044E-02
 0.100000E+02  0.358038516847990E-02
 0.110000E+02  0.309202544045235E-02
 0.120000E+02  0.267005182842841E-02
 0.130000E+02  0.257031538019253E-02
 0.140000E+02  0.205864770872019E-02
 0.150000E+02  0.152964931563755E-02
 0.160000E+02  0.120149019018512E-02
 0.170000E+02  0.119276639039814E-02
 0.180000E+02  0.836486952471070E-03
 0.190000E+02  0.742633919733959E-03
 0.200000E+02  0.576470151109784E-03
 0.210000E+02  0.531721713701494E-03
 0.220000E+02  0.447702218924651E-03
 0.230000E+02  0.314081662216830E-03
 0.240000E+02  0.272796704118762E-03
 0.250000E+02  0.216818116970415E-03
 0.260000E+02  0.210880832662393E-03
 0.270000E+02  0.153517570790639E-03
 0.280000E+02  0.134243471660941E-03
 0.290000E+02  0.113871033992347E-03
 0.300000E+02  0.952754258121439E-04
 0.310000E+02  0.861418951532209E-04
 0.320000E+02  0.698288896834709E-04
 0.330000E+02  0.571681408029843E-04
 0.340000E+02  0.544149227947011E-04
 0.350000E+02  0.416390008369004E-04
 0.360000E+02  0.380656802308309E-04
 0.370000E+02  0.294460660288432E-04
 0.380000E+02  0.261898403366543E-04
 0.390000E+02  0.219950904505487E-04
 0.400000E+02  0.177630067194970E-04
 0.410000E+02  0.160719927819161E-04
 0.420000E+02  0.133737427234170E-04
 0.430000E+02  0.117447147475931E-04
 0.440000E+02  0.969348134881566E-05
 0.450000E+02  0.856139809282382E-05
 0.460000E+02  0.753010268952002E-05
 0.470000E+02  0.622807370251034E-05
 0.480000E+02  0.555322931879985E-05
 0.490000E+02  0.478567135467033E-05
 0.500000E+02  0.422159199811246E-05
 0.510000E+02  0.359267971689036E-05
 0.520000E+02  0.319846335183351E-05
 0.530000E+02  0.281641259010660E-05
 0.540000E+02  0.233513110135361E-05
 0.550000E+02  0.215655785721203E-05
 0.560000E+02  0.180699685402521E-05
 0.570000E+02  0.162060880040521E-05
 0.580000E+02  0.133452345876448E-05
 0.590000E+02  0.117863313755969E-05
 0.600000E+02  0.962585272531265E-06
 0.610000E+02  0.791186275433546E-06
 0.620000E+02  0.601026153137815E-06
 0.630000E+02  0.347686354932857E-06
 0.640000E+02  0.111559899280624E-06
 0.650000E+02  0.000000000000000E+00
 0.660000E+02  0.000000000000000E+00
 0.670000E+02  0.000000000000000E+00
 0.680000E+02  0.000000000000000E+00
 0.690000E+02  0.000000000000000E+00
 0.700000E+02  0.000000000000000E+00
 0.710000E+02  0.000000000000000E+00
 0.720000E+02  0.000000000000000E+00
 0.730000E+02  0.000000000000000E+00
 0.740000E+02  0.000000000000000E+00
 0.750000E+02  0.000000000000000E+00
 0.760000E+02  0.000000000000000E+00
 0.770000E+02  0.000000000000000E+00
 0.780000E+02  0.000000000000000E+00
 0.790000E+02  0.000000000000000E+00
 0.800000E+02  0.000000000000000E+00
 0.810000E+02  0.000000000000000E+00
 0.820000E+02  0.000000000000000E+00
 0.830000E+02  0.000000000000000E+00
 0.840000E+02  0.000000000000000E+00
 0.850000E+02  0.000000000000000E+00
 0.860000E+02  0.000000000000000E+00
 0.870000E+02  0.000000000000000E+00
 0.880000E+02  0.000000000000000E+00
 0.890000E+02  0.000000000000000E+00
 0.900000E+02  0.000000000000000E+00
 0.910000E+02  0.000000000000000E+00
 0.920000E+02  0.000000000000000E+00
 0.930000E+02  0.000000000000000E+00
 0.940000E+02  0.000000000000000E+00
 0.950000E+02  0.000000000000000E+00
 0.960000E+02  0.000000000000000E+00
 0.970000E+02  0.000000000000000E+00
