 0.000000E+00  0.723184191065563E+00  0.444594948061836E+00  0.278589243003740E+00
 0.100000E+01  0.208145719904501E-03  0.154179692401274E-03  0.539660275032266E-04
 0.200000E+01  0.690092440277110E-07  0.390305151283653E-07  0.299787288993456E-07
 0.300000E+01  0.412728326049199E-10  0.244450652844116E-10  0.168277673205084E-10
 0.400000E+01  0.334377000351608E-13  0.194176659458191E-13  0.140200340893416E-13
 0.500000E+01  0.555123236241835E-16  0.319312690995337E-16  0.235810545246498E-16
 0.600000E+01  0.104719356623019E-16  0.733349522155587E-17  0.313844044074606E-17
 0.700000E+01  0.462580409181932E-17  0.318578685619687E-17  0.144001723562245E-17
 0.800000E+01  0.111740803671527E-16  0.841135705530339E-17  0.276272331184934E-17
 0.900000E+01  0.347637370566705E-17  0.246931845417583E-17  0.100705525149121E-17
 0.100000E+02  0.530522862294831E-17  0.414616001860326E-17  0.115906860434506E-17
 0.110000E+02  0.280265636515136E-17  0.208815798614909E-17  0.714498379002266E-18
 0.120000E+02  0.122011546418111E-16  0.994339149372144E-17  0.225776314808963E-17
 0.130000E+02  0.216753973002064E-17  0.165132524578255E-17  0.516214484238089E-18
 0.140000E+02  0.319557925235322E-17  0.260961414583731E-17  0.585965106515902E-18
 0.150000E+02  0.155944175996947E-17  0.128977624224462E-17  0.269665517724854E-18
 0.160000E+02  0.666170673723469E-20  0.666170673723469E-20  0.000000000000000E+00
 0.170000E+02  0.000000000000000E+00  0.000000000000000E+00  0.000000000000000E+00
 0.180000E+02  0.000000000000000E+00  0.000000000000000E+00  0.000000000000000E+00
 0.190000E+02  0.000000000000000E+00  0.000000000000000E+00  0.000000000000000E+00
 0.200000E+02  0.000000000000000E+00  0.000000000000000E+00  0.000000000000000E+00
 0.210000E+02  0.000000000000000E+00  0.000000000000000E+00  0.000000000000000E+00
 0.220000E+02  0.000000000000000E+00  0.000000000000000E+00  0.000000000000000E+00
 0.230000E+02  0.000000000000000E+00  0.000000000000000E+00  0.000000000000000E+00
 0.240000E+02  0.000000000000000E+00  0.000000000000000E+00  0.000000000000000E+00
