 0.000000E+00  0.563048164570104E-03  0.000000000000000E+00  0.000000000000000E+00
 0.100000E+01  0.309217676876744E+00  0.130046922720783E+00  0.179166113957763E+00
 0.200000E+01  0.380370228833220E-01  0.168250017257700E-10  0.380345972371288E-01
 0.300000E+01  0.501054242367748E-02  0.440872383020738E-10  0.500977577576123E-02
 0.400000E+01  0.162275103234462E-02  0.286510303600541E-10  0.162228291816291E-02
 0.500000E+01  0.943806465587592E-03  0.120754392642453E-09  0.943337379881726E-03
 0.600000E+01  0.117072499238629E-03  0.869495273171780E-10  0.116884617776425E-03
 0.700000E+01  0.652273759751417E-04  0.142206986100519E-09  0.650075623303652E-04
 0.800000E+01  0.113118284946917E-04  0.708271674493434E-10  0.112315612157586E-04
 0.900000E+01  0.416360660859594E-05  0.548331095358250E-10  0.411470763137978E-05
 0.100000E+02  0.160300856396648E-05  0.350201030458442E-10  0.157285216200713E-05
 0.110000E+02  0.280780793814858E-06  0.944956546219464E-11  0.272451548071937E-06
 0.120000E+02  0.161590796521832E-06  0.750607709321605E-11  0.154650848749005E-06
 0.130000E+02  0.282000766970662E-07  0.159692717950612E-11  0.263656651741303E-07
 0.140000E+02  0.115386773273364E-07  0.108086300332728E-11  0.104516457422480E-07
 0.150000E+02  0.366239330291646E-08  0.533217970283628E-12  0.320454831900064E-08
 0.160000E+02  0.887005156824831E-09  0.221514658838189E-12  0.712612649407907E-09
 0.170000E+02  0.426556249984901E-09  0.205284840711920E-12  0.319405482886559E-09
 0.180000E+02  0.929626766540448E-10  0.685927462802432E-13  0.591703556247045E-10
 0.190000E+02  0.471193032347729E-10  0.534594128676826E-13  0.247211113098554E-10
 0.200000E+02  0.145360481168133E-10  0.239875773209253E-13  0.618372489004641E-11
 0.210000E+02  0.541334055271091E-11  0.963830660161909E-14  0.160128488930657E-11
 0.220000E+02  0.247098861903018E-11  0.534627613096319E-14  0.581203477129503E-12
 0.230000E+02  0.742388172086203E-12  0.142780255110400E-14  0.115327230720861E-12
 0.240000E+02  0.471270645816201E-12  0.816969769674823E-15  0.507125883274284E-13
 0.250000E+02  0.143980279996259E-12  0.219250698502077E-15  0.113542591889100E-13
 0.260000E+02  0.692382909823772E-13  0.869537269794142E-16  0.344859277974640E-14
 0.270000E+02  0.280548619605736E-13  0.315071134611581E-16  0.112806150005636E-14
 0.280000E+02  0.955827768353566E-14  0.101256631977779E-16  0.246678423809511E-15
 0.290000E+02  0.644296426277681E-14  0.773958436639923E-17  0.115006350732729E-15
 0.300000E+02  0.180864729105987E-14  0.260614910852817E-17  0.229464960353507E-16
 0.310000E+02  0.962716128604419E-15  0.154568651947521E-17  0.768463818995166E-17
 0.320000E+02  0.344227143045422E-15  0.864617739736294E-18  0.207388238134205E-17
 0.330000E+02  0.148954899951755E-15  0.473462960928226E-18  0.586702812657109E-18
 0.340000E+02  0.628812730815077E-16  0.281907026542112E-18  0.229634473139989E-18
 0.350000E+02  0.229437073440707E-16  0.279521676337326E-18  0.125136421029139E-18
 0.360000E+02  0.131643633534469E-16  0.132609495076253E-18  0.510852677413426E-19
 0.370000E+02  0.453617445415623E-17  0.132873151589015E-18  0.141071815826119E-18
 0.380000E+02  0.218338553287333E-17  0.917754423517246E-19  0.536239663070375E-19
 0.390000E+02  0.902320265057100E-18  0.524518336826934E-19  0.311738818820331E-19
 0.400000E+02  0.413143178672871E-18  0.466514251267214E-19  0.349901334748943E-19
 0.410000E+02  0.272490502965296E-18  0.301155131787955E-19  0.245659991507083E-19
 0.420000E+02  0.125856558951794E-18  0.258027767825859E-19  0.181165208196389E-19
 0.430000E+02  0.146670284951673E-18  0.770786735849070E-19  0.148752117479020E-19
 0.440000E+02  0.104993981079030E-18  0.599009742638985E-19  0.131189701896431E-19
 0.450000E+02  0.107318658398661E-18  0.612412059885052E-19  0.152990471863182E-19
 0.460000E+02  0.966314743957468E-19  0.284944105126850E-19  0.338567182702165E-19
 0.470000E+02  0.180153466440984E-18  0.718314835040764E-19  0.691599011183107E-19
 0.480000E+02  0.945957161921739E-19  0.290926458613866E-19  0.177644352179008E-19
 0.490000E+02  0.190490701238443E-18  0.772136878213229E-19  0.751651600602732E-19
 0.500000E+02  0.103683047535925E-18  0.472529907110284E-19  0.292296505093930E-19
 0.510000E+02  0.805209227912651E-19  0.442092985146320E-19  0.175590109751835E-19
 0.520000E+02  0.429706130341064E-19  0.241860106432639E-19  0.581081849578220E-20
 0.530000E+02  0.458778390101051E-19  0.271408045946136E-19  0.690023831012429E-20
 0.540000E+02  0.758080283016819E-19  0.383679680573132E-19  0.250881702416388E-19
 0.550000E+02  0.321820575240119E-19  0.927478309874393E-20  0.109415293304126E-19
 0.560000E+02  0.625688983850620E-19  0.309826955529590E-19  0.220654288469681E-19
 0.570000E+02  0.387928231930959E-19  0.174899094639719E-19  0.123162849107201E-19
 0.580000E+02  0.747219811379112E-19  0.388239239257833E-19  0.276748775031003E-19
 0.590000E+02  0.870848635680703E-19  0.523447993204950E-19  0.266638173913691E-19
 0.600000E+02  0.328390061483852E-19  0.224219522371076E-19  0.416540276837581E-20
 0.610000E+02  0.773545682156563E-19  0.595305723695949E-19  0.119902810276857E-19
 0.620000E+02  0.488947672342172E-19  0.287973728619053E-19  0.156497677471688E-19
 0.630000E+02  0.399180763887056E-19  0.167263892128870E-19  0.202484473867111E-19
 0.640000E+02  0.108220496178364E-21  0.103298241626221E-21  0.492225455214284E-23
 0.650000E+02  0.000000000000000E+00  0.000000000000000E+00  0.000000000000000E+00
 0.660000E+02  0.000000000000000E+00  0.000000000000000E+00  0.000000000000000E+00
 0.670000E+02  0.000000000000000E+00  0.000000000000000E+00  0.000000000000000E+00
 0.680000E+02  0.000000000000000E+00  0.000000000000000E+00  0.000000000000000E+00
 0.690000E+02  0.000000000000000E+00  0.000000000000000E+00  0.000000000000000E+00
 0.700000E+02  0.000000000000000E+00  0.000000000000000E+00  0.000000000000000E+00
 0.710000E+02  0.000000000000000E+00  0.000000000000000E+00  0.000000000000000E+00
 0.720000E+02  0.000000000000000E+00  0.000000000000000E+00  0.000000000000000E+00
 0.730000E+02  0.000000000000000E+00  0.000000000000000E+00  0.000000000000000E+00
 0.740000E+02  0.000000000000000E+00  0.000000000000000E+00  0.000000000000000E+00
 0.750000E+02  0.000000000000000E+00  0.000000000000000E+00  0.000000000000000E+00
 0.760000E+02  0.000000000000000E+00  0.000000000000000E+00  0.000000000000000E+00
 0.770000E+02  0.000000000000000E+00  0.000000000000000E+00  0.000000000000000E+00
 0.780000E+02  0.000000000000000E+00  0.000000000000000E+00  0.000000000000000E+00
 0.790000E+02  0.000000000000000E+00  0.000000000000000E+00  0.000000000000000E+00
 0.800000E+02  0.000000000000000E+00  0.000000000000000E+00  0.000000000000000E+00
 0.810000E+02  0.000000000000000E+00  0.000000000000000E+00  0.000000000000000E+00
 0.820000E+02  0.000000000000000E+00  0.000000000000000E+00  0.000000000000000E+00
 0.830000E+02  0.000000000000000E+00  0.000000000000000E+00  0.000000000000000E+00
 0.840000E+02  0.000000000000000E+00  0.000000000000000E+00  0.000000000000000E+00
 0.850000E+02  0.000000000000000E+00  0.000000000000000E+00  0.000000000000000E+00
 0.860000E+02  0.000000000000000E+00  0.000000000000000E+00  0.000000000000000E+00
 0.870000E+02  0.000000000000000E+00  0.000000000000000E+00  0.000000000000000E+00
 0.880000E+02  0.000000000000000E+00  0.000000000000000E+00  0.000000000000000E+00
 0.890000E+02  0.000000000000000E+00  0.000000000000000E+00  0.000000000000000E+00
 0.900000E+02  0.000000000000000E+00  0.000000000000000E+00  0.000000000000000E+00
 0.910000E+02  0.000000000000000E+00  0.000000000000000E+00  0.000000000000000E+00
 0.920000E+02  0.000000000000000E+00  0.000000000000000E+00  0.000000000000000E+00
 0.930000E+02  0.000000000000000E+00  0.000000000000000E+00  0.000000000000000E+00
 0.940000E+02  0.000000000000000E+00  0.000000000000000E+00  0.000000000000000E+00
 0.950000E+02  0.000000000000000E+00  0.000000000000000E+00  0.000000000000000E+00
 0.960000E+02  0.000000000000000E+00  0.000000000000000E+00  0.000000000000000E+00
