 0.100000E+01  0.570467550509429E+00
 0.200000E+01  0.313904734643655E-01
 0.300000E+01  0.340682481254083E-01
 0.400000E+01  0.140857545716772E-01
 0.500000E+01  0.801861552199852E-02
 0.600000E+01  0.606733219117700E-02
 0.700000E+01  0.371788098466655E-02
 0.800000E+01  0.250049690475039E-02
 0.900000E+01  0.287849686107878E-02
 0.100000E+02  0.119249309560410E-02
 0.110000E+02  0.156509968840201E-02
 0.120000E+02  0.718193220757269E-03
 0.130000E+02  0.736292660218441E-03
 0.140000E+02  0.739986959857551E-03
 0.150000E+02  0.388567589471815E-03
 0.160000E+02  0.433989590613446E-03
 0.170000E+02  0.288136156450813E-03
 0.180000E+02  0.176807095133070E-03
 0.190000E+02  0.229278590935184E-03
 0.200000E+02  0.115948736615194E-03
 0.210000E+02  0.148858035535966E-03
 0.220000E+02  0.924023644159007E-04
 0.230000E+02  0.637353491941187E-04
 0.240000E+02  0.782647352266974E-04
 0.250000E+02  0.395973068692758E-04
 0.260000E+02  0.496292499707450E-04
 0.270000E+02  0.307696877201623E-04
 0.280000E+02  0.219888994858576E-04
 0.290000E+02  0.249672364850380E-04
 0.300000E+02  0.124841304530114E-04
 0.310000E+02  0.150493415649054E-04
 0.320000E+02  0.928119685619461E-05
 0.330000E+02  0.655447147565251E-05
 0.340000E+02  0.714949485918391E-05
 0.350000E+02  0.336640834193377E-05
 0.360000E+02  0.400872126719986E-05
 0.370000E+02  0.246916231860071E-05
 0.380000E+02  0.172648782729994E-05
 0.390000E+02  0.176427422345966E-05
 0.400000E+02  0.899100453863475E-06
 0.410000E+02  0.898963374587209E-06
 0.420000E+02  0.587374270577031E-06
 0.430000E+02  0.402239225255900E-06
 0.440000E+02  0.393344549974983E-06
 0.450000E+02  0.202987976318542E-06
 0.460000E+02  0.192657609194906E-06
 0.470000E+02  0.125737975130995E-06
 0.480000E+02  0.844874474489583E-07
 0.490000E+02  0.791492769226485E-07
 0.500000E+02  0.413851121966080E-07
 0.510000E+02  0.374460752062712E-07
 0.520000E+02  0.245501440444460E-07
 0.530000E+02  0.156588927350215E-07
 0.540000E+02  0.143393661141528E-07
 0.550000E+02  0.780374140605187E-08
 0.560000E+02  0.649048222926671E-08
 0.570000E+02  0.437020711308469E-08
 0.580000E+02  0.261650800366035E-08
 0.590000E+02  0.230525755665867E-08
 0.600000E+02  0.158643612782786E-08
 0.610000E+02  0.978191492104306E-09
 0.620000E+02  0.897340451794427E-09
 0.630000E+02  0.465015542508944E-09
 0.640000E+02  0.552180107263538E-09
 0.650000E+02  0.000000000000000E+00
 0.660000E+02  0.000000000000000E+00
 0.670000E+02  0.000000000000000E+00
 0.680000E+02  0.000000000000000E+00
 0.690000E+02  0.000000000000000E+00
 0.700000E+02  0.000000000000000E+00
 0.710000E+02  0.000000000000000E+00
 0.720000E+02  0.000000000000000E+00
 0.730000E+02  0.000000000000000E+00
 0.740000E+02  0.000000000000000E+00
 0.750000E+02  0.000000000000000E+00
 0.760000E+02  0.000000000000000E+00
 0.770000E+02  0.000000000000000E+00
 0.780000E+02  0.000000000000000E+00
 0.790000E+02  0.000000000000000E+00
 0.800000E+02  0.000000000000000E+00
 0.810000E+02  0.000000000000000E+00
 0.820000E+02  0.000000000000000E+00
 0.830000E+02  0.000000000000000E+00
 0.840000E+02  0.000000000000000E+00
 0.850000E+02  0.000000000000000E+00
 0.860000E+02  0.000000000000000E+00
 0.870000E+02  0.000000000000000E+00
 0.880000E+02  0.000000000000000E+00
 0.890000E+02  0.000000000000000E+00
 0.900000E+02  0.000000000000000E+00
 0.910000E+02  0.000000000000000E+00
 0.920000E+02  0.000000000000000E+00
 0.930000E+02  0.000000000000000E+00
 0.940000E+02  0.000000000000000E+00
 0.950000E+02  0.000000000000000E+00
 0.960000E+02  0.000000000000000E+00
 0.970000E+02  0.000000000000000E+00
