 0.000000E+00  0.562140175683020E+00  0.232466764597942E+00  0.329673411085090E+00
 0.100000E+01  0.455495581117446E-03  0.300089807692236E-03  0.155405773425209E-03
 0.200000E+01  0.482969675856300E-06  0.250201501728636E-06  0.232768174127663E-06
 0.300000E+01  0.692831696100983E-09  0.389861511528203E-09  0.302970184572777E-09
 0.400000E+01  0.117120104218987E-11  0.688956993364949E-12  0.482244048824925E-12
 0.500000E+01  0.324861941589835E-14  0.186719617532919E-14  0.138142324056916E-14
 0.600000E+01  0.929969525382153E-16  0.627428584598819E-16  0.302540940783335E-16
 0.700000E+01  0.170750459869318E-16  0.118495456539323E-16  0.522550033299949E-17
 0.800000E+01  0.212434683432911E-16  0.156731004700021E-16  0.557036787328901E-17
 0.900000E+01  0.639906271669281E-17  0.456085038420487E-17  0.183821233248794E-17
 0.100000E+02  0.615911365317481E-17  0.467788070938494E-17  0.148123294378987E-17
 0.110000E+02  0.320641016607659E-17  0.235912862437295E-17  0.847281541703635E-18
 0.120000E+02  0.154455014619141E-16  0.124334551856390E-16  0.301204627627510E-17
 0.130000E+02  0.260171424442366E-17  0.193293445196327E-17  0.668779792460389E-18
 0.140000E+02  0.358217362710897E-17  0.287453009111625E-17  0.707643535992721E-18
 0.150000E+02  0.199388137915495E-17  0.163593291030362E-17  0.357948468851324E-18
 0.160000E+02  0.203611722701452E-18  0.203611722701452E-18  0.000000000000000E+00
 0.170000E+02  0.000000000000000E+00  0.000000000000000E+00  0.000000000000000E+00
 0.180000E+02  0.000000000000000E+00  0.000000000000000E+00  0.000000000000000E+00
 0.190000E+02  0.000000000000000E+00  0.000000000000000E+00  0.000000000000000E+00
 0.200000E+02  0.000000000000000E+00  0.000000000000000E+00  0.000000000000000E+00
 0.210000E+02  0.000000000000000E+00  0.000000000000000E+00  0.000000000000000E+00
 0.220000E+02  0.000000000000000E+00  0.000000000000000E+00  0.000000000000000E+00
 0.230000E+02  0.000000000000000E+00  0.000000000000000E+00  0.000000000000000E+00
 0.240000E+02  0.000000000000000E+00  0.000000000000000E+00  0.000000000000000E+00
