 0.100000E+01  0.790250288241337E+00
 0.200000E+01  0.863485871422369E-01
 0.300000E+01  0.242205244676358E-01
 0.400000E+01  0.411282499505201E-01
 0.500000E+01  0.168701897122464E-01
 0.600000E+01  0.715322010219984E-02
 0.700000E+01  0.627648505011535E-02
 0.800000E+01  0.330912626497682E-02
 0.900000E+01  0.428787206495664E-02
 0.100000E+02  0.190045149906266E-02
 0.110000E+02  0.102619899985203E-02
 0.120000E+02  0.897971662258256E-03
 0.130000E+02  0.922441873112363E-03
 0.140000E+02  0.646767857841106E-03
 0.150000E+02  0.418333035707873E-03
 0.160000E+02  0.263651406341486E-03
 0.170000E+02  0.275124386624151E-03
 0.180000E+02  0.144347298076622E-03
 0.190000E+02  0.130685277974649E-03
 0.200000E+02  0.112657914408341E-03
 0.210000E+02  0.831356697287858E-04
 0.220000E+02  0.781220335449346E-04
 0.230000E+02  0.457029058216917E-04
 0.240000E+02  0.348048582750922E-04
 0.250000E+02  0.289704299268177E-04
 0.260000E+02  0.255782429218810E-04
 0.270000E+02  0.174691337214731E-04
 0.280000E+02  0.135718472507093E-04
 0.290000E+02  0.103894643273477E-04
 0.300000E+02  0.822615722930536E-05
 0.310000E+02  0.815957174511819E-05
 0.320000E+02  0.491312288173900E-05
 0.330000E+02  0.393770875615375E-05
 0.340000E+02  0.350523284940807E-05
 0.350000E+02  0.208718904397032E-05
 0.360000E+02  0.219954098609714E-05
 0.370000E+02  0.129203348495404E-05
 0.380000E+02  0.103970796272429E-05
 0.390000E+02  0.893999652723892E-06
 0.400000E+02  0.577424815681482E-06
 0.410000E+02  0.425422583460973E-06
 0.420000E+02  0.329978706710710E-06
 0.430000E+02  0.240541098048555E-06
 0.440000E+02  0.205113549309630E-06
 0.450000E+02  0.133657641386929E-06
 0.460000E+02  0.967343175603661E-07
 0.470000E+02  0.816189306006645E-07
 0.480000E+02  0.598504845778429E-07
 0.490000E+02  0.474662741966073E-07
 0.500000E+02  0.324633565230628E-07
 0.510000E+02  0.235139106172911E-07
 0.520000E+02  0.181940584457103E-07
 0.530000E+02  0.125859424867387E-07
 0.540000E+02  0.105211784694716E-07
 0.550000E+02  0.812379184294013E-08
 0.560000E+02  0.641052256074208E-08
 0.570000E+02  0.544014475779705E-08
 0.580000E+02  0.421383467231284E-08
 0.590000E+02  0.364224701381737E-08
 0.600000E+02  0.303701969524306E-08
 0.610000E+02  0.217944258931066E-08
 0.620000E+02  0.177807917827130E-08
 0.630000E+02  0.142432370464702E-08
 0.640000E+02  0.357967202159373E-09
 0.650000E+02  0.000000000000000E+00
 0.660000E+02  0.000000000000000E+00
 0.670000E+02  0.000000000000000E+00
 0.680000E+02  0.000000000000000E+00
 0.690000E+02  0.000000000000000E+00
 0.700000E+02  0.000000000000000E+00
 0.710000E+02  0.000000000000000E+00
 0.720000E+02  0.000000000000000E+00
 0.730000E+02  0.000000000000000E+00
 0.740000E+02  0.000000000000000E+00
 0.750000E+02  0.000000000000000E+00
 0.760000E+02  0.000000000000000E+00
 0.770000E+02  0.000000000000000E+00
 0.780000E+02  0.000000000000000E+00
 0.790000E+02  0.000000000000000E+00
 0.800000E+02  0.000000000000000E+00
 0.810000E+02  0.000000000000000E+00
 0.820000E+02  0.000000000000000E+00
 0.830000E+02  0.000000000000000E+00
 0.840000E+02  0.000000000000000E+00
 0.850000E+02  0.000000000000000E+00
 0.860000E+02  0.000000000000000E+00
 0.870000E+02  0.000000000000000E+00
 0.880000E+02  0.000000000000000E+00
 0.890000E+02  0.000000000000000E+00
 0.900000E+02  0.000000000000000E+00
 0.910000E+02  0.000000000000000E+00
 0.920000E+02  0.000000000000000E+00
 0.930000E+02  0.000000000000000E+00
 0.940000E+02  0.000000000000000E+00
 0.950000E+02  0.000000000000000E+00
 0.960000E+02  0.000000000000000E+00
 0.970000E+02  0.000000000000000E+00
