 0.100000E+01  0.187775249914888E+00
 0.200000E+01  0.105055631313278E-04
 0.300000E+01  0.262969839668991E-06
 0.400000E+01  0.562768485117762E-08
 0.500000E+01  0.299686460730156E-11
 0.600000E+01  0.658419906850952E-13
 0.700000E+01  0.172547673244202E-15
 0.800000E+01  0.142306779930681E-17
 0.900000E+01  0.249843248639440E-18
 0.100000E+02  0.650617899598046E-19
 0.110000E+02  0.600575384260002E-18
 0.120000E+02  0.683749972130668E-19
 0.130000E+02  0.279570764163230E-18
 0.140000E+02  0.396037265148254E-19
 0.150000E+02  0.706328086077204E-19
 0.160000E+02  0.152350029967664E-19
 0.170000E+02  0.192142537724360E-18
 0.180000E+02  0.992154779817791E-20
 0.190000E+02  0.233445490470567E-19
 0.200000E+02  0.524777041420837E-20
 0.210000E+02  0.845049914742100E-20
 0.220000E+02  0.632922481828087E-20
 0.230000E+02  0.902950813688051E-19
 0.240000E+02  0.923037658881596E-20
 0.250000E+02  0.199133492934021E-18
 0.260000E+02  0.803861721106937E-20
 0.270000E+02  0.695195261979419E-20
 0.280000E+02  0.388577932733599E-20
 0.290000E+02  0.641192525346543E-20
 0.300000E+02  0.513751340733708E-20
 0.310000E+02  0.790645585993410E-19
 0.320000E+02  0.342614457815914E-20
 0.330000E+02  0.116710532417806E-19
 0.340000E+02  0.323506361828401E-20
 0.350000E+02  0.792464986112824E-19
 0.360000E+02  0.296635222685586E-20
 0.370000E+02  0.487911742582947E-19
 0.380000E+02  0.239639609843557E-20
 0.390000E+02  0.594163493792063E-20
 0.400000E+02  0.179605742870948E-20
 0.410000E+02  0.824770351034614E-20
 0.420000E+02  0.206848344436801E-20
 0.430000E+02  0.290018378505596E-20
 0.440000E+02  0.153475943302899E-20
 0.450000E+02  0.144371469876845E-20
 0.460000E+02  0.138629519938812E-20
 0.470000E+02  0.344736489957227E-19
 0.480000E+02  0.255995030951227E-20
 0.490000E+02  0.330530451934371E-19
 0.500000E+02  0.152286855313797E-20
 0.510000E+02  0.105203457464069E-20
 0.520000E+02  0.973021015440838E-21
 0.530000E+02  0.136453353169432E-20
 0.540000E+02  0.104745953253689E-20
 0.550000E+02  0.582249284836832E-20
 0.560000E+02  0.716493271080804E-21
 0.570000E+02  0.505909007161578E-20
 0.580000E+02  0.608369217819799E-21
 0.590000E+02  0.559507907901554E-20
 0.600000E+02  0.794014350452921E-21
 0.610000E+02  0.149193217967104E-19
 0.620000E+02  0.368953702764086E-21
 0.630000E+02  0.213885402693596E-20
 0.640000E+02  0.371459369797242E-22
 0.650000E+02  0.000000000000000E+00
 0.660000E+02  0.000000000000000E+00
 0.670000E+02  0.000000000000000E+00
 0.680000E+02  0.000000000000000E+00
 0.690000E+02  0.000000000000000E+00
 0.700000E+02  0.000000000000000E+00
 0.710000E+02  0.000000000000000E+00
 0.720000E+02  0.000000000000000E+00
 0.730000E+02  0.000000000000000E+00
 0.740000E+02  0.000000000000000E+00
 0.750000E+02  0.000000000000000E+00
 0.760000E+02  0.000000000000000E+00
 0.770000E+02  0.000000000000000E+00
 0.780000E+02  0.000000000000000E+00
 0.790000E+02  0.000000000000000E+00
 0.800000E+02  0.000000000000000E+00
 0.810000E+02  0.000000000000000E+00
 0.820000E+02  0.000000000000000E+00
 0.830000E+02  0.000000000000000E+00
 0.840000E+02  0.000000000000000E+00
 0.850000E+02  0.000000000000000E+00
 0.860000E+02  0.000000000000000E+00
 0.870000E+02  0.000000000000000E+00
 0.880000E+02  0.000000000000000E+00
 0.890000E+02  0.000000000000000E+00
 0.900000E+02  0.000000000000000E+00
 0.910000E+02  0.000000000000000E+00
 0.920000E+02  0.000000000000000E+00
 0.930000E+02  0.000000000000000E+00
 0.940000E+02  0.000000000000000E+00
 0.950000E+02  0.000000000000000E+00
 0.960000E+02  0.000000000000000E+00
 0.970000E+02  0.000000000000000E+00
