 0.000000E+00  0.113115256987876E-02  0.000000000000000E+00  0.000000000000000E+00
 0.100000E+01  0.334184500436919E+00  0.157386879836454E+00  0.176788083277643E+00
 0.200000E+01  0.444025336818088E-01  0.164886425069177E-07  0.443776557222009E-01
 0.300000E+01  0.210021119372038E-01  0.412274048927630E-07  0.209685193403857E-01
 0.400000E+01  0.817057922963644E-02  0.401701944485744E-07  0.813277455017669E-02
 0.500000E+01  0.138389887922152E-01  0.469859268853456E-07  0.137674106372287E-01
 0.600000E+01  0.513746274050862E-02  0.326234258808678E-07  0.509785294525500E-02
 0.700000E+01  0.538042423508370E-02  0.535320248233606E-07  0.532763321323060E-02
 0.800000E+01  0.433547848104334E-02  0.537207505355020E-07  0.428832007739288E-02
 0.900000E+01  0.179977075764856E-02  0.476378668456956E-07  0.176613007633719E-02
 0.100000E+02  0.188660379927278E-02  0.541749333298489E-07  0.185079799137372E-02
 0.110000E+02  0.108877318839798E-02  0.441640292626541E-07  0.106353000037379E-02
 0.120000E+02  0.645052825821843E-03  0.295762679625709E-07  0.626657619691870E-03
 0.130000E+02  0.694950800317707E-03  0.373832497074008E-07  0.673225402624407E-03
 0.140000E+02  0.240614554079407E-03  0.242670456966979E-07  0.231149721480703E-03
 0.150000E+02  0.215453412542103E-03  0.350229830593666E-07  0.205121457030282E-03
 0.160000E+02  0.158488937992048E-03  0.202987201159614E-07  0.150427883138889E-03
 0.170000E+02  0.112486547865380E-03  0.115946204721205E-07  0.105487658701353E-03
 0.180000E+02  0.883397240705671E-04  0.104618689635884E-07  0.833025218020787E-04
 0.190000E+02  0.446276631171269E-04  0.627749410168476E-08  0.414670593950918E-04
 0.200000E+02  0.324672984033202E-04  0.591508577538137E-08  0.300243065976592E-04
 0.210000E+02  0.385502106199751E-04  0.520283809295159E-08  0.358436664631427E-04
 0.220000E+02  0.164523962278849E-04  0.324093358582277E-08  0.151317477629244E-04
 0.230000E+02  0.171518663720426E-04  0.248069614431519E-08  0.157657568789088E-04
 0.240000E+02  0.127845408405484E-04  0.161838480477437E-08  0.118935786212645E-04
 0.250000E+02  0.878907326920361E-05  0.129135666624263E-08  0.801908714307731E-05
 0.260000E+02  0.899223252735723E-05  0.996311001362460E-09  0.828646411903549E-05
 0.270000E+02  0.388784832883059E-05  0.556675746575404E-09  0.352464242667324E-05
 0.280000E+02  0.361867423705145E-05  0.576080770027091E-09  0.326012153043976E-05
 0.290000E+02  0.317534052278177E-05  0.329418906805626E-09  0.289453677377355E-05
 0.300000E+02  0.248122942353308E-05  0.315193325750914E-09  0.225553197851756E-05
 0.310000E+02  0.198841397885434E-05  0.217860614017532E-09  0.180129815711097E-05
 0.320000E+02  0.108162729285874E-05  0.166504705918019E-09  0.978229236153866E-06
 0.330000E+02  0.748121389003993E-06  0.114857163693261E-09  0.663677370290931E-06
 0.340000E+02  0.880952485798972E-06  0.152311151247791E-09  0.791985374788308E-06
 0.350000E+02  0.335969046252880E-06  0.707554798915210E-10  0.296605580765494E-06
 0.360000E+02  0.341800405486977E-06  0.798308409390741E-10  0.301053746098667E-06
 0.370000E+02  0.229846250263495E-06  0.690606606670510E-10  0.204492837495277E-06
 0.380000E+02  0.164090601143818E-06  0.573277038611415E-10  0.143286989521914E-06
 0.390000E+02  0.143056448873849E-06  0.571739914670214E-10  0.126265195628757E-06
 0.400000E+02  0.629676254860294E-07  0.307036832413308E-10  0.548377486968085E-07
 0.410000E+02  0.497992349435344E-07  0.265827765228313E-10  0.425951317503524E-07
 0.420000E+02  0.363839855983217E-07  0.263664830783483E-10  0.312819509272292E-07
 0.430000E+02  0.286393986916685E-07  0.230424072654283E-10  0.247662137192929E-07
 0.440000E+02  0.188698862818970E-07  0.191478399074227E-10  0.160287394984145E-07
 0.450000E+02  0.993766609141536E-08  0.123545771552771E-10  0.841647043868939E-08
 0.460000E+02  0.684882803466811E-08  0.932960010225336E-11  0.568294039698604E-08
 0.470000E+02  0.464570734699301E-08  0.729614095253580E-11  0.382853682907827E-08
 0.480000E+02  0.399759574483020E-08  0.772661943175895E-11  0.336414352345500E-08
 0.490000E+02  0.205402427772368E-08  0.452311660871373E-11  0.165959957140142E-08
 0.500000E+02  0.122074341908441E-08  0.354864386974220E-11  0.986128204552158E-09
 0.510000E+02  0.910250705101537E-09  0.282081563977338E-11  0.722240330727148E-09
 0.520000E+02  0.457579862133772E-09  0.169735266614171E-11  0.356520174126918E-09
 0.530000E+02  0.436711062484564E-09  0.188746715638331E-11  0.346484133676769E-09
 0.540000E+02  0.201259886071969E-09  0.963015175319087E-12  0.152751514707338E-09
 0.550000E+02  0.125633411672673E-09  0.766183908878064E-12  0.931890958128807E-10
 0.560000E+02  0.959521997110972E-10  0.680409091141544E-12  0.722282980752423E-10
 0.570000E+02  0.532180731347008E-10  0.431612336506835E-12  0.383211409587662E-10
 0.580000E+02  0.270264918706753E-10  0.276098441708340E-12  0.187840976162977E-10
 0.590000E+02  0.189450108045451E-10  0.220028707097279E-12  0.125822311454710E-10
 0.600000E+02  0.117198833880142E-10  0.152799678294499E-12  0.792271191005771E-11
 0.610000E+02  0.899123357581789E-11  0.143229537467741E-12  0.572787548480476E-11
 0.620000E+02  0.424285632856868E-11  0.871891199780243E-13  0.245602791729446E-11
 0.630000E+02  0.552118492538255E-11  0.117154247964044E-12  0.321667915159817E-11
 0.640000E+02  0.631298803957430E-19  0.173627873201317E-19  0.457670930756114E-19
 0.650000E+02  0.000000000000000E+00  0.000000000000000E+00  0.000000000000000E+00
 0.660000E+02  0.000000000000000E+00  0.000000000000000E+00  0.000000000000000E+00
 0.670000E+02  0.000000000000000E+00  0.000000000000000E+00  0.000000000000000E+00
 0.680000E+02  0.000000000000000E+00  0.000000000000000E+00  0.000000000000000E+00
 0.690000E+02  0.000000000000000E+00  0.000000000000000E+00  0.000000000000000E+00
 0.700000E+02  0.000000000000000E+00  0.000000000000000E+00  0.000000000000000E+00
 0.710000E+02  0.000000000000000E+00  0.000000000000000E+00  0.000000000000000E+00
 0.720000E+02  0.000000000000000E+00  0.000000000000000E+00  0.000000000000000E+00
 0.730000E+02  0.000000000000000E+00  0.000000000000000E+00  0.000000000000000E+00
 0.740000E+02  0.000000000000000E+00  0.000000000000000E+00  0.000000000000000E+00
 0.750000E+02  0.000000000000000E+00  0.000000000000000E+00  0.000000000000000E+00
 0.760000E+02  0.000000000000000E+00  0.000000000000000E+00  0.000000000000000E+00
 0.770000E+02  0.000000000000000E+00  0.000000000000000E+00  0.000000000000000E+00
 0.780000E+02  0.000000000000000E+00  0.000000000000000E+00  0.000000000000000E+00
 0.790000E+02  0.000000000000000E+00  0.000000000000000E+00  0.000000000000000E+00
 0.800000E+02  0.000000000000000E+00  0.000000000000000E+00  0.000000000000000E+00
 0.810000E+02  0.000000000000000E+00  0.000000000000000E+00  0.000000000000000E+00
 0.820000E+02  0.000000000000000E+00  0.000000000000000E+00  0.000000000000000E+00
 0.830000E+02  0.000000000000000E+00  0.000000000000000E+00  0.000000000000000E+00
 0.840000E+02  0.000000000000000E+00  0.000000000000000E+00  0.000000000000000E+00
 0.850000E+02  0.000000000000000E+00  0.000000000000000E+00  0.000000000000000E+00
 0.860000E+02  0.000000000000000E+00  0.000000000000000E+00  0.000000000000000E+00
 0.870000E+02  0.000000000000000E+00  0.000000000000000E+00  0.000000000000000E+00
 0.880000E+02  0.000000000000000E+00  0.000000000000000E+00  0.000000000000000E+00
 0.890000E+02  0.000000000000000E+00  0.000000000000000E+00  0.000000000000000E+00
 0.900000E+02  0.000000000000000E+00  0.000000000000000E+00  0.000000000000000E+00
 0.910000E+02  0.000000000000000E+00  0.000000000000000E+00  0.000000000000000E+00
 0.920000E+02  0.000000000000000E+00  0.000000000000000E+00  0.000000000000000E+00
 0.930000E+02  0.000000000000000E+00  0.000000000000000E+00  0.000000000000000E+00
 0.940000E+02  0.000000000000000E+00  0.000000000000000E+00  0.000000000000000E+00
 0.950000E+02  0.000000000000000E+00  0.000000000000000E+00  0.000000000000000E+00
 0.960000E+02  0.000000000000000E+00  0.000000000000000E+00  0.000000000000000E+00
