 0.000000E+00  0.589958974670345E-03  0.000000000000000E+00  0.000000000000000E+00
 0.100000E+01  0.439071150087596E+00  0.265131532971282E+00  0.173847933183424E+00
 0.200000E+01  0.661691593941805E-01  0.205769566673553E-02  0.633012643957045E-01
 0.300000E+01  0.217587299723126E-01  0.143499182786400E-02  0.184508943602850E-01
 0.400000E+01  0.264604553627170E-01  0.762821631724364E-03  0.229509980053990E-01
 0.500000E+01  0.260975044201250E-01  0.144087301185891E-02  0.210522016750474E-01
 0.600000E+01  0.117480349322726E-01  0.428321506490192E-03  0.869769876953796E-02
 0.700000E+01  0.123924831398897E-01  0.343197250288085E-03  0.886760717094148E-02
 0.800000E+01  0.610423097265282E-02  0.344809136734625E-03  0.303233688913451E-02
 0.900000E+01  0.372224811635420E-02  0.326341111019701E-03  0.134343071189846E-02
 0.100000E+02  0.486810601916224E-02  0.185406292160906E-03  0.276340749573123E-02
 0.110000E+02  0.260583025953338E-02  0.175790736449244E-03  0.120219290535317E-02
 0.120000E+02  0.263301783214208E-02  0.107893886386989E-03  0.116452689191249E-02
 0.130000E+02  0.201296776138642E-02  0.108949605536424E-03  0.724346030683165E-03
 0.140000E+02  0.133580204281750E-02  0.426182531700903E-04  0.487128911736079E-03
 0.150000E+02  0.121995300949592E-02  0.342075935044761E-04  0.513608878506489E-03
 0.160000E+02  0.853370002725393E-03  0.256748631368708E-04  0.297502723682896E-03
 0.170000E+02  0.787455352068285E-03  0.221734420184916E-04  0.244293964055231E-03
 0.180000E+02  0.598317053462929E-03  0.220893096143371E-04  0.191600228341748E-03
 0.190000E+02  0.408836176457507E-03  0.143059170240323E-04  0.937358880985784E-04
 0.200000E+02  0.373265711339986E-03  0.783212996302574E-05  0.122154335067570E-03
 0.210000E+02  0.330961342935198E-03  0.123982202393513E-04  0.773638942346278E-04
 0.220000E+02  0.252231180949524E-03  0.634878301841724E-05  0.631760719427277E-04
 0.230000E+02  0.220916495352086E-03  0.589229796243984E-05  0.570818688350183E-04
 0.240000E+02  0.180631421592759E-03  0.497065163403230E-05  0.391892529834070E-04
 0.250000E+02  0.178672073115573E-03  0.397100945945250E-05  0.426996110707845E-04
 0.260000E+02  0.137733543238284E-03  0.246643792987944E-05  0.243295535311550E-04
 0.270000E+02  0.106183159085775E-03  0.176265498212994E-05  0.218325919045803E-04
 0.280000E+02  0.880296427650328E-04  0.181960473533138E-05  0.166015815742937E-04
 0.290000E+02  0.818989495422592E-04  0.170429174754794E-05  0.128078694958123E-04
 0.300000E+02  0.684181533121316E-04  0.193320165153832E-05  0.122568066176568E-04
 0.310000E+02  0.583035157785542E-04  0.143036482200265E-05  0.762049872593887E-05
 0.320000E+02  0.440818417498530E-04  0.118803497927561E-05  0.489153289512378E-05
 0.330000E+02  0.385491562013889E-04  0.100812334986921E-05  0.465969997926613E-05
 0.340000E+02  0.352010422066199E-04  0.922844193796887E-06  0.399578412404490E-05
 0.350000E+02  0.274876329757947E-04  0.648324080757684E-06  0.375663421346706E-05
 0.360000E+02  0.249953091568571E-04  0.543685904529339E-06  0.244109840065541E-05
 0.370000E+02  0.210503242180541E-04  0.425529535861419E-06  0.218323731919490E-05
 0.380000E+02  0.192397777181802E-04  0.381792038228225E-06  0.192271744142367E-05
 0.390000E+02  0.152234081056460E-04  0.278281298608796E-06  0.143956909833855E-05
 0.400000E+02  0.126449059185101E-04  0.221634899249396E-06  0.103666458330792E-05
 0.410000E+02  0.118606020697292E-04  0.237357430240399E-06  0.746061040661494E-06
 0.420000E+02  0.961216459728503E-05  0.145193236936875E-06  0.550950763287747E-06
 0.430000E+02  0.920276601410027E-05  0.156589673408264E-06  0.495048309102908E-06
 0.440000E+02  0.748905655480653E-05  0.117840668502692E-06  0.430559111789575E-06
 0.450000E+02  0.640052115442435E-05  0.103557242852118E-06  0.402494925558911E-06
 0.460000E+02  0.572447466794359E-05  0.978452114677730E-07  0.314211222089689E-06
 0.470000E+02  0.459166214478726E-05  0.614260441695463E-07  0.313598858086434E-06
 0.480000E+02  0.433764785568305E-05  0.665427270691871E-07  0.266803292512871E-06
 0.490000E+02  0.362766748629270E-05  0.488904432040856E-07  0.172470562751631E-06
 0.500000E+02  0.327981714222281E-05  0.540119637241701E-07  0.179114991161883E-06
 0.510000E+02  0.282359602223244E-05  0.403785270352165E-07  0.134175380685610E-06
 0.520000E+02  0.244129153532360E-05  0.313578244429819E-07  0.112842474404721E-06
 0.530000E+02  0.209094419065801E-05  0.275913502331498E-07  0.108620459907864E-06
 0.540000E+02  0.181797376747847E-05  0.203796859724579E-07  0.812529571590998E-07
 0.550000E+02  0.168394558390877E-05  0.221551778777302E-07  0.858082006772640E-07
 0.560000E+02  0.135357845021117E-05  0.145076219897885E-07  0.638451764164993E-07
 0.570000E+02  0.124181833885088E-05  0.155061492126225E-07  0.626127643849148E-07
 0.580000E+02  0.103081573326207E-05  0.139500211288592E-07  0.426665259845894E-07
 0.590000E+02  0.913962112238348E-06  0.133236491786868E-07  0.509611076336929E-07
 0.600000E+02  0.819504785949300E-06  0.149055337254000E-07  0.413863632653779E-07
 0.610000E+02  0.622650570889908E-06  0.140263369888542E-07  0.474619056209380E-07
 0.620000E+02  0.491418250195350E-06  0.172709556557903E-07  0.536713594978012E-07
 0.630000E+02  0.265326633194759E-06  0.170266942060599E-07  0.529147304062199E-07
 0.640000E+02  0.670991592149894E-09  0.840900717113957E-10  0.586901520438499E-09
 0.650000E+02  0.000000000000000E+00  0.000000000000000E+00  0.000000000000000E+00
 0.660000E+02  0.000000000000000E+00  0.000000000000000E+00  0.000000000000000E+00
 0.670000E+02  0.000000000000000E+00  0.000000000000000E+00  0.000000000000000E+00
 0.680000E+02  0.000000000000000E+00  0.000000000000000E+00  0.000000000000000E+00
 0.690000E+02  0.000000000000000E+00  0.000000000000000E+00  0.000000000000000E+00
 0.700000E+02  0.000000000000000E+00  0.000000000000000E+00  0.000000000000000E+00
 0.710000E+02  0.000000000000000E+00  0.000000000000000E+00  0.000000000000000E+00
 0.720000E+02  0.000000000000000E+00  0.000000000000000E+00  0.000000000000000E+00
 0.730000E+02  0.000000000000000E+00  0.000000000000000E+00  0.000000000000000E+00
 0.740000E+02  0.000000000000000E+00  0.000000000000000E+00  0.000000000000000E+00
 0.750000E+02  0.000000000000000E+00  0.000000000000000E+00  0.000000000000000E+00
 0.760000E+02  0.000000000000000E+00  0.000000000000000E+00  0.000000000000000E+00
 0.770000E+02  0.000000000000000E+00  0.000000000000000E+00  0.000000000000000E+00
 0.780000E+02  0.000000000000000E+00  0.000000000000000E+00  0.000000000000000E+00
 0.790000E+02  0.000000000000000E+00  0.000000000000000E+00  0.000000000000000E+00
 0.800000E+02  0.000000000000000E+00  0.000000000000000E+00  0.000000000000000E+00
 0.810000E+02  0.000000000000000E+00  0.000000000000000E+00  0.000000000000000E+00
 0.820000E+02  0.000000000000000E+00  0.000000000000000E+00  0.000000000000000E+00
 0.830000E+02  0.000000000000000E+00  0.000000000000000E+00  0.000000000000000E+00
 0.840000E+02  0.000000000000000E+00  0.000000000000000E+00  0.000000000000000E+00
 0.850000E+02  0.000000000000000E+00  0.000000000000000E+00  0.000000000000000E+00
 0.860000E+02  0.000000000000000E+00  0.000000000000000E+00  0.000000000000000E+00
 0.870000E+02  0.000000000000000E+00  0.000000000000000E+00  0.000000000000000E+00
 0.880000E+02  0.000000000000000E+00  0.000000000000000E+00  0.000000000000000E+00
 0.890000E+02  0.000000000000000E+00  0.000000000000000E+00  0.000000000000000E+00
 0.900000E+02  0.000000000000000E+00  0.000000000000000E+00  0.000000000000000E+00
 0.910000E+02  0.000000000000000E+00  0.000000000000000E+00  0.000000000000000E+00
 0.920000E+02  0.000000000000000E+00  0.000000000000000E+00  0.000000000000000E+00
 0.930000E+02  0.000000000000000E+00  0.000000000000000E+00  0.000000000000000E+00
 0.940000E+02  0.000000000000000E+00  0.000000000000000E+00  0.000000000000000E+00
 0.950000E+02  0.000000000000000E+00  0.000000000000000E+00  0.000000000000000E+00
 0.960000E+02  0.000000000000000E+00  0.000000000000000E+00  0.000000000000000E+00
