 0.000000E+00  0.677832136800969E-03  0.000000000000000E+00  0.000000000000000E+00
 0.100000E+01  0.665702554140944E+00  0.482319863702287E+00  0.183347572572529E+00
 0.200000E+01  0.995496897516736E-01  0.205921658198349E-02  0.970963125291746E-01
 0.300000E+01  0.282416157005375E-01  0.192977827964569E-02  0.249096550833201E-01
 0.400000E+01  0.192634121070472E-01  0.170934328923522E-02  0.153928752688444E-01
 0.500000E+01  0.262580977349858E-01  0.119616536539979E-02  0.210246535480110E-01
 0.600000E+01  0.123507846926997E-01  0.518108501523784E-03  0.819999350915168E-02
 0.700000E+01  0.105977275567187E-01  0.437939449511759E-03  0.588715575077003E-02
 0.800000E+01  0.101391080291765E-01  0.338259774764538E-03  0.570809342045209E-02
 0.900000E+01  0.589356322407769E-02  0.266730899340928E-03  0.225664526954006E-02
 0.100000E+02  0.598582774353043E-02  0.236041892684113E-03  0.220720131477492E-02
 0.110000E+02  0.363183576800699E-02  0.166535144163760E-03  0.128945860612362E-02
 0.120000E+02  0.351937645441583E-02  0.145938685193414E-03  0.104875455038034E-02
 0.130000E+02  0.313701902849236E-02  0.119645743607677E-03  0.111906596343658E-02
 0.140000E+02  0.180025388142052E-02  0.659939383851338E-04  0.375198779146935E-03
 0.150000E+02  0.155560438889201E-02  0.420905798232951E-04  0.390417381424868E-03
 0.160000E+02  0.129835066814999E-02  0.398274284485467E-04  0.349946735392237E-03
 0.170000E+02  0.115928443140817E-02  0.491620573741525E-04  0.282341016539789E-03
 0.180000E+02  0.876793294946253E-03  0.349403419122041E-04  0.190202284635177E-03
 0.190000E+02  0.630677291022467E-03  0.333901815756654E-04  0.995211243211003E-04
 0.200000E+02  0.503595535366840E-03  0.209968531141858E-04  0.774957508141716E-04
 0.210000E+02  0.515540781010431E-03  0.269170493225890E-04  0.104683395586669E-03
 0.220000E+02  0.349247926072522E-03  0.141695934182950E-04  0.528803139017708E-04
 0.230000E+02  0.311387379828277E-03  0.129183698406032E-04  0.537413695309574E-04
 0.240000E+02  0.268791082845213E-03  0.119999539377885E-04  0.387531660537843E-04
 0.250000E+02  0.228697119421288E-03  0.957970957016219E-05  0.288465416655725E-04
 0.260000E+02  0.198706470197469E-03  0.711864371089055E-05  0.261959101186399E-04
 0.270000E+02  0.144163308079381E-03  0.406411345179811E-05  0.126735436265513E-04
 0.280000E+02  0.122801065844736E-03  0.238718805151833E-05  0.104019134071764E-04
 0.290000E+02  0.124566779650566E-03  0.282016358989397E-05  0.841785592569505E-05
 0.300000E+02  0.104549772671751E-03  0.235226155414353E-05  0.582631503165398E-05
 0.310000E+02  0.895493059245597E-04  0.219596727899646E-05  0.507369835350824E-05
 0.320000E+02  0.710022703261105E-04  0.142655503012137E-05  0.345057130686846E-05
 0.330000E+02  0.641892522135742E-04  0.134837219783589E-05  0.306419278785913E-05
 0.340000E+02  0.618506027272374E-04  0.133297575396346E-05  0.341014690648754E-05
 0.350000E+02  0.483841034056061E-04  0.946243721794415E-06  0.212212262829317E-05
 0.360000E+02  0.471540362169301E-04  0.832783656843500E-06  0.216372446300989E-05
 0.370000E+02  0.404153160198288E-04  0.550484980585408E-06  0.195287089992807E-05
 0.380000E+02  0.371687299063269E-04  0.566691892434426E-06  0.200656821841907E-05
 0.390000E+02  0.303729849589944E-04  0.325356162134312E-06  0.149445782960528E-05
 0.400000E+02  0.244527574878288E-04  0.291551401304310E-06  0.100318292325409E-05
 0.410000E+02  0.244423196158548E-04  0.268119693835889E-06  0.941807078899334E-06
 0.420000E+02  0.205387743733091E-04  0.224208547977556E-06  0.828527150246658E-06
 0.430000E+02  0.179257590228205E-04  0.222594592308358E-06  0.748439212630960E-06
 0.440000E+02  0.152876591500001E-04  0.228494723439852E-06  0.663753068237682E-06
 0.450000E+02  0.133318105035841E-04  0.232175477233622E-06  0.602023233368942E-06
 0.460000E+02  0.128119917675803E-04  0.229125731747524E-06  0.531299443734010E-06
 0.470000E+02  0.994219846602920E-05  0.256330008397039E-06  0.429922365614366E-06
 0.480000E+02  0.965734882647788E-05  0.198095743611472E-06  0.466279409284086E-06
 0.490000E+02  0.867113852878785E-05  0.160680740460880E-06  0.307147038081264E-06
 0.500000E+02  0.735663217255060E-05  0.144141411972725E-06  0.335306951379424E-06
 0.510000E+02  0.658268147836202E-05  0.121137686935049E-06  0.289017745174792E-06
 0.520000E+02  0.582919688393697E-05  0.788605468966894E-07  0.201824871468026E-06
 0.530000E+02  0.508422683734689E-05  0.696943439378712E-07  0.193077752430257E-06
 0.540000E+02  0.441543449796328E-05  0.528818164472877E-07  0.160019161978291E-06
 0.550000E+02  0.493382514962770E-05  0.621460327744150E-07  0.153368161112406E-06
 0.560000E+02  0.358616876489335E-05  0.578184150951642E-07  0.160834432084110E-06
 0.570000E+02  0.381699837914586E-05  0.577502197380338E-07  0.140596966910402E-06
 0.580000E+02  0.315518262633886E-05  0.614301315710248E-07  0.110197902024843E-06
 0.590000E+02  0.267409016550869E-05  0.776968621019107E-07  0.136225897249881E-06
 0.600000E+02  0.259607182528577E-05  0.928485943952858E-07  0.164295022589888E-06
 0.610000E+02  0.211246480330221E-05  0.732669503956173E-07  0.179819085219788E-06
 0.620000E+02  0.158400474318829E-05  0.778558298229843E-07  0.159365943899759E-06
 0.630000E+02  0.107871576950195E-05  0.142521023460487E-06  0.236562364383281E-06
 0.640000E+02  0.459854646766081E-09  0.651669744642508E-10  0.394687672301830E-09
 0.650000E+02  0.000000000000000E+00  0.000000000000000E+00  0.000000000000000E+00
 0.660000E+02  0.000000000000000E+00  0.000000000000000E+00  0.000000000000000E+00
 0.670000E+02  0.000000000000000E+00  0.000000000000000E+00  0.000000000000000E+00
 0.680000E+02  0.000000000000000E+00  0.000000000000000E+00  0.000000000000000E+00
 0.690000E+02  0.000000000000000E+00  0.000000000000000E+00  0.000000000000000E+00
 0.700000E+02  0.000000000000000E+00  0.000000000000000E+00  0.000000000000000E+00
 0.710000E+02  0.000000000000000E+00  0.000000000000000E+00  0.000000000000000E+00
 0.720000E+02  0.000000000000000E+00  0.000000000000000E+00  0.000000000000000E+00
 0.730000E+02  0.000000000000000E+00  0.000000000000000E+00  0.000000000000000E+00
 0.740000E+02  0.000000000000000E+00  0.000000000000000E+00  0.000000000000000E+00
 0.750000E+02  0.000000000000000E+00  0.000000000000000E+00  0.000000000000000E+00
 0.760000E+02  0.000000000000000E+00  0.000000000000000E+00  0.000000000000000E+00
 0.770000E+02  0.000000000000000E+00  0.000000000000000E+00  0.000000000000000E+00
 0.780000E+02  0.000000000000000E+00  0.000000000000000E+00  0.000000000000000E+00
 0.790000E+02  0.000000000000000E+00  0.000000000000000E+00  0.000000000000000E+00
 0.800000E+02  0.000000000000000E+00  0.000000000000000E+00  0.000000000000000E+00
 0.810000E+02  0.000000000000000E+00  0.000000000000000E+00  0.000000000000000E+00
 0.820000E+02  0.000000000000000E+00  0.000000000000000E+00  0.000000000000000E+00
 0.830000E+02  0.000000000000000E+00  0.000000000000000E+00  0.000000000000000E+00
 0.840000E+02  0.000000000000000E+00  0.000000000000000E+00  0.000000000000000E+00
 0.850000E+02  0.000000000000000E+00  0.000000000000000E+00  0.000000000000000E+00
 0.860000E+02  0.000000000000000E+00  0.000000000000000E+00  0.000000000000000E+00
 0.870000E+02  0.000000000000000E+00  0.000000000000000E+00  0.000000000000000E+00
 0.880000E+02  0.000000000000000E+00  0.000000000000000E+00  0.000000000000000E+00
 0.890000E+02  0.000000000000000E+00  0.000000000000000E+00  0.000000000000000E+00
 0.900000E+02  0.000000000000000E+00  0.000000000000000E+00  0.000000000000000E+00
 0.910000E+02  0.000000000000000E+00  0.000000000000000E+00  0.000000000000000E+00
 0.920000E+02  0.000000000000000E+00  0.000000000000000E+00  0.000000000000000E+00
 0.930000E+02  0.000000000000000E+00  0.000000000000000E+00  0.000000000000000E+00
 0.940000E+02  0.000000000000000E+00  0.000000000000000E+00  0.000000000000000E+00
 0.950000E+02  0.000000000000000E+00  0.000000000000000E+00  0.000000000000000E+00
 0.960000E+02  0.000000000000000E+00  0.000000000000000E+00  0.000000000000000E+00
