 0.100000E+01  0.356176645707007E-01
 0.200000E+01  0.332073323423020E-08
 0.300000E+01  0.166358142634593E-11
 0.400000E+01  0.918825548959291E-15
 0.500000E+01  0.727349076307658E-20
 0.600000E+01  0.533671523140558E-21
 0.700000E+01  0.247441505204508E-20
 0.800000E+01  0.118055732853911E-21
 0.900000E+01  0.136253429621137E-20
 0.100000E+02  0.218004953581282E-21
 0.110000E+02  0.411726672003078E-20
 0.120000E+02  0.421424831775613E-21
 0.130000E+02  0.226152021735035E-20
 0.140000E+02  0.236427278965827E-21
 0.150000E+02  0.555972650820022E-21
 0.160000E+02  0.845290263681318E-22
 0.170000E+02  0.186392285991177E-20
 0.180000E+02  0.761876178961644E-22
 0.190000E+02  0.245344612026650E-21
 0.200000E+02  0.837548461476923E-22
 0.210000E+02  0.129797117356180E-21
 0.220000E+02  0.103522407870341E-21
 0.230000E+02  0.142199239182154E-20
 0.240000E+02  0.836089638113930E-22
 0.250000E+02  0.298291653108631E-20
 0.260000E+02  0.881660150578674E-22
 0.270000E+02  0.117944661580937E-21
 0.280000E+02  0.612007426505244E-22
 0.290000E+02  0.110460979410568E-21
 0.300000E+02  0.464444545111751E-22
 0.310000E+02  0.148571787716568E-20
 0.320000E+02  0.397720034369798E-22
 0.330000E+02  0.136727819376983E-21
 0.340000E+02  0.442206503195294E-22
 0.350000E+02  0.151632011872217E-20
 0.360000E+02  0.483935398136924E-22
 0.370000E+02  0.112535736007851E-20
 0.380000E+02  0.442164875680638E-22
 0.390000E+02  0.114922420222735E-21
 0.400000E+02  0.271930962198265E-22
 0.410000E+02  0.181051390752737E-21
 0.420000E+02  0.318645358564020E-22
 0.430000E+02  0.527261573764725E-22
 0.440000E+02  0.270161380974687E-22
 0.450000E+02  0.260226880172693E-22
 0.460000E+02  0.238151798626765E-22
 0.470000E+02  0.114098055776245E-20
 0.480000E+02  0.470018273428399E-22
 0.490000E+02  0.107150306758722E-20
 0.500000E+02  0.387983162874766E-22
 0.510000E+02  0.219036203387057E-22
 0.520000E+02  0.203315337060096E-22
 0.530000E+02  0.304640099106926E-22
 0.540000E+02  0.185088179770292E-22
 0.550000E+02  0.226254120454539E-21
 0.560000E+02  0.145819733028026E-22
 0.570000E+02  0.184807867583371E-21
 0.580000E+02  0.116069925780476E-22
 0.590000E+02  0.227389307135370E-21
 0.600000E+02  0.125003456755807E-22
 0.610000E+02  0.375631260978102E-21
 0.620000E+02  0.676090677652484E-23
 0.630000E+02  0.686368587325085E-22
 0.640000E+02  0.685795955658204E-24
 0.650000E+02  0.000000000000000E+00
 0.660000E+02  0.000000000000000E+00
 0.670000E+02  0.000000000000000E+00
 0.680000E+02  0.000000000000000E+00
 0.690000E+02  0.000000000000000E+00
 0.700000E+02  0.000000000000000E+00
 0.710000E+02  0.000000000000000E+00
 0.720000E+02  0.000000000000000E+00
 0.730000E+02  0.000000000000000E+00
 0.740000E+02  0.000000000000000E+00
 0.750000E+02  0.000000000000000E+00
 0.760000E+02  0.000000000000000E+00
 0.770000E+02  0.000000000000000E+00
 0.780000E+02  0.000000000000000E+00
 0.790000E+02  0.000000000000000E+00
 0.800000E+02  0.000000000000000E+00
 0.810000E+02  0.000000000000000E+00
 0.820000E+02  0.000000000000000E+00
 0.830000E+02  0.000000000000000E+00
 0.840000E+02  0.000000000000000E+00
 0.850000E+02  0.000000000000000E+00
 0.860000E+02  0.000000000000000E+00
 0.870000E+02  0.000000000000000E+00
 0.880000E+02  0.000000000000000E+00
 0.890000E+02  0.000000000000000E+00
 0.900000E+02  0.000000000000000E+00
 0.910000E+02  0.000000000000000E+00
 0.920000E+02  0.000000000000000E+00
 0.930000E+02  0.000000000000000E+00
 0.940000E+02  0.000000000000000E+00
 0.950000E+02  0.000000000000000E+00
 0.960000E+02  0.000000000000000E+00
 0.970000E+02  0.000000000000000E+00
