 0.000000E+00  0.196413281257209E-03  0.000000000000000E+00  0.000000000000000E+00
 0.100000E+01  0.443349122757757E+00  0.175023681835378E+00  0.268319761380553E+00
 0.200000E+01  0.413987160688223E-01  0.138389842710418E-07  0.413756567286327E-01
 0.300000E+01  0.197445698030205E-01  0.715073191215332E-07  0.197101927115000E-01
 0.400000E+01  0.133591128868047E-01  0.692699302640154E-07  0.132984308002051E-01
 0.500000E+01  0.126950524139299E-01  0.149076996124389E-06  0.126078664507077E-01
 0.600000E+01  0.457484659584110E-02  0.990497402734644E-07  0.452184087112073E-02
 0.700000E+01  0.486780411339083E-02  0.841484674163340E-07  0.480962614261671E-02
 0.800000E+01  0.372557065433395E-02  0.117333655860752E-06  0.367900219390549E-02
 0.900000E+01  0.182553474668390E-02  0.117247078405477E-06  0.178753291994259E-02
 0.100000E+02  0.145129901508550E-02  0.807119600668149E-07  0.141165053590520E-02
 0.110000E+02  0.111427398601282E-02  0.567994182174014E-07  0.109079502168757E-02
 0.120000E+02  0.738651711884532E-03  0.450233939904704E-07  0.716903350517856E-03
 0.130000E+02  0.709244155901055E-03  0.556649451311821E-07  0.687919348573665E-03
 0.140000E+02  0.311076643307218E-03  0.567469041392460E-07  0.298466004752359E-03
 0.150000E+02  0.241014113992920E-03  0.555584757254077E-07  0.227815782141508E-03
 0.160000E+02  0.136465655053018E-03  0.408779349485148E-07  0.127225148648045E-03
 0.170000E+02  0.143877219225683E-03  0.359891197069390E-07  0.134812507041771E-03
 0.180000E+02  0.705869355459259E-04  0.262039678241600E-07  0.647085596390254E-04
 0.190000E+02  0.511138868566633E-04  0.189114586750740E-07  0.470700022686989E-04
 0.200000E+02  0.347629532932479E-04  0.229588970727685E-07  0.313010626321900E-04
 0.210000E+02  0.279951807943506E-04  0.177047654475494E-07  0.250163768190908E-04
 0.220000E+02  0.148138703505341E-04  0.135417618968064E-07  0.129112868512702E-04
 0.230000E+02  0.100385256025639E-04  0.116818758166717E-07  0.864630256860880E-05
 0.240000E+02  0.738259390477207E-05  0.732050313190279E-08  0.639869707211481E-05
 0.250000E+02  0.780272640011262E-05  0.762094095223601E-08  0.681392310483220E-05
 0.260000E+02  0.438528398613522E-05  0.580046099089100E-08  0.376780209807134E-05
 0.270000E+02  0.316282817929539E-05  0.423319012010187E-08  0.274344849272119E-05
 0.280000E+02  0.229128203019306E-05  0.375230340946817E-08  0.194721122613070E-05
 0.290000E+02  0.151176641900930E-05  0.277958777026965E-08  0.127064615344999E-05
 0.300000E+02  0.155279482562913E-05  0.252519916393090E-08  0.133536102543184E-05
 0.310000E+02  0.752595592825936E-06  0.172494745881331E-08  0.622854387930845E-06
 0.320000E+02  0.578051444912092E-06  0.116915574731887E-08  0.487538828034478E-06
 0.330000E+02  0.480135978935651E-06  0.974012716015687E-09  0.406388352825152E-06
 0.340000E+02  0.407577622588676E-06  0.827205416172490E-09  0.342085497584731E-06
 0.350000E+02  0.217295426117120E-06  0.519265690381739E-09  0.182104771528491E-06
 0.360000E+02  0.149955300931930E-06  0.421835359806963E-09  0.122813634616390E-06
 0.370000E+02  0.961000211101156E-07  0.302986994659354E-09  0.779678782469010E-07
 0.380000E+02  0.103492187865362E-06  0.274989566363709E-09  0.858755008676625E-07
 0.390000E+02  0.471844877811538E-07  0.183853252556701E-09  0.372608582146695E-07
 0.400000E+02  0.326715989526147E-07  0.125156173893783E-09  0.262308930814573E-07
 0.410000E+02  0.247129286936123E-07  0.104008705038354E-09  0.198225641862290E-07
 0.420000E+02  0.171490112907785E-07  0.812004966342264E-10  0.136516693005373E-07
 0.430000E+02  0.134637836278866E-07  0.630148833812500E-10  0.106585505621720E-07
 0.440000E+02  0.666594599935539E-08  0.447898543160717E-10  0.512820918272885E-08
 0.450000E+02  0.418957922571738E-08  0.303671801174198E-10  0.318659720572830E-08
 0.460000E+02  0.309691903049170E-08  0.263786429067657E-10  0.231704737435146E-08
 0.470000E+02  0.239535170101297E-08  0.188101326242427E-10  0.185732861965684E-08
 0.480000E+02  0.140170644115072E-08  0.140890531359070E-10  0.101531493128546E-08
 0.490000E+02  0.791804114456221E-09  0.993903946785317E-11  0.574642423235955E-09
 0.500000E+02  0.504207845339968E-09  0.695064956402315E-11  0.362665511798491E-09
 0.510000E+02  0.421557377636125E-09  0.587213083341361E-11  0.301054224934421E-09
 0.520000E+02  0.173307897446518E-09  0.334147878828213E-11  0.119258856442146E-09
 0.530000E+02  0.130566475005026E-09  0.269957673056629E-11  0.848219501540867E-10
 0.540000E+02  0.774362273275263E-10  0.181327017293641E-11  0.500233863499309E-10
 0.550000E+02  0.583336375998862E-10  0.148267509236070E-11  0.387114560254471E-10
 0.560000E+02  0.331861847010556E-10  0.903781284389065E-12  0.198419687929554E-10
 0.570000E+02  0.181241709220762E-10  0.614677206430076E-12  0.106690825773508E-10
 0.580000E+02  0.107665713746031E-10  0.388596063497271E-12  0.622176129199244E-11
 0.590000E+02  0.770714890651800E-11  0.319168298847254E-12  0.412764064425780E-11
 0.600000E+02  0.547922312864719E-11  0.230729755982779E-12  0.308443530425692E-11
 0.610000E+02  0.274018164832609E-11  0.110940286142345E-12  0.130738038753115E-11
 0.620000E+02  0.201222679936427E-11  0.108130389754620E-12  0.754717310132762E-12
 0.630000E+02  0.188526402085517E-11  0.115105860622073E-12  0.101313521072756E-11
 0.640000E+02  0.739839596597948E-20  0.454494545260556E-20  0.285345051337392E-20
 0.650000E+02  0.000000000000000E+00  0.000000000000000E+00  0.000000000000000E+00
 0.660000E+02  0.000000000000000E+00  0.000000000000000E+00  0.000000000000000E+00
 0.670000E+02  0.000000000000000E+00  0.000000000000000E+00  0.000000000000000E+00
 0.680000E+02  0.000000000000000E+00  0.000000000000000E+00  0.000000000000000E+00
 0.690000E+02  0.000000000000000E+00  0.000000000000000E+00  0.000000000000000E+00
 0.700000E+02  0.000000000000000E+00  0.000000000000000E+00  0.000000000000000E+00
 0.710000E+02  0.000000000000000E+00  0.000000000000000E+00  0.000000000000000E+00
 0.720000E+02  0.000000000000000E+00  0.000000000000000E+00  0.000000000000000E+00
 0.730000E+02  0.000000000000000E+00  0.000000000000000E+00  0.000000000000000E+00
 0.740000E+02  0.000000000000000E+00  0.000000000000000E+00  0.000000000000000E+00
 0.750000E+02  0.000000000000000E+00  0.000000000000000E+00  0.000000000000000E+00
 0.760000E+02  0.000000000000000E+00  0.000000000000000E+00  0.000000000000000E+00
 0.770000E+02  0.000000000000000E+00  0.000000000000000E+00  0.000000000000000E+00
 0.780000E+02  0.000000000000000E+00  0.000000000000000E+00  0.000000000000000E+00
 0.790000E+02  0.000000000000000E+00  0.000000000000000E+00  0.000000000000000E+00
 0.800000E+02  0.000000000000000E+00  0.000000000000000E+00  0.000000000000000E+00
 0.810000E+02  0.000000000000000E+00  0.000000000000000E+00  0.000000000000000E+00
 0.820000E+02  0.000000000000000E+00  0.000000000000000E+00  0.000000000000000E+00
 0.830000E+02  0.000000000000000E+00  0.000000000000000E+00  0.000000000000000E+00
 0.840000E+02  0.000000000000000E+00  0.000000000000000E+00  0.000000000000000E+00
 0.850000E+02  0.000000000000000E+00  0.000000000000000E+00  0.000000000000000E+00
 0.860000E+02  0.000000000000000E+00  0.000000000000000E+00  0.000000000000000E+00
 0.870000E+02  0.000000000000000E+00  0.000000000000000E+00  0.000000000000000E+00
 0.880000E+02  0.000000000000000E+00  0.000000000000000E+00  0.000000000000000E+00
 0.890000E+02  0.000000000000000E+00  0.000000000000000E+00  0.000000000000000E+00
 0.900000E+02  0.000000000000000E+00  0.000000000000000E+00  0.000000000000000E+00
 0.910000E+02  0.000000000000000E+00  0.000000000000000E+00  0.000000000000000E+00
 0.920000E+02  0.000000000000000E+00  0.000000000000000E+00  0.000000000000000E+00
 0.930000E+02  0.000000000000000E+00  0.000000000000000E+00  0.000000000000000E+00
 0.940000E+02  0.000000000000000E+00  0.000000000000000E+00  0.000000000000000E+00
 0.950000E+02  0.000000000000000E+00  0.000000000000000E+00  0.000000000000000E+00
 0.960000E+02  0.000000000000000E+00  0.000000000000000E+00  0.000000000000000E+00
