 0.000000E+00  0.256394897937099E+00  0.307777021612881E-01  0.225617195775811E+00
 0.100000E+01  0.924036446258913E-04  0.912959503306370E-04  0.110769429525481E-05
 0.200000E+01  0.375783667733524E-09  0.278869764237138E-09  0.969139034963871E-10
 0.300000E+01  0.368819415062430E-13  0.289059568535634E-13  0.797598465267944E-14
 0.400000E+01  0.904420088729329E-17  0.756524960821297E-17  0.147895127908031E-17
 0.500000E+01  0.636583860704611E-18  0.465351493246641E-18  0.171232367457971E-18
 0.600000E+01  0.963556027017319E-18  0.785544226153298E-18  0.178011800864021E-18
 0.700000E+01  0.464952836221294E-18  0.351824982279373E-18  0.113127853941921E-18
 0.800000E+01  0.396389921699970E-18  0.315850666356674E-18  0.805392553432968E-19
 0.900000E+01  0.377243736355412E-18  0.287513773589989E-18  0.897299627654229E-19
 0.100000E+02  0.565497342673471E-18  0.465633657271979E-18  0.998636854014916E-19
 0.110000E+02  0.325681164680319E-18  0.262763625340667E-18  0.629175393396513E-19
 0.120000E+02  0.754013141417488E-18  0.669536669362607E-18  0.844764720548810E-19
 0.130000E+02  0.306146475317981E-18  0.252418074695305E-18  0.537284006226759E-19
 0.140000E+02  0.435192289543599E-18  0.378484108441217E-18  0.567081811023814E-19
 0.150000E+02  0.222663599252089E-18  0.194675296595978E-18  0.279883026561112E-19
 0.160000E+02  0.632580920843351E-20  0.632580920843351E-20  0.000000000000000E+00
 0.170000E+02  0.000000000000000E+00  0.000000000000000E+00  0.000000000000000E+00
 0.180000E+02  0.000000000000000E+00  0.000000000000000E+00  0.000000000000000E+00
 0.190000E+02  0.000000000000000E+00  0.000000000000000E+00  0.000000000000000E+00
 0.200000E+02  0.000000000000000E+00  0.000000000000000E+00  0.000000000000000E+00
 0.210000E+02  0.000000000000000E+00  0.000000000000000E+00  0.000000000000000E+00
 0.220000E+02  0.000000000000000E+00  0.000000000000000E+00  0.000000000000000E+00
 0.230000E+02  0.000000000000000E+00  0.000000000000000E+00  0.000000000000000E+00
 0.240000E+02  0.000000000000000E+00  0.000000000000000E+00  0.000000000000000E+00
