 0.000000E+00  0.490177726522213E-04  0.000000000000000E+00  0.000000000000000E+00
 0.100000E+01  0.326632476513002E+00  0.163217760629619E+00  0.163413174450397E+00
 0.200000E+01  0.459407311814538E-01  0.105047682087255E-09  0.459352577163372E-01
 0.300000E+01  0.791736732753209E-02  0.138183975601034E-09  0.791503930668114E-02
 0.400000E+01  0.326188537912076E-02  0.749083144959643E-10  0.326054892043004E-02
 0.500000E+01  0.222346008189318E-02  0.193672056053606E-09  0.222233991519261E-02
 0.600000E+01  0.362799524021385E-03  0.124856283535560E-09  0.362511712835856E-03
 0.700000E+01  0.251507561097551E-03  0.151452049653162E-09  0.251224272358519E-03
 0.800000E+01  0.509637451570223E-04  0.746695653713273E-10  0.508552936519125E-04
 0.900000E+01  0.261860581911163E-04  0.904643615908860E-10  0.260974148631268E-04
 0.100000E+02  0.114328203465830E-04  0.102683461918644E-09  0.113556774798014E-04
 0.110000E+02  0.270061227746654E-05  0.480366713631577E-10  0.266883985679895E-05
 0.120000E+02  0.194853680878310E-05  0.611333095643346E-10  0.191233388772524E-05
 0.130000E+02  0.387042031294015E-06  0.185416350687762E-10  0.374985647949950E-06
 0.140000E+02  0.217901990255332E-06  0.153599438516940E-10  0.208529128969050E-06
 0.150000E+02  0.740705443696651E-07  0.632195831118016E-11  0.691791785978528E-07
 0.160000E+02  0.240049042036915E-07  0.254978488005811E-11  0.219195157404858E-07
 0.170000E+02  0.132337794999723E-07  0.145356261572207E-11  0.116728108316430E-07
 0.180000E+02  0.312348487746842E-08  0.350680596406975E-12  0.262891841045681E-08
 0.190000E+02  0.195785781539959E-08  0.243643764983109E-12  0.156617111107700E-08
 0.200000E+02  0.587032163231955E-09  0.704186424142541E-13  0.432470921851604E-09
 0.210000E+02  0.249396281035488E-09  0.473019562045123E-13  0.166544792068705E-09
 0.220000E+02  0.116517476987248E-09  0.352221587133097E-13  0.705152562222097E-10
 0.230000E+02  0.345533827445883E-10  0.142990085511494E-13  0.174693169435005E-10
 0.240000E+02  0.249922485564841E-10  0.139020360173247E-13  0.106930323216317E-10
 0.250000E+02  0.754377402027527E-11  0.545430423743688E-14  0.248881274175959E-11
 0.260000E+02  0.428421712077948E-11  0.282775532458434E-14  0.109118690082177E-11
 0.270000E+02  0.186768758945542E-11  0.144261758440182E-14  0.364816211787089E-12
 0.280000E+02  0.709677413736965E-12  0.430632495060318E-15  0.100067619241014E-12
 0.290000E+02  0.591762174647154E-12  0.363549314266385E-15  0.631288047280061E-13
 0.300000E+02  0.179483731796638E-12  0.129049066328582E-15  0.133641524747379E-13
 0.310000E+02  0.121580914440940E-12  0.111598686953205E-15  0.696479574209939E-14
 0.320000E+02  0.479332471291967E-13  0.652771532668890E-16  0.212434837856740E-14
 0.330000E+02  0.252130349095993E-13  0.414849891092655E-16  0.857249425529094E-15
 0.340000E+02  0.122561153514796E-13  0.275173267383755E-16  0.364693408578991E-15
 0.350000E+02  0.485608009739610E-14  0.123636574203249E-16  0.114734606752323E-15
 0.360000E+02  0.353974009216254E-14  0.970189986745815E-17  0.699256416883936E-16
 0.370000E+02  0.122174380498351E-14  0.369332243278950E-17  0.205531676914224E-16
 0.380000E+02  0.707273890449326E-15  0.216090350475365E-17  0.939818050442256E-17
 0.390000E+02  0.301238064943807E-15  0.884609879772948E-18  0.341435769841902E-17
 0.400000E+02  0.121809367577561E-15  0.371269656475407E-18  0.111558028097205E-17
 0.410000E+02  0.930008804498042E-16  0.293585349439900E-18  0.687370499861020E-18
 0.420000E+02  0.289585225782693E-16  0.110955590469109E-18  0.169443761966761E-18
 0.430000E+02  0.183230695855017E-16  0.192115042254741E-18  0.111853084313392E-18
 0.440000E+02  0.700346946822422E-17  0.121160601275455E-18  0.563381363555675E-19
 0.450000E+02  0.332571251256807E-17  0.956917130974204E-19  0.308056077437359E-19
 0.460000E+02  0.210523453048873E-17  0.525394126063869E-19  0.526231425858617E-19
 0.470000E+02  0.831763263956559E-18  0.550524353895061E-19  0.744254022980031E-19
 0.480000E+02  0.544805652474492E-18  0.251181441731424E-19  0.181831574150214E-19
 0.490000E+02  0.345213823100118E-18  0.558360737264228E-19  0.780089223871981E-19
 0.500000E+02  0.254640071937477E-18  0.788161252822835E-19  0.514805517907841E-19
 0.510000E+02  0.150658273749233E-18  0.457729384147680E-19  0.420841673118352E-19
 0.520000E+02  0.762762521204665E-19  0.260862472577588E-19  0.147305092560464E-19
 0.530000E+02  0.754716464609357E-19  0.390424713284463E-19  0.107684436606519E-19
 0.540000E+02  0.587430676603280E-19  0.249641066596552E-19  0.162393464111498E-19
 0.550000E+02  0.408335988556670E-19  0.134208620927980E-19  0.122870027063119E-19
 0.560000E+02  0.543440928340978E-19  0.328339544120556E-19  0.102548879043686E-19
 0.570000E+02  0.377345154555711E-19  0.160144109186453E-19  0.102753505537534E-19
 0.580000E+02  0.641559308126562E-19  0.356630584269799E-19  0.189065998673592E-19
 0.590000E+02  0.761964966925149E-19  0.416426080469493E-19  0.251429681266812E-19
 0.600000E+02  0.378645663619759E-19  0.253773628718246E-19  0.526407141610085E-20
 0.610000E+02  0.747953260060615E-19  0.525354795353880E-19  0.150738786723080E-19
 0.620000E+02  0.510582713935689E-19  0.292309387674218E-19  0.157372152021145E-19
 0.630000E+02  0.567467401008015E-19  0.228811499259010E-19  0.293568658982930E-19
 0.640000E+02  0.401978048926303E-22  0.184561368848701E-22  0.217416680077601E-22
 0.650000E+02  0.000000000000000E+00  0.000000000000000E+00  0.000000000000000E+00
 0.660000E+02  0.000000000000000E+00  0.000000000000000E+00  0.000000000000000E+00
 0.670000E+02  0.000000000000000E+00  0.000000000000000E+00  0.000000000000000E+00
 0.680000E+02  0.000000000000000E+00  0.000000000000000E+00  0.000000000000000E+00
 0.690000E+02  0.000000000000000E+00  0.000000000000000E+00  0.000000000000000E+00
 0.700000E+02  0.000000000000000E+00  0.000000000000000E+00  0.000000000000000E+00
 0.710000E+02  0.000000000000000E+00  0.000000000000000E+00  0.000000000000000E+00
 0.720000E+02  0.000000000000000E+00  0.000000000000000E+00  0.000000000000000E+00
 0.730000E+02  0.000000000000000E+00  0.000000000000000E+00  0.000000000000000E+00
 0.740000E+02  0.000000000000000E+00  0.000000000000000E+00  0.000000000000000E+00
 0.750000E+02  0.000000000000000E+00  0.000000000000000E+00  0.000000000000000E+00
 0.760000E+02  0.000000000000000E+00  0.000000000000000E+00  0.000000000000000E+00
 0.770000E+02  0.000000000000000E+00  0.000000000000000E+00  0.000000000000000E+00
 0.780000E+02  0.000000000000000E+00  0.000000000000000E+00  0.000000000000000E+00
 0.790000E+02  0.000000000000000E+00  0.000000000000000E+00  0.000000000000000E+00
 0.800000E+02  0.000000000000000E+00  0.000000000000000E+00  0.000000000000000E+00
 0.810000E+02  0.000000000000000E+00  0.000000000000000E+00  0.000000000000000E+00
 0.820000E+02  0.000000000000000E+00  0.000000000000000E+00  0.000000000000000E+00
 0.830000E+02  0.000000000000000E+00  0.000000000000000E+00  0.000000000000000E+00
 0.840000E+02  0.000000000000000E+00  0.000000000000000E+00  0.000000000000000E+00
 0.850000E+02  0.000000000000000E+00  0.000000000000000E+00  0.000000000000000E+00
 0.860000E+02  0.000000000000000E+00  0.000000000000000E+00  0.000000000000000E+00
 0.870000E+02  0.000000000000000E+00  0.000000000000000E+00  0.000000000000000E+00
 0.880000E+02  0.000000000000000E+00  0.000000000000000E+00  0.000000000000000E+00
 0.890000E+02  0.000000000000000E+00  0.000000000000000E+00  0.000000000000000E+00
 0.900000E+02  0.000000000000000E+00  0.000000000000000E+00  0.000000000000000E+00
 0.910000E+02  0.000000000000000E+00  0.000000000000000E+00  0.000000000000000E+00
 0.920000E+02  0.000000000000000E+00  0.000000000000000E+00  0.000000000000000E+00
 0.930000E+02  0.000000000000000E+00  0.000000000000000E+00  0.000000000000000E+00
 0.940000E+02  0.000000000000000E+00  0.000000000000000E+00  0.000000000000000E+00
 0.950000E+02  0.000000000000000E+00  0.000000000000000E+00  0.000000000000000E+00
 0.960000E+02  0.000000000000000E+00  0.000000000000000E+00  0.000000000000000E+00
