 0.100000E+01  0.321964466976473E+00
 0.200000E+01  0.302993903962853E-01
 0.300000E+01  0.256908759511219E-01
 0.400000E+01  0.190083761835946E-01
 0.500000E+01  0.967091647891365E-02
 0.600000E+01  0.914251583890337E-02
 0.700000E+01  0.702397520894307E-02
 0.800000E+01  0.316799545564606E-02
 0.900000E+01  0.386315135287755E-02
 0.100000E+02  0.103199749715398E-02
 0.110000E+02  0.116586707018213E-02
 0.120000E+02  0.920573948171998E-03
 0.130000E+02  0.545578079058222E-03
 0.140000E+02  0.412639330489187E-03
 0.150000E+02  0.188809623049557E-03
 0.160000E+02  0.146471352890504E-03
 0.170000E+02  0.172670677343105E-03
 0.180000E+02  0.811586366043339E-04
 0.190000E+02  0.979049924890036E-04
 0.200000E+02  0.460397290522220E-04
 0.210000E+02  0.398911455564839E-04
 0.220000E+02  0.478602397462286E-04
 0.230000E+02  0.229195191619387E-04
 0.240000E+02  0.268286102399221E-04
 0.250000E+02  0.166201619489129E-04
 0.260000E+02  0.111501783252714E-04
 0.270000E+02  0.136975200837905E-04
 0.280000E+02  0.564354035032870E-05
 0.290000E+02  0.688852860236449E-05
 0.300000E+02  0.472879568251127E-05
 0.310000E+02  0.305088848319084E-05
 0.320000E+02  0.340768034704961E-05
 0.330000E+02  0.136400540547673E-05
 0.340000E+02  0.148128495867243E-05
 0.350000E+02  0.102901757992497E-05
 0.360000E+02  0.729895498811205E-06
 0.370000E+02  0.698127349081127E-06
 0.380000E+02  0.299917481550083E-06
 0.390000E+02  0.269011362317042E-06
 0.400000E+02  0.228407111048640E-06
 0.410000E+02  0.105705565207552E-06
 0.420000E+02  0.118434946093981E-06
 0.430000E+02  0.558703228627319E-07
 0.440000E+02  0.438995760510899E-07
 0.450000E+02  0.380930320454705E-07
 0.460000E+02  0.161422257630641E-07
 0.470000E+02  0.170058576372874E-07
 0.480000E+02  0.881753161103604E-08
 0.490000E+02  0.646062852363289E-08
 0.500000E+02  0.538857535027745E-08
 0.510000E+02  0.226173083897437E-08
 0.520000E+02  0.216887660521852E-08
 0.530000E+02  0.114831960378500E-08
 0.540000E+02  0.856929441026052E-09
 0.550000E+02  0.664475984435561E-09
 0.560000E+02  0.285569031542204E-09
 0.570000E+02  0.249391279443084E-09
 0.580000E+02  0.135549679409234E-09
 0.590000E+02  0.104369340388347E-09
 0.600000E+02  0.758857585141740E-10
 0.610000E+02  0.317524731687277E-10
 0.620000E+02  0.347789591543591E-10
 0.630000E+02  0.147166128726458E-10
 0.640000E+02  0.201018262015589E-10
 0.650000E+02  0.000000000000000E+00
 0.660000E+02  0.000000000000000E+00
 0.670000E+02  0.000000000000000E+00
 0.680000E+02  0.000000000000000E+00
 0.690000E+02  0.000000000000000E+00
 0.700000E+02  0.000000000000000E+00
 0.710000E+02  0.000000000000000E+00
 0.720000E+02  0.000000000000000E+00
 0.730000E+02  0.000000000000000E+00
 0.740000E+02  0.000000000000000E+00
 0.750000E+02  0.000000000000000E+00
 0.760000E+02  0.000000000000000E+00
 0.770000E+02  0.000000000000000E+00
 0.780000E+02  0.000000000000000E+00
 0.790000E+02  0.000000000000000E+00
 0.800000E+02  0.000000000000000E+00
 0.810000E+02  0.000000000000000E+00
 0.820000E+02  0.000000000000000E+00
 0.830000E+02  0.000000000000000E+00
 0.840000E+02  0.000000000000000E+00
 0.850000E+02  0.000000000000000E+00
 0.860000E+02  0.000000000000000E+00
 0.870000E+02  0.000000000000000E+00
 0.880000E+02  0.000000000000000E+00
 0.890000E+02  0.000000000000000E+00
 0.900000E+02  0.000000000000000E+00
 0.910000E+02  0.000000000000000E+00
 0.920000E+02  0.000000000000000E+00
 0.930000E+02  0.000000000000000E+00
 0.940000E+02  0.000000000000000E+00
 0.950000E+02  0.000000000000000E+00
 0.960000E+02  0.000000000000000E+00
 0.970000E+02  0.000000000000000E+00
