 0.100000E+01  0.424881639824044E+00
 0.200000E+01  0.268891827702307E-01
 0.300000E+01  0.250285572327075E-01
 0.400000E+01  0.151339418348590E-01
 0.500000E+01  0.305079057287334E-02
 0.600000E+01  0.260901820311583E-02
 0.700000E+01  0.557016015787776E-03
 0.800000E+01  0.434973962010019E-03
 0.900000E+01  0.175071556229978E-03
 0.100000E+02  0.622282501086680E-04
 0.110000E+02  0.573260071522692E-04
 0.120000E+02  0.128633205000021E-04
 0.130000E+02  0.107557044402977E-04
 0.140000E+02  0.328525312672877E-05
 0.150000E+02  0.144021293452425E-05
 0.160000E+02  0.131111062632008E-05
 0.170000E+02  0.288945034538154E-06
 0.180000E+02  0.247512759604643E-06
 0.190000E+02  0.656842705166879E-07
 0.200000E+02  0.321924811678064E-07
 0.210000E+02  0.296041281098226E-07
 0.220000E+02  0.655823305364681E-08
 0.230000E+02  0.588486864430161E-08
 0.240000E+02  0.148371799455518E-08
 0.250000E+02  0.107452460389691E-08
 0.260000E+02  0.485305870309820E-09
 0.270000E+02  0.176372258340570E-09
 0.280000E+02  0.168345870736294E-09
 0.290000E+02  0.426750402853592E-10
 0.300000E+02  0.373819126314144E-10
 0.310000E+02  0.123199981862318E-10
 0.320000E+02  0.609469005321035E-11
 0.330000E+02  0.614650036630139E-11
 0.340000E+02  0.161234614233369E-11
 0.350000E+02  0.153477883035390E-11
 0.360000E+02  0.490688138396637E-12
 0.370000E+02  0.323487158078666E-12
 0.380000E+02  0.224242731583729E-12
 0.390000E+02  0.755759893087951E-13
 0.400000E+02  0.759541483600997E-13
 0.410000E+02  0.232787548552088E-13
 0.420000E+02  0.175691457095985E-13
 0.430000E+02  0.102472642179686E-13
 0.440000E+02  0.383113393228389E-14
 0.450000E+02  0.394215237215089E-14
 0.460000E+02  0.111616668319983E-14
 0.470000E+02  0.928503076961157E-15
 0.480000E+02  0.460140708502403E-15
 0.490000E+02  0.185673363580318E-15
 0.500000E+02  0.190250863588944E-15
 0.510000E+02  0.512674954689108E-16
 0.520000E+02  0.450154180890309E-16
 0.530000E+02  0.190770004253382E-16
 0.540000E+02  0.107240265126964E-16
 0.550000E+02  0.612213581834697E-17
 0.560000E+02  0.227663049553574E-17
 0.570000E+02  0.215787857917405E-17
 0.580000E+02  0.704581434878899E-18
 0.590000E+02  0.566756808887924E-18
 0.600000E+02  0.278142978861831E-18
 0.610000E+02  0.168203802035434E-18
 0.620000E+02  0.150195825699388E-18
 0.630000E+02  0.116640663008167E-18
 0.640000E+02  0.384424675021236E-19
 0.650000E+02  0.000000000000000E+00
 0.660000E+02  0.000000000000000E+00
 0.670000E+02  0.000000000000000E+00
 0.680000E+02  0.000000000000000E+00
 0.690000E+02  0.000000000000000E+00
 0.700000E+02  0.000000000000000E+00
 0.710000E+02  0.000000000000000E+00
 0.720000E+02  0.000000000000000E+00
 0.730000E+02  0.000000000000000E+00
 0.740000E+02  0.000000000000000E+00
 0.750000E+02  0.000000000000000E+00
 0.760000E+02  0.000000000000000E+00
 0.770000E+02  0.000000000000000E+00
 0.780000E+02  0.000000000000000E+00
 0.790000E+02  0.000000000000000E+00
 0.800000E+02  0.000000000000000E+00
 0.810000E+02  0.000000000000000E+00
 0.820000E+02  0.000000000000000E+00
 0.830000E+02  0.000000000000000E+00
 0.840000E+02  0.000000000000000E+00
 0.850000E+02  0.000000000000000E+00
 0.860000E+02  0.000000000000000E+00
 0.870000E+02  0.000000000000000E+00
 0.880000E+02  0.000000000000000E+00
 0.890000E+02  0.000000000000000E+00
 0.900000E+02  0.000000000000000E+00
 0.910000E+02  0.000000000000000E+00
 0.920000E+02  0.000000000000000E+00
 0.930000E+02  0.000000000000000E+00
 0.940000E+02  0.000000000000000E+00
 0.950000E+02  0.000000000000000E+00
 0.960000E+02  0.000000000000000E+00
 0.970000E+02  0.000000000000000E+00
