 0.000000E+00  0.564700209582478E+00  0.373984854444294E+00  0.190715355138188E+00
 0.100000E+01  0.631210927092642E-03  0.612961195456021E-03  0.182497316366276E-04
 0.200000E+01  0.754964887488109E-08  0.428676395614358E-08  0.326288491873772E-08
 0.300000E+01  0.409516000861280E-11  0.229811901767510E-11  0.179704099093769E-11
 0.400000E+01  0.318573357760716E-14  0.170623985654770E-14  0.147949372105944E-14
 0.500000E+01  0.444292402159059E-17  0.260556572823000E-17  0.183735829336059E-17
 0.600000E+01  0.267030990069739E-17  0.198870809912273E-17  0.681601801574661E-18
 0.700000E+01  0.136134025316123E-17  0.996174398090299E-18  0.365165855070932E-18
 0.800000E+01  0.269603497698566E-17  0.217712913468481E-17  0.518905842300857E-18
 0.900000E+01  0.110874779548995E-17  0.801896761197579E-18  0.306851034292369E-18
 0.100000E+02  0.154316933697156E-17  0.121027588857293E-17  0.332893448398632E-18
 0.110000E+02  0.943453831336585E-18  0.724952687637254E-18  0.218501143699330E-18
 0.120000E+02  0.441192128116957E-17  0.390112158970968E-17  0.510799691459888E-18
 0.130000E+02  0.753196346999287E-18  0.592942089125176E-18  0.160254257874112E-18
 0.140000E+02  0.108979576301253E-17  0.916556969835430E-18  0.173238793177099E-18
 0.150000E+02  0.543412790514238E-18  0.463895350202671E-18  0.795174403115670E-19
 0.160000E+02  0.104075153813083E-19  0.104075153813083E-19  0.000000000000000E+00
 0.170000E+02  0.000000000000000E+00  0.000000000000000E+00  0.000000000000000E+00
 0.180000E+02  0.000000000000000E+00  0.000000000000000E+00  0.000000000000000E+00
 0.190000E+02  0.000000000000000E+00  0.000000000000000E+00  0.000000000000000E+00
 0.200000E+02  0.000000000000000E+00  0.000000000000000E+00  0.000000000000000E+00
 0.210000E+02  0.000000000000000E+00  0.000000000000000E+00  0.000000000000000E+00
 0.220000E+02  0.000000000000000E+00  0.000000000000000E+00  0.000000000000000E+00
 0.230000E+02  0.000000000000000E+00  0.000000000000000E+00  0.000000000000000E+00
 0.240000E+02  0.000000000000000E+00  0.000000000000000E+00  0.000000000000000E+00
