 0.000000E+00  0.902072112424316E-04  0.000000000000000E+00  0.000000000000000E+00
 0.100000E+01  0.538646060285208E+00  0.428906776093389E+00  0.109733846038580E+00
 0.200000E+01  0.452706540974813E-01  0.144338088443191E-08  0.452612806693651E-01
 0.300000E+01  0.181024743463528E-01  0.146697799047191E-08  0.180938950725249E-01
 0.400000E+01  0.744425338977814E-02  0.415767812973061E-09  0.743975285331544E-02
 0.500000E+01  0.112511657567998E-01  0.780170822259688E-09  0.112411251648723E-01
 0.600000E+01  0.423865650773282E-02  0.734759986848691E-09  0.423227492077416E-02
 0.700000E+01  0.394142527204324E-02  0.863309985565247E-09  0.393378085510676E-02
 0.800000E+01  0.135180207665992E-02  0.109905009063467E-08  0.134798306310202E-02
 0.900000E+01  0.108648726754542E-02  0.884625283223135E-09  0.108350707517476E-02
 0.100000E+02  0.122577589123345E-02  0.156358839784181E-08  0.122121536203434E-02
 0.110000E+02  0.445228885136527E-03  0.135602044179589E-08  0.443055651401528E-03
 0.120000E+02  0.529715142886950E-03  0.177539762138267E-08  0.526769128301776E-03
 0.130000E+02  0.180147742362500E-03  0.802816220238841E-09  0.178886487457940E-03
 0.140000E+02  0.159293565366582E-03  0.106183709049894E-08  0.157990746844853E-03
 0.150000E+02  0.140734819649035E-03  0.136281267665125E-08  0.139230055455764E-03
 0.160000E+02  0.553215395916442E-04  0.695018723068173E-09  0.546285288532921E-04
 0.170000E+02  0.690422776941450E-04  0.108313416318566E-08  0.680419747121474E-04
 0.180000E+02  0.239197555801599E-04  0.448796857698211E-09  0.235194802219455E-04
 0.190000E+02  0.224931402038730E-04  0.526645555412736E-09  0.220731447183855E-04
 0.200000E+02  0.164292435655212E-04  0.462366746921047E-09  0.160799456750400E-04
 0.210000E+02  0.725444518873870E-05  0.234613854961153E-09  0.708611199857841E-05
 0.220000E+02  0.860875293944778E-05  0.343678720362749E-09  0.838729406097290E-05
 0.230000E+02  0.301559421219172E-05  0.135203564733465E-09  0.293110048089526E-05
 0.240000E+02  0.295767744703896E-05  0.157939510675206E-09  0.286755806948884E-05
 0.250000E+02  0.183642360754021E-05  0.111172789674329E-09  0.177673799044578E-05
 0.260000E+02  0.911554802246596E-06  0.635611882576082E-10  0.879617724972176E-06
 0.270000E+02  0.973489540527186E-06  0.826937954020631E-10  0.936928162362809E-06
 0.280000E+02  0.347357268597587E-06  0.324140216434196E-10  0.333560402193582E-06
 0.290000E+02  0.349756903130530E-06  0.389576777851556E-10  0.334823574509667E-06
 0.300000E+02  0.189680631552809E-06  0.229104404280239E-10  0.181450203150517E-06
 0.310000E+02  0.104821963124439E-06  0.146363244906822E-10  0.999186602447536E-07
 0.320000E+02  0.983737593179471E-07  0.157673067948231E-10  0.935415300205656E-07
 0.330000E+02  0.367534855652058E-07  0.637837687887271E-11  0.348754116759138E-07
 0.340000E+02  0.362362122748288E-07  0.747764255145420E-11  0.342243054324619E-07
 0.350000E+02  0.178611561803938E-07  0.376861376342266E-11  0.168735284832396E-07
 0.360000E+02  0.108370995819366E-07  0.274152974347392E-11  0.101726908389158E-07
 0.370000E+02  0.891019521905806E-08  0.266418575674401E-11  0.829962658960777E-08
 0.380000E+02  0.352219837217780E-08  0.115745898671521E-11  0.327099681596365E-08
 0.390000E+02  0.335089158742357E-08  0.138797914155911E-11  0.306711067336928E-08
 0.400000E+02  0.153794990810394E-08  0.699173021537420E-12  0.140323921522287E-08
 0.410000E+02  0.101283616132438E-08  0.585795757754938E-12  0.909291241167642E-09
 0.420000E+02  0.740565265694736E-09  0.550234721654749E-12  0.646965713839443E-09
 0.430000E+02  0.312923548618286E-09  0.263110208005226E-12  0.271362682540918E-09
 0.440000E+02  0.286366856011699E-09  0.331234753182665E-12  0.237128664852425E-09
 0.450000E+02  0.125864334370591E-09  0.163689529804910E-12  0.102872743739919E-09
 0.460000E+02  0.900429378242312E-10  0.149593777020298E-12  0.705504377663761E-10
 0.470000E+02  0.605614343687052E-10  0.116211768422056E-12  0.443923880761832E-10
 0.480000E+02  0.275965135868666E-10  0.632049146343753E-13  0.198121912229608E-10
 0.490000E+02  0.250321661930140E-10  0.685891977533004E-13  0.160847966573250E-10
 0.500000E+02  0.109612901041619E-10  0.324644366588218E-13  0.690062391040184E-11
 0.510000E+02  0.838545917338064E-11  0.302975576722463E-13  0.472901746416238E-11
 0.520000E+02  0.548179225975768E-11  0.182789085448427E-13  0.279409946683196E-11
 0.530000E+02  0.273215708222220E-11  0.119979077601755E-13  0.132348501409380E-11
 0.540000E+02  0.253698515785456E-11  0.103409601766100E-13  0.102174513998271E-11
 0.550000E+02  0.111357797166137E-11  0.483021913904753E-14  0.436962047738667E-12
 0.560000E+02  0.946994381160429E-12  0.482196948582148E-14  0.309079910216415E-12
 0.570000E+02  0.596813877448461E-12  0.292786788709427E-14  0.175608042518557E-12
 0.580000E+02  0.327727736004117E-12  0.190435471832512E-14  0.861103197756046E-13
 0.590000E+02  0.301142902218896E-12  0.192175206017505E-14  0.671312562790624E-13
 0.600000E+02  0.162798482578282E-12  0.134478830987215E-14  0.318602026868450E-13
 0.610000E+02  0.134713922891117E-12  0.104249800148508E-14  0.192066649605766E-13
 0.620000E+02  0.593925714839133E-13  0.763645089019410E-15  0.125205162602004E-13
 0.630000E+02  0.114343526402176E-12  0.153930212189328E-14  0.146463998814203E-13
 0.640000E+02  0.682369510351877E-22  0.346183624983880E-22  0.336185885367997E-22
 0.650000E+02  0.000000000000000E+00  0.000000000000000E+00  0.000000000000000E+00
 0.660000E+02  0.000000000000000E+00  0.000000000000000E+00  0.000000000000000E+00
 0.670000E+02  0.000000000000000E+00  0.000000000000000E+00  0.000000000000000E+00
 0.680000E+02  0.000000000000000E+00  0.000000000000000E+00  0.000000000000000E+00
 0.690000E+02  0.000000000000000E+00  0.000000000000000E+00  0.000000000000000E+00
 0.700000E+02  0.000000000000000E+00  0.000000000000000E+00  0.000000000000000E+00
 0.710000E+02  0.000000000000000E+00  0.000000000000000E+00  0.000000000000000E+00
 0.720000E+02  0.000000000000000E+00  0.000000000000000E+00  0.000000000000000E+00
 0.730000E+02  0.000000000000000E+00  0.000000000000000E+00  0.000000000000000E+00
 0.740000E+02  0.000000000000000E+00  0.000000000000000E+00  0.000000000000000E+00
 0.750000E+02  0.000000000000000E+00  0.000000000000000E+00  0.000000000000000E+00
 0.760000E+02  0.000000000000000E+00  0.000000000000000E+00  0.000000000000000E+00
 0.770000E+02  0.000000000000000E+00  0.000000000000000E+00  0.000000000000000E+00
 0.780000E+02  0.000000000000000E+00  0.000000000000000E+00  0.000000000000000E+00
 0.790000E+02  0.000000000000000E+00  0.000000000000000E+00  0.000000000000000E+00
 0.800000E+02  0.000000000000000E+00  0.000000000000000E+00  0.000000000000000E+00
 0.810000E+02  0.000000000000000E+00  0.000000000000000E+00  0.000000000000000E+00
 0.820000E+02  0.000000000000000E+00  0.000000000000000E+00  0.000000000000000E+00
 0.830000E+02  0.000000000000000E+00  0.000000000000000E+00  0.000000000000000E+00
 0.840000E+02  0.000000000000000E+00  0.000000000000000E+00  0.000000000000000E+00
 0.850000E+02  0.000000000000000E+00  0.000000000000000E+00  0.000000000000000E+00
 0.860000E+02  0.000000000000000E+00  0.000000000000000E+00  0.000000000000000E+00
 0.870000E+02  0.000000000000000E+00  0.000000000000000E+00  0.000000000000000E+00
 0.880000E+02  0.000000000000000E+00  0.000000000000000E+00  0.000000000000000E+00
 0.890000E+02  0.000000000000000E+00  0.000000000000000E+00  0.000000000000000E+00
 0.900000E+02  0.000000000000000E+00  0.000000000000000E+00  0.000000000000000E+00
 0.910000E+02  0.000000000000000E+00  0.000000000000000E+00  0.000000000000000E+00
 0.920000E+02  0.000000000000000E+00  0.000000000000000E+00  0.000000000000000E+00
 0.930000E+02  0.000000000000000E+00  0.000000000000000E+00  0.000000000000000E+00
 0.940000E+02  0.000000000000000E+00  0.000000000000000E+00  0.000000000000000E+00
 0.950000E+02  0.000000000000000E+00  0.000000000000000E+00  0.000000000000000E+00
 0.960000E+02  0.000000000000000E+00  0.000000000000000E+00  0.000000000000000E+00
