 0.100000E+01  0.847409526338394E+00
 0.200000E+01  0.495747803383728E-01
 0.300000E+01  0.202891240855273E-01
 0.400000E+01  0.221164650519941E-01
 0.500000E+01  0.125944865496065E-01
 0.600000E+01  0.126691885281336E-01
 0.700000E+01  0.122986290517820E-01
 0.800000E+01  0.903487866654024E-02
 0.900000E+01  0.920867853383711E-02
 0.100000E+02  0.452173987093201E-02
 0.110000E+02  0.409589193444619E-02
 0.120000E+02  0.283317700519445E-02
 0.130000E+02  0.270468080293989E-02
 0.140000E+02  0.219826700643261E-02
 0.150000E+02  0.157058978947247E-02
 0.160000E+02  0.146323257381261E-02
 0.170000E+02  0.131595653032029E-02
 0.180000E+02  0.971222427170363E-03
 0.190000E+02  0.746487736477491E-03
 0.200000E+02  0.620903985929044E-03
 0.210000E+02  0.631825091568250E-03
 0.220000E+02  0.443485702771786E-03
 0.230000E+02  0.376830152892000E-03
 0.240000E+02  0.330314210147482E-03
 0.250000E+02  0.279034230662110E-03
 0.260000E+02  0.261581743270399E-03
 0.270000E+02  0.175409044999539E-03
 0.280000E+02  0.156850871728526E-03
 0.290000E+02  0.130564970106193E-03
 0.300000E+02  0.112031904911062E-03
 0.310000E+02  0.100657762923786E-03
 0.320000E+02  0.767634233568513E-04
 0.330000E+02  0.697245944368599E-04
 0.340000E+02  0.595159695906301E-04
 0.350000E+02  0.505299557626569E-04
 0.360000E+02  0.458637631948552E-04
 0.370000E+02  0.376705876591251E-04
 0.380000E+02  0.322503814611002E-04
 0.390000E+02  0.273979454569387E-04
 0.400000E+02  0.254059673170624E-04
 0.410000E+02  0.216427605221154E-04
 0.420000E+02  0.190166637044346E-04
 0.430000E+02  0.167327173247814E-04
 0.440000E+02  0.141883680999258E-04
 0.450000E+02  0.125233464885425E-04
 0.460000E+02  0.112602707925921E-04
 0.470000E+02  0.101647997823765E-04
 0.480000E+02  0.879410044758395E-05
 0.490000E+02  0.753737741388449E-05
 0.500000E+02  0.678294580339523E-05
 0.510000E+02  0.548033175713097E-05
 0.520000E+02  0.476558902976992E-05
 0.530000E+02  0.443359416746758E-05
 0.540000E+02  0.354843723703163E-05
 0.550000E+02  0.333001892468049E-05
 0.560000E+02  0.296792792861206E-05
 0.570000E+02  0.258739453025719E-05
 0.580000E+02  0.229569726397820E-05
 0.590000E+02  0.204654620087867E-05
 0.600000E+02  0.182910022891712E-05
 0.610000E+02  0.147287088273222E-05
 0.620000E+02  0.128113712011717E-05
 0.630000E+02  0.755733291552135E-06
 0.640000E+02  0.255101381278525E-06
 0.650000E+02  0.000000000000000E+00
 0.660000E+02  0.000000000000000E+00
 0.670000E+02  0.000000000000000E+00
 0.680000E+02  0.000000000000000E+00
 0.690000E+02  0.000000000000000E+00
 0.700000E+02  0.000000000000000E+00
 0.710000E+02  0.000000000000000E+00
 0.720000E+02  0.000000000000000E+00
 0.730000E+02  0.000000000000000E+00
 0.740000E+02  0.000000000000000E+00
 0.750000E+02  0.000000000000000E+00
 0.760000E+02  0.000000000000000E+00
 0.770000E+02  0.000000000000000E+00
 0.780000E+02  0.000000000000000E+00
 0.790000E+02  0.000000000000000E+00
 0.800000E+02  0.000000000000000E+00
 0.810000E+02  0.000000000000000E+00
 0.820000E+02  0.000000000000000E+00
 0.830000E+02  0.000000000000000E+00
 0.840000E+02  0.000000000000000E+00
 0.850000E+02  0.000000000000000E+00
 0.860000E+02  0.000000000000000E+00
 0.870000E+02  0.000000000000000E+00
 0.880000E+02  0.000000000000000E+00
 0.890000E+02  0.000000000000000E+00
 0.900000E+02  0.000000000000000E+00
 0.910000E+02  0.000000000000000E+00
 0.920000E+02  0.000000000000000E+00
 0.930000E+02  0.000000000000000E+00
 0.940000E+02  0.000000000000000E+00
 0.950000E+02  0.000000000000000E+00
 0.960000E+02  0.000000000000000E+00
 0.970000E+02  0.000000000000000E+00
