 0.000000E+00  0.686414882705732E-04  0.000000000000000E+00  0.000000000000000E+00
 0.100000E+01  0.626391741124990E+00  0.506653160188847E+00  0.119729974307120E+00
 0.200000E+01  0.436779758208346E-01  0.119954258635466E-08  0.436704645690043E-01
 0.300000E+01  0.224052514540122E-01  0.186424459159770E-08  0.223962528398260E-01
 0.400000E+01  0.614532018751882E-02  0.113464604725722E-08  0.614020743705623E-02
 0.500000E+01  0.130165460650214E-01  0.112829104929489E-08  0.130057615169790E-01
 0.600000E+01  0.339816898209639E-02  0.832403126082518E-09  0.339420971952364E-02
 0.700000E+01  0.456367369893515E-02  0.112701129011865E-08  0.455697054526638E-02
 0.800000E+01  0.271651393551506E-02  0.967660617975409E-09  0.271086141419374E-02
 0.900000E+01  0.103978238492284E-02  0.115325014528279E-08  0.103730557128912E-02
 0.100000E+02  0.207717406384213E-02  0.103317445586035E-08  0.207132582572078E-02
 0.110000E+02  0.671719822159924E-03  0.525538776803254E-09  0.669582477830902E-03
 0.120000E+02  0.915206487242989E-03  0.796646335408917E-09  0.911407440598707E-03
 0.130000E+02  0.602008016364804E-03  0.506474180588076E-09  0.598993184580883E-03
 0.140000E+02  0.298088434030665E-03  0.401465504415476E-09  0.296415789964276E-03
 0.150000E+02  0.452561954112078E-03  0.541478222189598E-09  0.449824924378090E-03
 0.160000E+02  0.150489362521986E-03  0.244684323832665E-09  0.149429229745549E-03
 0.170000E+02  0.185588792349605E-03  0.555380513384521E-09  0.184043510776456E-03
 0.180000E+02  0.133328194801317E-03  0.361426563502720E-09  0.132011799775983E-03
 0.190000E+02  0.661823867366879E-04  0.346164149490603E-09  0.654495394153082E-04
 0.200000E+02  0.917264734976967E-04  0.381183296505958E-09  0.905938629760827E-04
 0.210000E+02  0.319771591033548E-04  0.222725382288438E-09  0.315111819271631E-04
 0.220000E+02  0.353715157354186E-04  0.338459750372218E-09  0.348040130204719E-04
 0.230000E+02  0.272300318747468E-04  0.358247262253661E-09  0.267047291506832E-04
 0.240000E+02  0.132994844259925E-04  0.251985558832878E-09  0.130167235551361E-04
 0.250000E+02  0.176191326547899E-04  0.325995173495347E-09  0.171986329651615E-04
 0.260000E+02  0.641236964420757E-05  0.168062487132550E-09  0.624249316715291E-05
 0.270000E+02  0.663485583170075E-05  0.202134218768646E-09  0.644445925607322E-05
 0.280000E+02  0.519442960541637E-05  0.256053133773893E-09  0.502182098061145E-05
 0.290000E+02  0.247981450576639E-05  0.155381342086544E-09  0.239115430439791E-05
 0.300000E+02  0.314940462841927E-05  0.223827236978663E-09  0.302414777529671E-05
 0.310000E+02  0.120543021323724E-05  0.102242844228336E-09  0.115428583809713E-05
 0.320000E+02  0.116680861776332E-05  0.114516247187027E-09  0.111346432890560E-05
 0.330000E+02  0.911790610652171E-06  0.140522607237589E-09  0.865096750160532E-06
 0.340000E+02  0.427254514359335E-06  0.784077350295498E-10  0.403997426242126E-06
 0.350000E+02  0.514490884191060E-06  0.117327638782045E-09  0.483662451474859E-06
 0.360000E+02  0.207435366424749E-06  0.518480317962558E-10  0.194445515678028E-06
 0.370000E+02  0.187998479235953E-06  0.555396299556619E-10  0.175322422938565E-06
 0.380000E+02  0.145522416166249E-06  0.628767778164568E-10  0.134763440536717E-06
 0.390000E+02  0.670763122851801E-07  0.328244555089194E-10  0.618357049961747E-07
 0.400000E+02  0.765834241146717E-07  0.487419297058557E-10  0.700360157880675E-07
 0.410000E+02  0.323267718541797E-07  0.217918829156566E-10  0.294655165704812E-07
 0.420000E+02  0.274848169553233E-07  0.222756720751185E-10  0.248605002934230E-07
 0.430000E+02  0.210223408256775E-07  0.233137209558137E-10  0.188504332962416E-07
 0.440000E+02  0.959330598970257E-08  0.115516541246511E-10  0.854806720201820E-08
 0.450000E+02  0.103663941061578E-07  0.164688196368922E-10  0.913580603959816E-08
 0.460000E+02  0.455785139170875E-08  0.755373492893459E-11  0.399996168591190E-08
 0.470000E+02  0.364678074721715E-08  0.729605529718217E-11  0.316457030181570E-08
 0.480000E+02  0.275698494995035E-08  0.713611882908567E-11  0.236443944499937E-08
 0.490000E+02  0.125242888274952E-08  0.342559655730420E-11  0.106484783702168E-08
 0.500000E+02  0.128192949654210E-08  0.459114199131458E-11  0.107247246866744E-08
 0.510000E+02  0.585322655230649E-09  0.215120217593113E-11  0.486845242776402E-09
 0.520000E+02  0.442136237222050E-09  0.196718100866385E-11  0.361457246244661E-09
 0.530000E+02  0.331116545355397E-09  0.182127096524941E-11  0.265503717657713E-09
 0.540000E+02  0.150937272623539E-09  0.843394581450367E-12  0.119780662355152E-09
 0.550000E+02  0.146807628945175E-09  0.106914100665364E-11  0.113241030641875E-09
 0.560000E+02  0.695519716653083E-10  0.536954313027575E-12  0.529293806018209E-10
 0.570000E+02  0.500243548316763E-10  0.433764106807472E-12  0.371220658705400E-10
 0.580000E+02  0.369058851495199E-10  0.371246776178072E-12  0.264126951919638E-10
 0.590000E+02  0.183701362219663E-10  0.218739093348748E-12  0.127542332436739E-10
 0.600000E+02  0.169324560230137E-10  0.226333762978933E-12  0.111987230395046E-10
 0.610000E+02  0.641363076389060E-11  0.713146226233151E-13  0.415354592851561E-11
 0.620000E+02  0.777722284995790E-11  0.132587041271098E-12  0.469772271161186E-11
 0.630000E+02  0.758119987982585E-11  0.131848735189358E-12  0.432187198384606E-11
 0.640000E+02  0.987461399102901E-20  0.154394998680837E-21  0.972021899234818E-20
 0.650000E+02  0.000000000000000E+00  0.000000000000000E+00  0.000000000000000E+00
 0.660000E+02  0.000000000000000E+00  0.000000000000000E+00  0.000000000000000E+00
 0.670000E+02  0.000000000000000E+00  0.000000000000000E+00  0.000000000000000E+00
 0.680000E+02  0.000000000000000E+00  0.000000000000000E+00  0.000000000000000E+00
 0.690000E+02  0.000000000000000E+00  0.000000000000000E+00  0.000000000000000E+00
 0.700000E+02  0.000000000000000E+00  0.000000000000000E+00  0.000000000000000E+00
 0.710000E+02  0.000000000000000E+00  0.000000000000000E+00  0.000000000000000E+00
 0.720000E+02  0.000000000000000E+00  0.000000000000000E+00  0.000000000000000E+00
 0.730000E+02  0.000000000000000E+00  0.000000000000000E+00  0.000000000000000E+00
 0.740000E+02  0.000000000000000E+00  0.000000000000000E+00  0.000000000000000E+00
 0.750000E+02  0.000000000000000E+00  0.000000000000000E+00  0.000000000000000E+00
 0.760000E+02  0.000000000000000E+00  0.000000000000000E+00  0.000000000000000E+00
 0.770000E+02  0.000000000000000E+00  0.000000000000000E+00  0.000000000000000E+00
 0.780000E+02  0.000000000000000E+00  0.000000000000000E+00  0.000000000000000E+00
 0.790000E+02  0.000000000000000E+00  0.000000000000000E+00  0.000000000000000E+00
 0.800000E+02  0.000000000000000E+00  0.000000000000000E+00  0.000000000000000E+00
 0.810000E+02  0.000000000000000E+00  0.000000000000000E+00  0.000000000000000E+00
 0.820000E+02  0.000000000000000E+00  0.000000000000000E+00  0.000000000000000E+00
 0.830000E+02  0.000000000000000E+00  0.000000000000000E+00  0.000000000000000E+00
 0.840000E+02  0.000000000000000E+00  0.000000000000000E+00  0.000000000000000E+00
 0.850000E+02  0.000000000000000E+00  0.000000000000000E+00  0.000000000000000E+00
 0.860000E+02  0.000000000000000E+00  0.000000000000000E+00  0.000000000000000E+00
 0.870000E+02  0.000000000000000E+00  0.000000000000000E+00  0.000000000000000E+00
 0.880000E+02  0.000000000000000E+00  0.000000000000000E+00  0.000000000000000E+00
 0.890000E+02  0.000000000000000E+00  0.000000000000000E+00  0.000000000000000E+00
 0.900000E+02  0.000000000000000E+00  0.000000000000000E+00  0.000000000000000E+00
 0.910000E+02  0.000000000000000E+00  0.000000000000000E+00  0.000000000000000E+00
 0.920000E+02  0.000000000000000E+00  0.000000000000000E+00  0.000000000000000E+00
 0.930000E+02  0.000000000000000E+00  0.000000000000000E+00  0.000000000000000E+00
 0.940000E+02  0.000000000000000E+00  0.000000000000000E+00  0.000000000000000E+00
 0.950000E+02  0.000000000000000E+00  0.000000000000000E+00  0.000000000000000E+00
 0.960000E+02  0.000000000000000E+00  0.000000000000000E+00  0.000000000000000E+00
