 0.000000E+00  0.981630909489888E+00  0.630501174660539E+00  0.351129734829347E+00
 0.100000E+01  0.286735310849923E-01  0.189728355650055E-01  0.970069551998682E-02
 0.200000E+01  0.588051292203879E-02  0.367307263627295E-02  0.220744028576583E-02
 0.300000E+01  0.287714494455358E-02  0.183898770869135E-02  0.103815723586223E-02
 0.400000E+01  0.142304392918082E-02  0.931973557423013E-03  0.491070371757805E-03
 0.500000E+01  0.606292461914782E-03  0.399241119955384E-03  0.207051341959398E-03
 0.600000E+01  0.327452616398837E-03  0.214638439819168E-03  0.112814176579668E-03
 0.700000E+01  0.183218319912255E-03  0.124288954543028E-03  0.589293653692265E-04
 0.800000E+01  0.942130613861739E-04  0.648312337816969E-04  0.293818276044769E-04
 0.900000E+01  0.512314581510303E-04  0.343546291162026E-04  0.168768290348277E-04
 0.100000E+02  0.348125295790206E-04  0.231859150254939E-04  0.116266145535267E-04
 0.110000E+02  0.198130688864831E-04  0.136786180420324E-04  0.613445084445075E-05
 0.120000E+02  0.126162910453718E-04  0.911776565239576E-05  0.349852539297604E-05
 0.130000E+02  0.822698529225934E-05  0.598436860210490E-05  0.224261669015445E-05
 0.140000E+02  0.358791819628314E-05  0.253539396750881E-05  0.105252422877434E-05
 0.150000E+02  0.672926787817404E-06  0.513065300370742E-06  0.159861487446661E-06
 0.160000E+02  0.563503133044208E-10  0.563503133044208E-10  0.000000000000000E+00
 0.170000E+02  0.000000000000000E+00  0.000000000000000E+00  0.000000000000000E+00
 0.180000E+02  0.000000000000000E+00  0.000000000000000E+00  0.000000000000000E+00
 0.190000E+02  0.000000000000000E+00  0.000000000000000E+00  0.000000000000000E+00
 0.200000E+02  0.000000000000000E+00  0.000000000000000E+00  0.000000000000000E+00
 0.210000E+02  0.000000000000000E+00  0.000000000000000E+00  0.000000000000000E+00
 0.220000E+02  0.000000000000000E+00  0.000000000000000E+00  0.000000000000000E+00
 0.230000E+02  0.000000000000000E+00  0.000000000000000E+00  0.000000000000000E+00
 0.240000E+02  0.000000000000000E+00  0.000000000000000E+00  0.000000000000000E+00
