 0.000000E+00  0.175205859145310E-03  0.000000000000000E+00  0.000000000000000E+00
 0.100000E+01  0.450217618434478E+00  0.232466548522535E+00  0.217745130881667E+00
 0.200000E+01  0.571329257897708E-01  0.128258625387012E-07  0.571117375511676E-01
 0.300000E+01  0.128048626569687E-01  0.706521063875698E-08  0.127807634416968E-01
 0.400000E+01  0.808380439024194E-02  0.142075170239675E-07  0.805982495512580E-02
 0.500000E+01  0.146152067913260E-01  0.331031606813637E-07  0.145729763851676E-01
 0.600000E+01  0.438684206469727E-02  0.110064167313604E-07  0.436420388328429E-02
 0.700000E+01  0.554937189634610E-02  0.118076371341015E-07  0.552104227308803E-02
 0.800000E+01  0.247968838834327E-02  0.140006622042360E-07  0.245813548316676E-02
 0.900000E+01  0.163404158163859E-02  0.686404092660226E-08  0.161875230080799E-02
 0.100000E+02  0.138888321096645E-02  0.154349121934093E-07  0.137510298513971E-02
 0.110000E+02  0.813380602574284E-03  0.918652650271860E-08  0.803921066671303E-03
 0.120000E+02  0.747550137004254E-03  0.123935607790853E-07  0.738730830697329E-03
 0.130000E+02  0.492466498581338E-03  0.102482549990587E-07  0.485205581369065E-03
 0.140000E+02  0.305353124125892E-03  0.720749328536591E-08  0.300678180155793E-03
 0.150000E+02  0.412723997283080E-03  0.812609861370204E-08  0.406658549742742E-03
 0.160000E+02  0.232343480346146E-03  0.546287004057942E-08  0.228633203900912E-03
 0.170000E+02  0.282474401328979E-03  0.685071803951001E-08  0.277914523609689E-03
 0.180000E+02  0.173982742241959E-03  0.481182511519064E-08  0.171050400268483E-03
 0.190000E+02  0.113766390567213E-03  0.364193191570780E-08  0.111601732310270E-03
 0.200000E+02  0.141983552396646E-03  0.378556167274559E-08  0.139468706531867E-03
 0.210000E+02  0.773583337187327E-04  0.259240453270852E-08  0.757808787920238E-04
 0.220000E+02  0.800834904198501E-04  0.279088063599672E-08  0.784972290043844E-04
 0.230000E+02  0.553410660759396E-04  0.171210655284608E-08  0.541325466705922E-04
 0.240000E+02  0.361355006383613E-04  0.140085597591775E-08  0.352993314583396E-04
 0.250000E+02  0.449004268191973E-04  0.173339199676218E-08  0.438720940383296E-04
 0.260000E+02  0.221172170307578E-04  0.121463927855612E-08  0.215509349362094E-04
 0.270000E+02  0.230825464897765E-04  0.131689543501246E-08  0.224970789535599E-04
 0.280000E+02  0.167954494221288E-04  0.961518329329855E-09  0.163380473714880E-04
 0.290000E+02  0.107970927541864E-04  0.700240636357773E-09  0.104781589974330E-04
 0.300000E+02  0.130287341947787E-04  0.834036739473994E-09  0.126391554454053E-04
 0.310000E+02  0.606290101526558E-05  0.477870111385258E-09  0.586014718768932E-05
 0.320000E+02  0.638496141209490E-05  0.514447350012112E-09  0.616883702507643E-05
 0.330000E+02  0.472364116877774E-05  0.367544483743005E-09  0.455593458696334E-05
 0.340000E+02  0.305261561077040E-05  0.269947922846046E-09  0.293362510299912E-05
 0.350000E+02  0.350154399711833E-05  0.297763246092096E-09  0.336785626757752E-05
 0.360000E+02  0.161537140056042E-05  0.165117105130107E-09  0.154661894518960E-05
 0.370000E+02  0.170741428294214E-05  0.162411737654409E-09  0.163322294883248E-05
 0.380000E+02  0.126112984333067E-05  0.120022822654984E-09  0.120323776970213E-05
 0.390000E+02  0.787456095299499E-06  0.800697256424097E-10  0.748930006527257E-06
 0.400000E+02  0.903303997882017E-06  0.855714206988676E-10  0.859522648985256E-06
 0.410000E+02  0.414195128367888E-06  0.450951717418079E-10  0.391901866132241E-06
 0.420000E+02  0.437776499023172E-06  0.436412931003063E-10  0.413828011691143E-06
 0.430000E+02  0.310905175427979E-06  0.323396968192007E-10  0.292917973405711E-06
 0.440000E+02  0.195937025936730E-06  0.218778000070868E-10  0.184016022122797E-06
 0.450000E+02  0.216708693495338E-06  0.231100450193492E-10  0.203489690106210E-06
 0.460000E+02  0.997565345457408E-07  0.127369702273928E-10  0.930618666381818E-07
 0.470000E+02  0.104135474317519E-06  0.132402213147556E-10  0.970979242419485E-07
 0.480000E+02  0.715771976787353E-07  0.942871759905494E-11  0.663786922912937E-07
 0.490000E+02  0.448177026823426E-07  0.714763043592798E-11  0.414762730236274E-07
 0.500000E+02  0.474833758292701E-07  0.747437704664432E-11  0.438640058535583E-07
 0.510000E+02  0.221285866098373E-07  0.477241418525979E-11  0.202901432302161E-07
 0.520000E+02  0.222631124585514E-07  0.494718735754866E-11  0.204169873387349E-07
 0.530000E+02  0.150217641226779E-07  0.336697578377623E-11  0.136739741801450E-07
 0.540000E+02  0.907925319502668E-08  0.306604766912671E-11  0.824788601982927E-08
 0.550000E+02  0.922626005576960E-08  0.307595390811913E-11  0.834963938399683E-08
 0.560000E+02  0.472481416406541E-08  0.207660000151752E-11  0.424635873103185E-08
 0.570000E+02  0.416045490050082E-08  0.228967370232424E-11  0.373231112470460E-08
 0.580000E+02  0.250977867164977E-08  0.134372957404029E-11  0.223058485896544E-08
 0.590000E+02  0.207704686404305E-08  0.160254348058557E-11  0.183978260788083E-08
 0.600000E+02  0.176991058354230E-08  0.150895717657408E-11  0.156087361373568E-08
 0.610000E+02  0.491614001548765E-09  0.676869797748995E-12  0.425821234942300E-09
 0.620000E+02  0.103328719723166E-08  0.114583423295802E-11  0.901689300050935E-09
 0.630000E+02  0.962674635877044E-09  0.144862846533630E-11  0.832991929316946E-09
 0.640000E+02  0.850192235447497E-17  0.103715887099118E-17  0.746476348348379E-17
 0.650000E+02  0.000000000000000E+00  0.000000000000000E+00  0.000000000000000E+00
 0.660000E+02  0.000000000000000E+00  0.000000000000000E+00  0.000000000000000E+00
 0.670000E+02  0.000000000000000E+00  0.000000000000000E+00  0.000000000000000E+00
 0.680000E+02  0.000000000000000E+00  0.000000000000000E+00  0.000000000000000E+00
 0.690000E+02  0.000000000000000E+00  0.000000000000000E+00  0.000000000000000E+00
 0.700000E+02  0.000000000000000E+00  0.000000000000000E+00  0.000000000000000E+00
 0.710000E+02  0.000000000000000E+00  0.000000000000000E+00  0.000000000000000E+00
 0.720000E+02  0.000000000000000E+00  0.000000000000000E+00  0.000000000000000E+00
 0.730000E+02  0.000000000000000E+00  0.000000000000000E+00  0.000000000000000E+00
 0.740000E+02  0.000000000000000E+00  0.000000000000000E+00  0.000000000000000E+00
 0.750000E+02  0.000000000000000E+00  0.000000000000000E+00  0.000000000000000E+00
 0.760000E+02  0.000000000000000E+00  0.000000000000000E+00  0.000000000000000E+00
 0.770000E+02  0.000000000000000E+00  0.000000000000000E+00  0.000000000000000E+00
 0.780000E+02  0.000000000000000E+00  0.000000000000000E+00  0.000000000000000E+00
 0.790000E+02  0.000000000000000E+00  0.000000000000000E+00  0.000000000000000E+00
 0.800000E+02  0.000000000000000E+00  0.000000000000000E+00  0.000000000000000E+00
 0.810000E+02  0.000000000000000E+00  0.000000000000000E+00  0.000000000000000E+00
 0.820000E+02  0.000000000000000E+00  0.000000000000000E+00  0.000000000000000E+00
 0.830000E+02  0.000000000000000E+00  0.000000000000000E+00  0.000000000000000E+00
 0.840000E+02  0.000000000000000E+00  0.000000000000000E+00  0.000000000000000E+00
 0.850000E+02  0.000000000000000E+00  0.000000000000000E+00  0.000000000000000E+00
 0.860000E+02  0.000000000000000E+00  0.000000000000000E+00  0.000000000000000E+00
 0.870000E+02  0.000000000000000E+00  0.000000000000000E+00  0.000000000000000E+00
 0.880000E+02  0.000000000000000E+00  0.000000000000000E+00  0.000000000000000E+00
 0.890000E+02  0.000000000000000E+00  0.000000000000000E+00  0.000000000000000E+00
 0.900000E+02  0.000000000000000E+00  0.000000000000000E+00  0.000000000000000E+00
 0.910000E+02  0.000000000000000E+00  0.000000000000000E+00  0.000000000000000E+00
 0.920000E+02  0.000000000000000E+00  0.000000000000000E+00  0.000000000000000E+00
 0.930000E+02  0.000000000000000E+00  0.000000000000000E+00  0.000000000000000E+00
 0.940000E+02  0.000000000000000E+00  0.000000000000000E+00  0.000000000000000E+00
 0.950000E+02  0.000000000000000E+00  0.000000000000000E+00  0.000000000000000E+00
 0.960000E+02  0.000000000000000E+00  0.000000000000000E+00  0.000000000000000E+00
