 0.100000E+01  0.353439392566973E+00
 0.200000E+01  0.204624644003978E-04
 0.300000E+01  0.513959409481402E-06
 0.400000E+01  0.123009721808754E-07
 0.500000E+01  0.737342677622453E-11
 0.600000E+01  0.163040301355118E-12
 0.700000E+01  0.674585565116048E-15
 0.800000E+01  0.816583140460583E-17
 0.900000E+01  0.106233398694639E-17
 0.100000E+02  0.191008760127693E-18
 0.110000E+02  0.254874610038731E-17
 0.120000E+02  0.186154822064038E-18
 0.130000E+02  0.109797930670622E-17
 0.140000E+02  0.114252439410128E-18
 0.150000E+02  0.264156230244612E-18
 0.160000E+02  0.630091927620454E-19
 0.170000E+02  0.808284182194684E-18
 0.180000E+02  0.371498372995953E-19
 0.190000E+02  0.774968324742185E-19
 0.200000E+02  0.196836066760610E-19
 0.210000E+02  0.283671460590574E-19
 0.220000E+02  0.205936730165894E-19
 0.230000E+02  0.236774146716750E-18
 0.240000E+02  0.363285776313159E-19
 0.250000E+02  0.682488945280508E-18
 0.260000E+02  0.385338953742389E-19
 0.270000E+02  0.242174116501904E-19
 0.280000E+02  0.167878111653066E-19
 0.290000E+02  0.223714374089263E-19
 0.300000E+02  0.177520101284327E-19
 0.310000E+02  0.229488325622950E-18
 0.320000E+02  0.209515423054845E-19
 0.330000E+02  0.414214653299132E-19
 0.340000E+02  0.128165340318023E-19
 0.350000E+02  0.184077770225939E-18
 0.360000E+02  0.195978217711452E-19
 0.370000E+02  0.151426336334638E-18
 0.380000E+02  0.126263139779473E-19
 0.390000E+02  0.195757334348386E-19
 0.400000E+02  0.838394088779405E-20
 0.410000E+02  0.244972016930165E-19
 0.420000E+02  0.832268467722495E-20
 0.430000E+02  0.883151347668967E-20
 0.440000E+02  0.564741595954467E-20
 0.450000E+02  0.536720003361281E-20
 0.460000E+02  0.545874971139072E-20
 0.470000E+02  0.531176300188634E-19
 0.480000E+02  0.120477358663895E-19
 0.490000E+02  0.803828759566613E-19
 0.500000E+02  0.766922151653904E-20
 0.510000E+02  0.403672959363831E-20
 0.520000E+02  0.351641830113731E-20
 0.530000E+02  0.467360160181196E-20
 0.540000E+02  0.406648420740421E-20
 0.550000E+02  0.241571856420956E-19
 0.560000E+02  0.336016750710694E-20
 0.570000E+02  0.183201302663034E-19
 0.580000E+02  0.262645788185482E-20
 0.590000E+02  0.145831998640562E-19
 0.600000E+02  0.242547732796392E-20
 0.610000E+02  0.342753356771114E-19
 0.620000E+02  0.189618857690728E-20
 0.630000E+02  0.954641142922759E-20
 0.640000E+02  0.201891488766638E-21
 0.650000E+02  0.000000000000000E+00
 0.660000E+02  0.000000000000000E+00
 0.670000E+02  0.000000000000000E+00
 0.680000E+02  0.000000000000000E+00
 0.690000E+02  0.000000000000000E+00
 0.700000E+02  0.000000000000000E+00
 0.710000E+02  0.000000000000000E+00
 0.720000E+02  0.000000000000000E+00
 0.730000E+02  0.000000000000000E+00
 0.740000E+02  0.000000000000000E+00
 0.750000E+02  0.000000000000000E+00
 0.760000E+02  0.000000000000000E+00
 0.770000E+02  0.000000000000000E+00
 0.780000E+02  0.000000000000000E+00
 0.790000E+02  0.000000000000000E+00
 0.800000E+02  0.000000000000000E+00
 0.810000E+02  0.000000000000000E+00
 0.820000E+02  0.000000000000000E+00
 0.830000E+02  0.000000000000000E+00
 0.840000E+02  0.000000000000000E+00
 0.850000E+02  0.000000000000000E+00
 0.860000E+02  0.000000000000000E+00
 0.870000E+02  0.000000000000000E+00
 0.880000E+02  0.000000000000000E+00
 0.890000E+02  0.000000000000000E+00
 0.900000E+02  0.000000000000000E+00
 0.910000E+02  0.000000000000000E+00
 0.920000E+02  0.000000000000000E+00
 0.930000E+02  0.000000000000000E+00
 0.940000E+02  0.000000000000000E+00
 0.950000E+02  0.000000000000000E+00
 0.960000E+02  0.000000000000000E+00
 0.970000E+02  0.000000000000000E+00
