 0.100000E+01  0.443544416142294E+00
 0.200000E+01  0.350580680267603E-01
 0.300000E+01  0.112925530847263E-01
 0.400000E+01  0.281204251757477E-01
 0.500000E+01  0.606430901663390E-02
 0.600000E+01  0.951998322994690E-02
 0.700000E+01  0.546017275982030E-02
 0.800000E+01  0.293650664379235E-02
 0.900000E+01  0.330697798146340E-02
 0.100000E+02  0.147665233702818E-02
 0.110000E+02  0.117320764881834E-02
 0.120000E+02  0.669045177404698E-03
 0.130000E+02  0.846702714424270E-03
 0.140000E+02  0.417850244194729E-03
 0.150000E+02  0.297636059413779E-03
 0.160000E+02  0.217902653689333E-03
 0.170000E+02  0.149377965764468E-03
 0.180000E+02  0.817990855202736E-04
 0.190000E+02  0.521828995894995E-04
 0.200000E+02  0.342854902410408E-04
 0.210000E+02  0.353339110569838E-04
 0.220000E+02  0.185212729938381E-04
 0.230000E+02  0.126413396000846E-04
 0.240000E+02  0.108067620802592E-04
 0.250000E+02  0.666821308333121E-05
 0.260000E+02  0.619469122221382E-05
 0.270000E+02  0.314057441555224E-05
 0.280000E+02  0.225986551983612E-05
 0.290000E+02  0.199091586271752E-05
 0.300000E+02  0.170680416262551E-05
 0.310000E+02  0.113424219303519E-05
 0.320000E+02  0.741929199530715E-06
 0.330000E+02  0.460670347147708E-06
 0.340000E+02  0.499915342124316E-06
 0.350000E+02  0.212560821608851E-06
 0.360000E+02  0.177914543738818E-06
 0.370000E+02  0.133565363295162E-06
 0.380000E+02  0.103871429053285E-06
 0.390000E+02  0.728976869190965E-07
 0.400000E+02  0.405596766633251E-07
 0.410000E+02  0.264579912827581E-07
 0.420000E+02  0.191342896195039E-07
 0.430000E+02  0.167232156045769E-07
 0.440000E+02  0.872570687701012E-08
 0.450000E+02  0.556933181928054E-08
 0.460000E+02  0.371855558970705E-08
 0.470000E+02  0.255113833428551E-08
 0.480000E+02  0.202929146228724E-08
 0.490000E+02  0.973892208890707E-09
 0.500000E+02  0.605848518531269E-09
 0.510000E+02  0.504354716392236E-09
 0.520000E+02  0.261511070262585E-09
 0.530000E+02  0.145345363788499E-09
 0.540000E+02  0.997882895265315E-10
 0.550000E+02  0.646699287105365E-10
 0.560000E+02  0.468342876992731E-10
 0.570000E+02  0.232787631625123E-10
 0.580000E+02  0.134208422754200E-10
 0.590000E+02  0.953473597695640E-11
 0.600000E+02  0.645445039858292E-11
 0.610000E+02  0.375951833510735E-11
 0.620000E+02  0.261883798720143E-11
 0.630000E+02  0.168572412779871E-11
 0.640000E+02  0.992916586293738E-12
 0.650000E+02  0.000000000000000E+00
 0.660000E+02  0.000000000000000E+00
 0.670000E+02  0.000000000000000E+00
 0.680000E+02  0.000000000000000E+00
 0.690000E+02  0.000000000000000E+00
 0.700000E+02  0.000000000000000E+00
 0.710000E+02  0.000000000000000E+00
 0.720000E+02  0.000000000000000E+00
 0.730000E+02  0.000000000000000E+00
 0.740000E+02  0.000000000000000E+00
 0.750000E+02  0.000000000000000E+00
 0.760000E+02  0.000000000000000E+00
 0.770000E+02  0.000000000000000E+00
 0.780000E+02  0.000000000000000E+00
 0.790000E+02  0.000000000000000E+00
 0.800000E+02  0.000000000000000E+00
 0.810000E+02  0.000000000000000E+00
 0.820000E+02  0.000000000000000E+00
 0.830000E+02  0.000000000000000E+00
 0.840000E+02  0.000000000000000E+00
 0.850000E+02  0.000000000000000E+00
 0.860000E+02  0.000000000000000E+00
 0.870000E+02  0.000000000000000E+00
 0.880000E+02  0.000000000000000E+00
 0.890000E+02  0.000000000000000E+00
 0.900000E+02  0.000000000000000E+00
 0.910000E+02  0.000000000000000E+00
 0.920000E+02  0.000000000000000E+00
 0.930000E+02  0.000000000000000E+00
 0.940000E+02  0.000000000000000E+00
 0.950000E+02  0.000000000000000E+00
 0.960000E+02  0.000000000000000E+00
 0.970000E+02  0.000000000000000E+00
