 0.100000E+01  0.682072499824048E+00
 0.200000E+01  0.440427385513045E-01
 0.300000E+01  0.230473219168078E-01
 0.400000E+01  0.242603568149197E-01
 0.500000E+01  0.184124260116536E-01
 0.600000E+01  0.167800417965081E-01
 0.700000E+01  0.161057145633663E-01
 0.800000E+01  0.938030499737671E-02
 0.900000E+01  0.834549544763915E-02
 0.100000E+02  0.423379256961226E-02
 0.110000E+02  0.393814745500553E-02
 0.120000E+02  0.311828425923101E-02
 0.130000E+02  0.286849065387911E-02
 0.140000E+02  0.222920027704609E-02
 0.150000E+02  0.150704790439044E-02
 0.160000E+02  0.140097434949603E-02
 0.170000E+02  0.115097963412595E-02
 0.180000E+02  0.863132865335689E-03
 0.190000E+02  0.703737872916440E-03
 0.200000E+02  0.515328303180538E-03
 0.210000E+02  0.512594296666895E-03
 0.220000E+02  0.396231969668459E-03
 0.230000E+02  0.328896933661819E-03
 0.240000E+02  0.285932780701154E-03
 0.250000E+02  0.219844572392787E-03
 0.260000E+02  0.201853372315576E-03
 0.270000E+02  0.153797475328117E-03
 0.280000E+02  0.149368178254987E-03
 0.290000E+02  0.116387418665693E-03
 0.300000E+02  0.984645609092821E-04
 0.310000E+02  0.902214828317305E-04
 0.320000E+02  0.686880179084459E-04
 0.330000E+02  0.615484887184608E-04
 0.340000E+02  0.508165423966952E-04
 0.350000E+02  0.429332563821618E-04
 0.360000E+02  0.407650963535226E-04
 0.370000E+02  0.340576828114587E-04
 0.380000E+02  0.321150394506531E-04
 0.390000E+02  0.265488572717059E-04
 0.400000E+02  0.230801713187209E-04
 0.410000E+02  0.207989656211791E-04
 0.420000E+02  0.184291944376426E-04
 0.430000E+02  0.167036065488474E-04
 0.440000E+02  0.140574303491675E-04
 0.450000E+02  0.123863053836779E-04
 0.460000E+02  0.109116492643370E-04
 0.470000E+02  0.948227734556603E-05
 0.480000E+02  0.847726750207094E-05
 0.490000E+02  0.721792341633644E-05
 0.500000E+02  0.692000828812070E-05
 0.510000E+02  0.552358285920242E-05
 0.520000E+02  0.505670741689230E-05
 0.530000E+02  0.499984264755993E-05
 0.540000E+02  0.368276263237700E-05
 0.550000E+02  0.337980900158828E-05
 0.560000E+02  0.290193488622760E-05
 0.570000E+02  0.264757572139400E-05
 0.580000E+02  0.232183306263995E-05
 0.590000E+02  0.200877662778131E-05
 0.600000E+02  0.162148123165072E-05
 0.610000E+02  0.127603262784337E-05
 0.620000E+02  0.102869785701469E-05
 0.630000E+02  0.668079272775655E-06
 0.640000E+02  0.219409520815463E-06
 0.650000E+02  0.000000000000000E+00
 0.660000E+02  0.000000000000000E+00
 0.670000E+02  0.000000000000000E+00
 0.680000E+02  0.000000000000000E+00
 0.690000E+02  0.000000000000000E+00
 0.700000E+02  0.000000000000000E+00
 0.710000E+02  0.000000000000000E+00
 0.720000E+02  0.000000000000000E+00
 0.730000E+02  0.000000000000000E+00
 0.740000E+02  0.000000000000000E+00
 0.750000E+02  0.000000000000000E+00
 0.760000E+02  0.000000000000000E+00
 0.770000E+02  0.000000000000000E+00
 0.780000E+02  0.000000000000000E+00
 0.790000E+02  0.000000000000000E+00
 0.800000E+02  0.000000000000000E+00
 0.810000E+02  0.000000000000000E+00
 0.820000E+02  0.000000000000000E+00
 0.830000E+02  0.000000000000000E+00
 0.840000E+02  0.000000000000000E+00
 0.850000E+02  0.000000000000000E+00
 0.860000E+02  0.000000000000000E+00
 0.870000E+02  0.000000000000000E+00
 0.880000E+02  0.000000000000000E+00
 0.890000E+02  0.000000000000000E+00
 0.900000E+02  0.000000000000000E+00
 0.910000E+02  0.000000000000000E+00
 0.920000E+02  0.000000000000000E+00
 0.930000E+02  0.000000000000000E+00
 0.940000E+02  0.000000000000000E+00
 0.950000E+02  0.000000000000000E+00
 0.960000E+02  0.000000000000000E+00
 0.970000E+02  0.000000000000000E+00
