 0.100000E+01  0.666358090183005E+00
 0.200000E+01  0.940606698503913E-01
 0.300000E+01  0.152019375626506E-01
 0.400000E+01  0.367798318614470E-01
 0.500000E+01  0.165871099275544E-01
 0.600000E+01  0.180964049426642E-01
 0.700000E+01  0.120873320364400E-01
 0.800000E+01  0.844193012969517E-02
 0.900000E+01  0.909382716907951E-02
 0.100000E+02  0.537196795756517E-02
 0.110000E+02  0.421373754560898E-02
 0.120000E+02  0.367831172241014E-02
 0.130000E+02  0.336522481842343E-02
 0.140000E+02  0.235225776265160E-02
 0.150000E+02  0.165021076921980E-02
 0.160000E+02  0.145895606884415E-02
 0.170000E+02  0.135188351487144E-02
 0.180000E+02  0.913732668618980E-03
 0.190000E+02  0.721971372265345E-03
 0.200000E+02  0.576352827238185E-03
 0.210000E+02  0.552025097693064E-03
 0.220000E+02  0.434238808259827E-03
 0.230000E+02  0.361051828159505E-03
 0.240000E+02  0.297553258018811E-03
 0.250000E+02  0.246948256807105E-03
 0.260000E+02  0.223453073181082E-03
 0.270000E+02  0.174532238330751E-03
 0.280000E+02  0.151840902328707E-03
 0.290000E+02  0.127045172651841E-03
 0.300000E+02  0.112182716302963E-03
 0.310000E+02  0.100629188230044E-03
 0.320000E+02  0.849838581001399E-04
 0.330000E+02  0.805124040904788E-04
 0.340000E+02  0.658122409515938E-04
 0.350000E+02  0.549630842118782E-04
 0.360000E+02  0.521518677842187E-04
 0.370000E+02  0.449479385021351E-04
 0.380000E+02  0.411217722818927E-04
 0.390000E+02  0.366158583110756E-04
 0.400000E+02  0.291724396844088E-04
 0.410000E+02  0.260934850552781E-04
 0.420000E+02  0.227581357811272E-04
 0.430000E+02  0.207945924607472E-04
 0.440000E+02  0.178631023250221E-04
 0.450000E+02  0.150807232543409E-04
 0.460000E+02  0.137524921193187E-04
 0.470000E+02  0.120163441113211E-04
 0.480000E+02  0.108553485620305E-04
 0.490000E+02  0.890409790187924E-05
 0.500000E+02  0.847409851139833E-05
 0.510000E+02  0.750027043201521E-05
 0.520000E+02  0.636258201995114E-05
 0.530000E+02  0.595617421161234E-05
 0.540000E+02  0.497414980296789E-05
 0.550000E+02  0.470579171627931E-05
 0.560000E+02  0.449005206865939E-05
 0.570000E+02  0.370409709764982E-05
 0.580000E+02  0.366160051033767E-05
 0.590000E+02  0.318739745402186E-05
 0.600000E+02  0.261867997474875E-05
 0.610000E+02  0.237646997870410E-05
 0.620000E+02  0.187112115789452E-05
 0.630000E+02  0.131849339731955E-05
 0.640000E+02  0.546999256168767E-06
 0.650000E+02  0.000000000000000E+00
 0.660000E+02  0.000000000000000E+00
 0.670000E+02  0.000000000000000E+00
 0.680000E+02  0.000000000000000E+00
 0.690000E+02  0.000000000000000E+00
 0.700000E+02  0.000000000000000E+00
 0.710000E+02  0.000000000000000E+00
 0.720000E+02  0.000000000000000E+00
 0.730000E+02  0.000000000000000E+00
 0.740000E+02  0.000000000000000E+00
 0.750000E+02  0.000000000000000E+00
 0.760000E+02  0.000000000000000E+00
 0.770000E+02  0.000000000000000E+00
 0.780000E+02  0.000000000000000E+00
 0.790000E+02  0.000000000000000E+00
 0.800000E+02  0.000000000000000E+00
 0.810000E+02  0.000000000000000E+00
 0.820000E+02  0.000000000000000E+00
 0.830000E+02  0.000000000000000E+00
 0.840000E+02  0.000000000000000E+00
 0.850000E+02  0.000000000000000E+00
 0.860000E+02  0.000000000000000E+00
 0.870000E+02  0.000000000000000E+00
 0.880000E+02  0.000000000000000E+00
 0.890000E+02  0.000000000000000E+00
 0.900000E+02  0.000000000000000E+00
 0.910000E+02  0.000000000000000E+00
 0.920000E+02  0.000000000000000E+00
 0.930000E+02  0.000000000000000E+00
 0.940000E+02  0.000000000000000E+00
 0.950000E+02  0.000000000000000E+00
 0.960000E+02  0.000000000000000E+00
 0.970000E+02  0.000000000000000E+00
