 0.000000E+00  0.634151755586738E+00  0.428906796202105E+00  0.205244959384642E+00
 0.100000E+01  0.166253000877934E-03  0.124823528995272E-03  0.414294718826664E-04
 0.200000E+01  0.492220487645381E-07  0.271808112062853E-07  0.220412375582536E-07
 0.300000E+01  0.553971265095770E-10  0.315320942277517E-10  0.238650322818252E-10
 0.400000E+01  0.709687506050100E-13  0.405488707568002E-13  0.304198798482097E-13
 0.500000E+01  0.918274923142523E-16  0.522328721256322E-16  0.395946201886201E-16
 0.600000E+01  0.413975858553196E-17  0.314659963846030E-17  0.993158947071659E-18
 0.700000E+01  0.182059776585916E-17  0.130269886504420E-17  0.517898900814962E-18
 0.800000E+01  0.462534387798646E-17  0.375583058447438E-17  0.869513293512080E-18
 0.900000E+01  0.150010370672588E-17  0.108119432076070E-17  0.418909385965182E-18
 0.100000E+02  0.192998606197693E-17  0.148915056935836E-17  0.440835492618565E-18
 0.110000E+02  0.120001281608904E-17  0.889658837804737E-18  0.310353978284300E-18
 0.120000E+02  0.697190678316520E-17  0.608047215217321E-17  0.891434630991991E-18
 0.130000E+02  0.101377972572651E-17  0.785630720339838E-18  0.228149005386671E-18
 0.140000E+02  0.163255531561317E-17  0.137404349613176E-17  0.258511819481405E-18
 0.150000E+02  0.732706868149181E-18  0.618487355343296E-18  0.114219512805884E-18
 0.160000E+02  0.232380382628276E-19  0.232380382628276E-19  0.000000000000000E+00
 0.170000E+02  0.000000000000000E+00  0.000000000000000E+00  0.000000000000000E+00
 0.180000E+02  0.000000000000000E+00  0.000000000000000E+00  0.000000000000000E+00
 0.190000E+02  0.000000000000000E+00  0.000000000000000E+00  0.000000000000000E+00
 0.200000E+02  0.000000000000000E+00  0.000000000000000E+00  0.000000000000000E+00
 0.210000E+02  0.000000000000000E+00  0.000000000000000E+00  0.000000000000000E+00
 0.220000E+02  0.000000000000000E+00  0.000000000000000E+00  0.000000000000000E+00
 0.230000E+02  0.000000000000000E+00  0.000000000000000E+00  0.000000000000000E+00
 0.240000E+02  0.000000000000000E+00  0.000000000000000E+00  0.000000000000000E+00
