 0.100000E+01  0.370853816432450E+00
 0.200000E+01  0.226742610280772E-03
 0.300000E+01  0.691189348379332E-05
 0.400000E+01  0.263011333149371E-06
 0.500000E+01  0.447378758429340E-09
 0.600000E+01  0.190673826781881E-10
 0.700000E+01  0.106664937675290E-12
 0.800000E+01  0.223348695861337E-14
 0.900000E+01  0.636124698623691E-16
 0.100000E+02  0.182851179734983E-17
 0.110000E+02  0.549764625184041E-17
 0.120000E+02  0.775349589834179E-18
 0.130000E+02  0.205296904843824E-17
 0.140000E+02  0.452191018756351E-18
 0.150000E+02  0.509277500088901E-18
 0.160000E+02  0.260301207064829E-18
 0.170000E+02  0.108995257440345E-17
 0.180000E+02  0.290254146952412E-18
 0.190000E+02  0.182472069063315E-18
 0.200000E+02  0.667761209039946E-19
 0.210000E+02  0.646740509289224E-19
 0.220000E+02  0.790463868337256E-19
 0.230000E+02  0.356010356695745E-18
 0.240000E+02  0.119449525360228E-18
 0.250000E+02  0.106525619687961E-17
 0.260000E+02  0.252280039124722E-18
 0.270000E+02  0.899513933278581E-19
 0.280000E+02  0.505656853678710E-19
 0.290000E+02  0.459642428165009E-19
 0.300000E+02  0.724586797504719E-19
 0.310000E+02  0.361332313636688E-18
 0.320000E+02  0.615086685888193E-19
 0.330000E+02  0.112956284976276E-18
 0.340000E+02  0.415451860298981E-19
 0.350000E+02  0.254264989647566E-18
 0.360000E+02  0.403817443430211E-19
 0.370000E+02  0.237017053577202E-18
 0.380000E+02  0.461425142026464E-19
 0.390000E+02  0.423934612253058E-19
 0.400000E+02  0.217688895289440E-19
 0.410000E+02  0.431897907996344E-19
 0.420000E+02  0.183199457549039E-19
 0.430000E+02  0.164791837445625E-19
 0.440000E+02  0.112219060279644E-19
 0.450000E+02  0.973344219268963E-20
 0.460000E+02  0.147274588708127E-19
 0.470000E+02  0.121143704357296E-18
 0.480000E+02  0.199098668638853E-19
 0.490000E+02  0.138058364138030E-18
 0.500000E+02  0.202101119782671E-19
 0.510000E+02  0.749475167088676E-20
 0.520000E+02  0.611551085642796E-20
 0.530000E+02  0.724021983438338E-20
 0.540000E+02  0.102532305537153E-19
 0.550000E+02  0.300728853162982E-19
 0.560000E+02  0.835375196042695E-20
 0.570000E+02  0.292191692756075E-19
 0.580000E+02  0.877429531386565E-20
 0.590000E+02  0.228195083795383E-19
 0.600000E+02  0.350735989127629E-20
 0.610000E+02  0.411931571807091E-19
 0.620000E+02  0.659589547824047E-20
 0.630000E+02  0.168719237229067E-19
 0.640000E+02  0.452648808505394E-21
 0.650000E+02  0.000000000000000E+00
 0.660000E+02  0.000000000000000E+00
 0.670000E+02  0.000000000000000E+00
 0.680000E+02  0.000000000000000E+00
 0.690000E+02  0.000000000000000E+00
 0.700000E+02  0.000000000000000E+00
 0.710000E+02  0.000000000000000E+00
 0.720000E+02  0.000000000000000E+00
 0.730000E+02  0.000000000000000E+00
 0.740000E+02  0.000000000000000E+00
 0.750000E+02  0.000000000000000E+00
 0.760000E+02  0.000000000000000E+00
 0.770000E+02  0.000000000000000E+00
 0.780000E+02  0.000000000000000E+00
 0.790000E+02  0.000000000000000E+00
 0.800000E+02  0.000000000000000E+00
 0.810000E+02  0.000000000000000E+00
 0.820000E+02  0.000000000000000E+00
 0.830000E+02  0.000000000000000E+00
 0.840000E+02  0.000000000000000E+00
 0.850000E+02  0.000000000000000E+00
 0.860000E+02  0.000000000000000E+00
 0.870000E+02  0.000000000000000E+00
 0.880000E+02  0.000000000000000E+00
 0.890000E+02  0.000000000000000E+00
 0.900000E+02  0.000000000000000E+00
 0.910000E+02  0.000000000000000E+00
 0.920000E+02  0.000000000000000E+00
 0.930000E+02  0.000000000000000E+00
 0.940000E+02  0.000000000000000E+00
 0.950000E+02  0.000000000000000E+00
 0.960000E+02  0.000000000000000E+00
 0.970000E+02  0.000000000000000E+00
