 0.000000E+00  0.332845829459959E-03  0.000000000000000E+00  0.000000000000000E+00
 0.100000E+01  0.519370244866209E+00  0.341981176432455E+00  0.177311796694994E+00
 0.200000E+01  0.610311164084388E-01  0.204363349985215E-02  0.582062703324482E-01
 0.300000E+01  0.213712401322646E-01  0.105225715651613E-02  0.181819870167601E-01
 0.400000E+01  0.243107489442076E-01  0.781465822797145E-03  0.209847038277076E-01
 0.500000E+01  0.275957143703465E-01  0.128711849890806E-02  0.229626868051582E-01
 0.600000E+01  0.117257896527881E-01  0.367307536635053E-03  0.783569807754247E-02
 0.700000E+01  0.134597597038357E-01  0.368761229651682E-03  0.914939176144003E-02
 0.800000E+01  0.748622419561147E-02  0.203767714637593E-03  0.395723175654439E-02
 0.900000E+01  0.428792614319766E-02  0.188806096531380E-03  0.176352420103854E-02
 0.100000E+02  0.473385875419690E-02  0.164922811450197E-03  0.232852150415397E-02
 0.110000E+02  0.253779080685389E-02  0.984705031328303E-04  0.928738347326430E-03
 0.120000E+02  0.257016766081420E-02  0.101254673045115E-03  0.113958105924894E-02
 0.130000E+02  0.182501521063676E-02  0.635289660189109E-04  0.729108667433920E-03
 0.140000E+02  0.128827477933549E-02  0.440772115952726E-04  0.433042082540691E-03
 0.150000E+02  0.120659615093427E-02  0.273761213738233E-04  0.539048406356102E-03
 0.160000E+02  0.883547443171244E-03  0.372169401741118E-04  0.313772534268342E-03
 0.170000E+02  0.832342808447162E-03  0.280361969964282E-04  0.303135433802559E-03
 0.180000E+02  0.630780538910669E-03  0.316639821842934E-04  0.206735477003228E-03
 0.190000E+02  0.461196153737478E-03  0.193147632736590E-04  0.140010706423777E-03
 0.200000E+02  0.389169731325217E-03  0.131640309468661E-04  0.137416884136154E-03
 0.210000E+02  0.313553264599523E-03  0.131902257467509E-04  0.857430361747014E-04
 0.220000E+02  0.254202126903594E-03  0.745224712042636E-05  0.794031967202846E-04
 0.230000E+02  0.212972782071038E-03  0.677374719648682E-05  0.633460291684651E-04
 0.240000E+02  0.181356585130615E-03  0.421539964681056E-05  0.366464234833330E-04
 0.250000E+02  0.154588505316215E-03  0.282571544460430E-05  0.342687218589030E-04
 0.260000E+02  0.123759722110463E-03  0.272379249962457E-05  0.206095571565479E-04
 0.270000E+02  0.882775784218048E-04  0.198762835091487E-05  0.153622648774165E-04
 0.280000E+02  0.821447048432322E-04  0.169487515554179E-05  0.159521127150453E-04
 0.290000E+02  0.717086562766453E-04  0.125042047835477E-05  0.106250192206808E-04
 0.300000E+02  0.580850999750054E-04  0.106447216346919E-05  0.886386695278345E-05
 0.310000E+02  0.511845638304390E-04  0.991253180412932E-06  0.659085928896019E-05
 0.320000E+02  0.405793862341764E-04  0.784375474197074E-06  0.491625112469807E-05
 0.330000E+02  0.365663305304110E-04  0.728689618978429E-06  0.530551376588806E-05
 0.340000E+02  0.320327864377781E-04  0.642972829954964E-06  0.353608937760444E-05
 0.350000E+02  0.246374522287334E-04  0.536498431646416E-06  0.276960061513891E-05
 0.360000E+02  0.227122560594590E-04  0.424190497634331E-06  0.246977193887887E-05
 0.370000E+02  0.183668070135952E-04  0.300324466912384E-06  0.179932731403376E-05
 0.380000E+02  0.175639938173701E-04  0.316353998554958E-06  0.194521598703007E-05
 0.390000E+02  0.138283371145542E-04  0.232430021531588E-06  0.122096706329719E-05
 0.400000E+02  0.110043492752326E-04  0.189542122595019E-06  0.895517051763273E-06
 0.410000E+02  0.109118377114498E-04  0.167640928165277E-06  0.926486538213415E-06
 0.420000E+02  0.875169204079373E-05  0.128048988029951E-06  0.571468053451457E-06
 0.430000E+02  0.802591074195490E-05  0.110832424655353E-06  0.466712448778973E-06
 0.440000E+02  0.636127019931822E-05  0.879314957244817E-07  0.346971975021329E-06
 0.450000E+02  0.538390257901498E-05  0.732742185302723E-07  0.286203146862779E-06
 0.460000E+02  0.500912080440137E-05  0.618378523417444E-07  0.281736308221730E-06
 0.470000E+02  0.420012286509471E-05  0.544994651080358E-07  0.235086215775310E-06
 0.480000E+02  0.390423097389329E-05  0.474253726158013E-07  0.213454103974685E-06
 0.490000E+02  0.324356141179764E-05  0.354235989659038E-07  0.151810190750744E-06
 0.500000E+02  0.280109579088649E-05  0.319938493893420E-07  0.150292727108155E-06
 0.510000E+02  0.251403750279419E-05  0.236376716688554E-07  0.119757102471905E-06
 0.520000E+02  0.210207041590436E-05  0.235494051650624E-07  0.104409194967526E-06
 0.530000E+02  0.185404998539762E-05  0.185947002602949E-07  0.720312429253208E-07
 0.540000E+02  0.165074813097164E-05  0.170236233456265E-07  0.666408458945347E-07
 0.550000E+02  0.152009873014044E-05  0.176130499680187E-07  0.610644976475774E-07
 0.560000E+02  0.121624392563651E-05  0.152483380957665E-07  0.525453102892797E-07
 0.570000E+02  0.112412711380250E-05  0.144410275134494E-07  0.487294664908166E-07
 0.580000E+02  0.941406067465241E-06  0.133664208653715E-07  0.406037547999861E-07
 0.590000E+02  0.811137148061117E-06  0.126210240429807E-07  0.425384516604399E-07
 0.600000E+02  0.764033854592301E-06  0.117777428687750E-07  0.450517613049357E-07
 0.610000E+02  0.625928950782839E-06  0.118614607614938E-07  0.450594879496721E-07
 0.620000E+02  0.433826485467624E-06  0.127887040258894E-07  0.419400363040928E-07
 0.630000E+02  0.248894562179001E-06  0.131612248324226E-07  0.539472583190601E-07
 0.640000E+02  0.686757577889052E-10  0.331615273435615E-10  0.355142304453437E-10
 0.650000E+02  0.000000000000000E+00  0.000000000000000E+00  0.000000000000000E+00
 0.660000E+02  0.000000000000000E+00  0.000000000000000E+00  0.000000000000000E+00
 0.670000E+02  0.000000000000000E+00  0.000000000000000E+00  0.000000000000000E+00
 0.680000E+02  0.000000000000000E+00  0.000000000000000E+00  0.000000000000000E+00
 0.690000E+02  0.000000000000000E+00  0.000000000000000E+00  0.000000000000000E+00
 0.700000E+02  0.000000000000000E+00  0.000000000000000E+00  0.000000000000000E+00
 0.710000E+02  0.000000000000000E+00  0.000000000000000E+00  0.000000000000000E+00
 0.720000E+02  0.000000000000000E+00  0.000000000000000E+00  0.000000000000000E+00
 0.730000E+02  0.000000000000000E+00  0.000000000000000E+00  0.000000000000000E+00
 0.740000E+02  0.000000000000000E+00  0.000000000000000E+00  0.000000000000000E+00
 0.750000E+02  0.000000000000000E+00  0.000000000000000E+00  0.000000000000000E+00
 0.760000E+02  0.000000000000000E+00  0.000000000000000E+00  0.000000000000000E+00
 0.770000E+02  0.000000000000000E+00  0.000000000000000E+00  0.000000000000000E+00
 0.780000E+02  0.000000000000000E+00  0.000000000000000E+00  0.000000000000000E+00
 0.790000E+02  0.000000000000000E+00  0.000000000000000E+00  0.000000000000000E+00
 0.800000E+02  0.000000000000000E+00  0.000000000000000E+00  0.000000000000000E+00
 0.810000E+02  0.000000000000000E+00  0.000000000000000E+00  0.000000000000000E+00
 0.820000E+02  0.000000000000000E+00  0.000000000000000E+00  0.000000000000000E+00
 0.830000E+02  0.000000000000000E+00  0.000000000000000E+00  0.000000000000000E+00
 0.840000E+02  0.000000000000000E+00  0.000000000000000E+00  0.000000000000000E+00
 0.850000E+02  0.000000000000000E+00  0.000000000000000E+00  0.000000000000000E+00
 0.860000E+02  0.000000000000000E+00  0.000000000000000E+00  0.000000000000000E+00
 0.870000E+02  0.000000000000000E+00  0.000000000000000E+00  0.000000000000000E+00
 0.880000E+02  0.000000000000000E+00  0.000000000000000E+00  0.000000000000000E+00
 0.890000E+02  0.000000000000000E+00  0.000000000000000E+00  0.000000000000000E+00
 0.900000E+02  0.000000000000000E+00  0.000000000000000E+00  0.000000000000000E+00
 0.910000E+02  0.000000000000000E+00  0.000000000000000E+00  0.000000000000000E+00
 0.920000E+02  0.000000000000000E+00  0.000000000000000E+00  0.000000000000000E+00
 0.930000E+02  0.000000000000000E+00  0.000000000000000E+00  0.000000000000000E+00
 0.940000E+02  0.000000000000000E+00  0.000000000000000E+00  0.000000000000000E+00
 0.950000E+02  0.000000000000000E+00  0.000000000000000E+00  0.000000000000000E+00
 0.960000E+02  0.000000000000000E+00  0.000000000000000E+00  0.000000000000000E+00
