 0.100000E+01  0.626459370535087E+00
 0.200000E+01  0.398778858092868E-01
 0.300000E+01  0.894131340018270E-02
 0.400000E+01  0.234083423109996E-01
 0.500000E+01  0.999823413167837E-02
 0.600000E+01  0.636158481919215E-02
 0.700000E+01  0.349011407250993E-02
 0.800000E+01  0.149069126923938E-02
 0.900000E+01  0.333055433920042E-02
 0.100000E+02  0.126578648546981E-02
 0.110000E+02  0.148222181606572E-02
 0.120000E+02  0.739447502515130E-03
 0.130000E+02  0.422508468427102E-03
 0.140000E+02  0.708317931622998E-03
 0.150000E+02  0.255655472825390E-03
 0.160000E+02  0.321097040806072E-03
 0.170000E+02  0.176145136736268E-03
 0.180000E+02  0.100429574023711E-03
 0.190000E+02  0.144794152583060E-03
 0.200000E+02  0.507539054527906E-04
 0.210000E+02  0.629018685054316E-04
 0.220000E+02  0.376630384101799E-04
 0.230000E+02  0.212646244291875E-04
 0.240000E+02  0.281676551615918E-04
 0.250000E+02  0.998093146558313E-05
 0.260000E+02  0.117962595363676E-04
 0.270000E+02  0.749680053405884E-05
 0.280000E+02  0.412577454495997E-05
 0.290000E+02  0.515728311977724E-05
 0.300000E+02  0.188224363455794E-05
 0.310000E+02  0.208388546492771E-05
 0.320000E+02  0.137067669129852E-05
 0.330000E+02  0.731915108720176E-06
 0.340000E+02  0.869356987923518E-06
 0.350000E+02  0.328984380645451E-06
 0.360000E+02  0.340687784356882E-06
 0.370000E+02  0.227616571315778E-06
 0.380000E+02  0.118100299571363E-06
 0.390000E+02  0.133314754771857E-06
 0.400000E+02  0.525353350971620E-07
 0.410000E+02  0.507364070948727E-07
 0.420000E+02  0.341575242622519E-07
 0.430000E+02  0.173055525941827E-07
 0.440000E+02  0.185553988680413E-07
 0.450000E+02  0.760458247400863E-08
 0.460000E+02  0.687275992181462E-08
 0.470000E+02  0.463999800485522E-08
 0.480000E+02  0.230828260977527E-08
 0.490000E+02  0.235359229413899E-08
 0.500000E+02  0.100126183750224E-08
 0.510000E+02  0.849942404295029E-09
 0.520000E+02  0.574837793171178E-09
 0.530000E+02  0.282312205062269E-09
 0.540000E+02  0.275301158140171E-09
 0.550000E+02  0.121025060024522E-09
 0.560000E+02  0.973577785423976E-10
 0.570000E+02  0.661230303350053E-10
 0.580000E+02  0.327756690422783E-10
 0.590000E+02  0.311203662498187E-10
 0.600000E+02  0.127038631814652E-10
 0.610000E+02  0.117960143381839E-10
 0.620000E+02  0.988822233338137E-11
 0.630000E+02  0.244822859027109E-11
 0.640000E+02  0.558961381644524E-11
 0.650000E+02  0.000000000000000E+00
 0.660000E+02  0.000000000000000E+00
 0.670000E+02  0.000000000000000E+00
 0.680000E+02  0.000000000000000E+00
 0.690000E+02  0.000000000000000E+00
 0.700000E+02  0.000000000000000E+00
 0.710000E+02  0.000000000000000E+00
 0.720000E+02  0.000000000000000E+00
 0.730000E+02  0.000000000000000E+00
 0.740000E+02  0.000000000000000E+00
 0.750000E+02  0.000000000000000E+00
 0.760000E+02  0.000000000000000E+00
 0.770000E+02  0.000000000000000E+00
 0.780000E+02  0.000000000000000E+00
 0.790000E+02  0.000000000000000E+00
 0.800000E+02  0.000000000000000E+00
 0.810000E+02  0.000000000000000E+00
 0.820000E+02  0.000000000000000E+00
 0.830000E+02  0.000000000000000E+00
 0.840000E+02  0.000000000000000E+00
 0.850000E+02  0.000000000000000E+00
 0.860000E+02  0.000000000000000E+00
 0.870000E+02  0.000000000000000E+00
 0.880000E+02  0.000000000000000E+00
 0.890000E+02  0.000000000000000E+00
 0.900000E+02  0.000000000000000E+00
 0.910000E+02  0.000000000000000E+00
 0.920000E+02  0.000000000000000E+00
 0.930000E+02  0.000000000000000E+00
 0.940000E+02  0.000000000000000E+00
 0.950000E+02  0.000000000000000E+00
 0.960000E+02  0.000000000000000E+00
 0.970000E+02  0.000000000000000E+00
