 0.000000E+00  0.401949159861462E-03  0.000000000000000E+00  0.000000000000000E+00
 0.100000E+01  0.847111472777599E+00  0.622051091224421E+00  0.224936092738062E+00
 0.200000E+01  0.555871539307451E-01  0.149137775224517E-02  0.532860239909496E-01
 0.300000E+01  0.257803650646509E-01  0.148472823846646E-02  0.225860907376045E-01
 0.400000E+01  0.114136364140084E-01  0.123943240578228E-02  0.804014062850911E-02
 0.500000E+01  0.172890261599295E-01  0.144131732213282E-02  0.110996685367581E-01
 0.600000E+01  0.109389304996027E-01  0.603072849486352E-03  0.672862398278085E-02
 0.700000E+01  0.127153449615835E-01  0.536889754414460E-03  0.782382541819970E-02
 0.800000E+01  0.103246326028477E-01  0.417350933105354E-03  0.629588016920479E-02
 0.900000E+01  0.533788630077605E-02  0.249782454375236E-03  0.240415804438499E-02
 0.100000E+02  0.497693594253863E-02  0.241039060789205E-03  0.228338300098585E-02
 0.110000E+02  0.298685290221373E-02  0.144812537932637E-03  0.107751907380305E-02
 0.120000E+02  0.306965937703815E-02  0.136978977039348E-03  0.104972964115779E-02
 0.130000E+02  0.266351106902320E-02  0.128002235792124E-03  0.858267796376211E-03
 0.140000E+02  0.177468658241417E-02  0.620763070546815E-04  0.552767580431990E-03
 0.150000E+02  0.157073973585686E-02  0.613857293156883E-04  0.532222695472484E-03
 0.160000E+02  0.125946037105703E-02  0.396508127327166E-04  0.339212933035959E-03
 0.170000E+02  0.116632203299376E-02  0.377675202565264E-04  0.272400855475752E-03
 0.180000E+02  0.929401946042131E-03  0.281618725107013E-04  0.209221440273133E-03
 0.190000E+02  0.677624155544283E-03  0.256817829038525E-04  0.145204281058575E-03
 0.200000E+02  0.639367880453627E-03  0.115834664642378E-04  0.153452416182143E-03
 0.210000E+02  0.524273718657256E-03  0.153272318485498E-04  0.113771579066224E-03
 0.220000E+02  0.415229899542018E-03  0.102444044669525E-04  0.761305172068960E-04
 0.230000E+02  0.332664046638708E-03  0.736957683233896E-05  0.479755425724093E-04
 0.240000E+02  0.304179864928367E-03  0.861027131870973E-05  0.432924615708244E-04
 0.250000E+02  0.275921675506986E-03  0.523576565345397E-05  0.374042467004149E-04
 0.260000E+02  0.219519785713164E-03  0.411459182719787E-05  0.278811731817541E-04
 0.270000E+02  0.157610377441133E-03  0.291686351701348E-05  0.168876880156654E-04
 0.280000E+02  0.128045338706714E-03  0.234909236103420E-05  0.154169290346173E-04
 0.290000E+02  0.123939776914525E-03  0.229565853603064E-05  0.148902835170883E-04
 0.300000E+02  0.107458874586238E-03  0.162850546996107E-05  0.128440349281278E-04
 0.310000E+02  0.896506115265064E-04  0.142701368185602E-05  0.909584514176276E-05
 0.320000E+02  0.691842217056058E-04  0.952435679782426E-06  0.696725109733572E-05
 0.330000E+02  0.632236357118315E-04  0.101244021590008E-05  0.516689139401505E-05
 0.340000E+02  0.558893062958240E-04  0.900971685363974E-06  0.471452412011803E-05
 0.350000E+02  0.439065222142401E-04  0.595953928914095E-06  0.348269731451772E-05
 0.360000E+02  0.410597180691976E-04  0.590409498983299E-06  0.305815967768797E-05
 0.370000E+02  0.323392304573184E-04  0.556980362700823E-06  0.256225356944084E-05
 0.380000E+02  0.312174751972035E-04  0.494250223706527E-06  0.217236968463874E-05
 0.390000E+02  0.251041930124440E-04  0.337635954243687E-06  0.165541385175097E-05
 0.400000E+02  0.208169664018958E-04  0.268096321736494E-06  0.153001422858513E-05
 0.410000E+02  0.215403043267467E-04  0.221595157987031E-06  0.118669751571210E-05
 0.420000E+02  0.170540644571870E-04  0.188299342804917E-06  0.113584307841674E-05
 0.430000E+02  0.155674801133852E-04  0.143746903357280E-06  0.942742853013781E-06
 0.440000E+02  0.127288381195676E-04  0.159492251300061E-06  0.724378747780224E-06
 0.450000E+02  0.109820716094807E-04  0.135678328307435E-06  0.653032721224800E-06
 0.460000E+02  0.107503362696574E-04  0.134679808153288E-06  0.685505738987416E-06
 0.470000E+02  0.860782754575536E-05  0.117693071934369E-06  0.601461175885054E-06
 0.480000E+02  0.834472876378814E-05  0.974238327308837E-07  0.490863309155626E-06
 0.490000E+02  0.680732482051492E-05  0.771729863444798E-07  0.398953997847494E-06
 0.500000E+02  0.580722761139084E-05  0.627205200079699E-07  0.331544934076278E-06
 0.510000E+02  0.496889974285427E-05  0.485804373420403E-07  0.277962079392523E-06
 0.520000E+02  0.424789981823210E-05  0.413682939398824E-07  0.219042292274628E-06
 0.530000E+02  0.377445209113915E-05  0.420233305829191E-07  0.207010195023109E-06
 0.540000E+02  0.316800861574491E-05  0.368867403462961E-07  0.145943763642763E-06
 0.550000E+02  0.336016355795180E-05  0.362267503278488E-07  0.144952533462795E-06
 0.560000E+02  0.252394367855118E-05  0.301336955822046E-07  0.110265840070007E-06
 0.570000E+02  0.236445991256352E-05  0.326628341751226E-07  0.103251572513468E-06
 0.580000E+02  0.202495326846435E-05  0.316623454345890E-07  0.100235113649851E-06
 0.590000E+02  0.185794902720291E-05  0.246177750881367E-07  0.957883557737064E-07
 0.600000E+02  0.172870632204240E-05  0.248574329990306E-07  0.100261315158005E-06
 0.610000E+02  0.134756869680221E-05  0.237169974844385E-07  0.901738515953995E-07
 0.620000E+02  0.948431537743662E-06  0.218148400585647E-07  0.971621421810522E-07
 0.630000E+02  0.579282162650702E-06  0.302029031170424E-07  0.105832558550218E-06
 0.640000E+02  0.104433265420839E-09  0.173520395101157E-10  0.870812259107234E-10
 0.650000E+02  0.000000000000000E+00  0.000000000000000E+00  0.000000000000000E+00
 0.660000E+02  0.000000000000000E+00  0.000000000000000E+00  0.000000000000000E+00
 0.670000E+02  0.000000000000000E+00  0.000000000000000E+00  0.000000000000000E+00
 0.680000E+02  0.000000000000000E+00  0.000000000000000E+00  0.000000000000000E+00
 0.690000E+02  0.000000000000000E+00  0.000000000000000E+00  0.000000000000000E+00
 0.700000E+02  0.000000000000000E+00  0.000000000000000E+00  0.000000000000000E+00
 0.710000E+02  0.000000000000000E+00  0.000000000000000E+00  0.000000000000000E+00
 0.720000E+02  0.000000000000000E+00  0.000000000000000E+00  0.000000000000000E+00
 0.730000E+02  0.000000000000000E+00  0.000000000000000E+00  0.000000000000000E+00
 0.740000E+02  0.000000000000000E+00  0.000000000000000E+00  0.000000000000000E+00
 0.750000E+02  0.000000000000000E+00  0.000000000000000E+00  0.000000000000000E+00
 0.760000E+02  0.000000000000000E+00  0.000000000000000E+00  0.000000000000000E+00
 0.770000E+02  0.000000000000000E+00  0.000000000000000E+00  0.000000000000000E+00
 0.780000E+02  0.000000000000000E+00  0.000000000000000E+00  0.000000000000000E+00
 0.790000E+02  0.000000000000000E+00  0.000000000000000E+00  0.000000000000000E+00
 0.800000E+02  0.000000000000000E+00  0.000000000000000E+00  0.000000000000000E+00
 0.810000E+02  0.000000000000000E+00  0.000000000000000E+00  0.000000000000000E+00
 0.820000E+02  0.000000000000000E+00  0.000000000000000E+00  0.000000000000000E+00
 0.830000E+02  0.000000000000000E+00  0.000000000000000E+00  0.000000000000000E+00
 0.840000E+02  0.000000000000000E+00  0.000000000000000E+00  0.000000000000000E+00
 0.850000E+02  0.000000000000000E+00  0.000000000000000E+00  0.000000000000000E+00
 0.860000E+02  0.000000000000000E+00  0.000000000000000E+00  0.000000000000000E+00
 0.870000E+02  0.000000000000000E+00  0.000000000000000E+00  0.000000000000000E+00
 0.880000E+02  0.000000000000000E+00  0.000000000000000E+00  0.000000000000000E+00
 0.890000E+02  0.000000000000000E+00  0.000000000000000E+00  0.000000000000000E+00
 0.900000E+02  0.000000000000000E+00  0.000000000000000E+00  0.000000000000000E+00
 0.910000E+02  0.000000000000000E+00  0.000000000000000E+00  0.000000000000000E+00
 0.920000E+02  0.000000000000000E+00  0.000000000000000E+00  0.000000000000000E+00
 0.930000E+02  0.000000000000000E+00  0.000000000000000E+00  0.000000000000000E+00
 0.940000E+02  0.000000000000000E+00  0.000000000000000E+00  0.000000000000000E+00
 0.950000E+02  0.000000000000000E+00  0.000000000000000E+00  0.000000000000000E+00
 0.960000E+02  0.000000000000000E+00  0.000000000000000E+00  0.000000000000000E+00
