 0.100000E+01  0.701849634432614E+00
 0.200000E+01  0.104882756440869E+00
 0.300000E+01  0.267234760956449E-01
 0.400000E+01  0.375456229603260E-01
 0.500000E+01  0.232518419219277E-01
 0.600000E+01  0.147557606786387E-01
 0.700000E+01  0.103670177788492E-01
 0.800000E+01  0.504802433738510E-02
 0.900000E+01  0.429487656467763E-02
 0.100000E+02  0.206672186908571E-02
 0.110000E+02  0.192615688044275E-02
 0.120000E+02  0.132724348989959E-02
 0.130000E+02  0.116673857274897E-02
 0.140000E+02  0.744945588798791E-03
 0.150000E+02  0.576820597501097E-03
 0.160000E+02  0.376141049544905E-03
 0.170000E+02  0.429035405490593E-03
 0.180000E+02  0.222007601421780E-03
 0.190000E+02  0.204983469550610E-03
 0.200000E+02  0.144413138749787E-03
 0.210000E+02  0.118427125547030E-03
 0.220000E+02  0.111845309398637E-03
 0.230000E+02  0.662281443768978E-04
 0.240000E+02  0.642384250333253E-04
 0.250000E+02  0.516503302520784E-04
 0.260000E+02  0.463929555147352E-04
 0.270000E+02  0.391663951968880E-04
 0.280000E+02  0.257116609657982E-04
 0.290000E+02  0.231599140483685E-04
 0.300000E+02  0.197274844140048E-04
 0.310000E+02  0.153637500872792E-04
 0.320000E+02  0.140543395239870E-04
 0.330000E+02  0.927448263902610E-05
 0.340000E+02  0.825582476910794E-05
 0.350000E+02  0.604118461124663E-05
 0.360000E+02  0.540106048220264E-05
 0.370000E+02  0.430303863181862E-05
 0.380000E+02  0.314811424415332E-05
 0.390000E+02  0.270728886776672E-05
 0.400000E+02  0.217345399888880E-05
 0.410000E+02  0.169699296037291E-05
 0.420000E+02  0.143151382036337E-05
 0.430000E+02  0.106691204408227E-05
 0.440000E+02  0.901751506314879E-06
 0.450000E+02  0.791322103796447E-06
 0.460000E+02  0.616486750013717E-06
 0.470000E+02  0.521604090435521E-06
 0.480000E+02  0.426832401086403E-06
 0.490000E+02  0.378220276669230E-06
 0.500000E+02  0.313605811681330E-06
 0.510000E+02  0.244050479799022E-06
 0.520000E+02  0.208571496669680E-06
 0.530000E+02  0.165305360397461E-06
 0.540000E+02  0.133339358501118E-06
 0.550000E+02  0.106265761397927E-06
 0.560000E+02  0.845724298380677E-07
 0.570000E+02  0.740042653582858E-07
 0.580000E+02  0.675075638286514E-07
 0.590000E+02  0.625160471606584E-07
 0.600000E+02  0.574224732885078E-07
 0.610000E+02  0.502470363937535E-07
 0.620000E+02  0.432667885087769E-07
 0.630000E+02  0.298490318011954E-07
 0.640000E+02  0.572929965452928E-08
 0.650000E+02  0.000000000000000E+00
 0.660000E+02  0.000000000000000E+00
 0.670000E+02  0.000000000000000E+00
 0.680000E+02  0.000000000000000E+00
 0.690000E+02  0.000000000000000E+00
 0.700000E+02  0.000000000000000E+00
 0.710000E+02  0.000000000000000E+00
 0.720000E+02  0.000000000000000E+00
 0.730000E+02  0.000000000000000E+00
 0.740000E+02  0.000000000000000E+00
 0.750000E+02  0.000000000000000E+00
 0.760000E+02  0.000000000000000E+00
 0.770000E+02  0.000000000000000E+00
 0.780000E+02  0.000000000000000E+00
 0.790000E+02  0.000000000000000E+00
 0.800000E+02  0.000000000000000E+00
 0.810000E+02  0.000000000000000E+00
 0.820000E+02  0.000000000000000E+00
 0.830000E+02  0.000000000000000E+00
 0.840000E+02  0.000000000000000E+00
 0.850000E+02  0.000000000000000E+00
 0.860000E+02  0.000000000000000E+00
 0.870000E+02  0.000000000000000E+00
 0.880000E+02  0.000000000000000E+00
 0.890000E+02  0.000000000000000E+00
 0.900000E+02  0.000000000000000E+00
 0.910000E+02  0.000000000000000E+00
 0.920000E+02  0.000000000000000E+00
 0.930000E+02  0.000000000000000E+00
 0.940000E+02  0.000000000000000E+00
 0.950000E+02  0.000000000000000E+00
 0.960000E+02  0.000000000000000E+00
 0.970000E+02  0.000000000000000E+00
