 0.000000E+00  0.761829278647219E+00  0.388374307276549E+00  0.373454971370675E+00
 0.100000E+01  0.260635156998262E-01  0.185698778234111E-01  0.749363787641505E-02
 0.200000E+01  0.285355314606699E-02  0.180788283185805E-02  0.104567031420895E-02
 0.300000E+01  0.756701619449517E-03  0.525892452718514E-03  0.230809166731001E-03
 0.400000E+01  0.239634486073103E-03  0.141610396250467E-03  0.980240898226361E-04
 0.500000E+01  0.103089482616304E-03  0.548783912559846E-04  0.482110913603198E-04
 0.600000E+01  0.505627968812503E-04  0.268349187966469E-04  0.237278780846034E-04
 0.700000E+01  0.249841104370052E-04  0.125588503343735E-04  0.124252601026317E-04
 0.800000E+01  0.140850422804890E-04  0.692156609675077E-05  0.716347618373825E-05
 0.900000E+01  0.788437684460984E-05  0.376664562076935E-05  0.411773122384049E-05
 0.100000E+02  0.410096452478149E-05  0.200896060630963E-05  0.209200391847186E-05
 0.110000E+02  0.234895669315876E-05  0.118587437249168E-05  0.116308232066708E-05
 0.120000E+02  0.115934550100353E-05  0.662314614391755E-06  0.497030886611772E-06
 0.130000E+02  0.319594484380248E-06  0.225884198996990E-06  0.937102853832588E-07
 0.140000E+02  0.326372779191733E-07  0.274684422465063E-07  0.516883567266698E-08
 0.150000E+02  0.151890114024377E-08  0.106615260860197E-08  0.452748531641796E-09
 0.160000E+02  0.456727957862633E-14  0.456727957862633E-14  0.000000000000000E+00
 0.170000E+02  0.000000000000000E+00  0.000000000000000E+00  0.000000000000000E+00
 0.180000E+02  0.000000000000000E+00  0.000000000000000E+00  0.000000000000000E+00
 0.190000E+02  0.000000000000000E+00  0.000000000000000E+00  0.000000000000000E+00
 0.200000E+02  0.000000000000000E+00  0.000000000000000E+00  0.000000000000000E+00
 0.210000E+02  0.000000000000000E+00  0.000000000000000E+00  0.000000000000000E+00
 0.220000E+02  0.000000000000000E+00  0.000000000000000E+00  0.000000000000000E+00
 0.230000E+02  0.000000000000000E+00  0.000000000000000E+00  0.000000000000000E+00
 0.240000E+02  0.000000000000000E+00  0.000000000000000E+00  0.000000000000000E+00
