 0.000000E+00  0.386671438876906E+00  0.163217761839739E+00  0.223453677037168E+00
 0.100000E+01  0.617583579656745E-04  0.550708432747944E-04  0.668751469088118E-05
 0.200000E+01  0.223858948477259E-08  0.133449416209805E-08  0.904095322674594E-09
 0.300000E+01  0.170641394903130E-11  0.973500179195934E-12  0.732913769835364E-12
 0.400000E+01  0.177894070491846E-14  0.103256259537928E-14  0.746378109539170E-15
 0.500000E+01  0.270888017731621E-17  0.175793956398971E-17  0.950940613326495E-18
 0.600000E+01  0.148590426745864E-17  0.116883298868747E-17  0.317071278771177E-18
 0.700000E+01  0.697419308788408E-18  0.522686830490079E-18  0.174732478298329E-18
 0.800000E+01  0.959449104680752E-18  0.779069344627001E-18  0.180379760053750E-18
 0.900000E+01  0.652180440630849E-18  0.499266919158138E-18  0.152913521472711E-18
 0.100000E+02  0.851222143030443E-18  0.683319159598798E-18  0.167902983431645E-18
 0.110000E+02  0.545901647151135E-18  0.433736095022778E-18  0.112165552128357E-18
 0.120000E+02  0.173554183558480E-17  0.155630515110877E-17  0.179236684476033E-18
 0.130000E+02  0.427150911663207E-18  0.342474989384728E-18  0.846759222784788E-19
 0.140000E+02  0.558832254067374E-18  0.473791375572771E-18  0.850408784946034E-19
 0.150000E+02  0.328423569794776E-18  0.281273927863033E-18  0.471496419317432E-19
 0.160000E+02  0.609274420460138E-20  0.609274420460138E-20  0.000000000000000E+00
 0.170000E+02  0.000000000000000E+00  0.000000000000000E+00  0.000000000000000E+00
 0.180000E+02  0.000000000000000E+00  0.000000000000000E+00  0.000000000000000E+00
 0.190000E+02  0.000000000000000E+00  0.000000000000000E+00  0.000000000000000E+00
 0.200000E+02  0.000000000000000E+00  0.000000000000000E+00  0.000000000000000E+00
 0.210000E+02  0.000000000000000E+00  0.000000000000000E+00  0.000000000000000E+00
 0.220000E+02  0.000000000000000E+00  0.000000000000000E+00  0.000000000000000E+00
 0.230000E+02  0.000000000000000E+00  0.000000000000000E+00  0.000000000000000E+00
 0.240000E+02  0.000000000000000E+00  0.000000000000000E+00  0.000000000000000E+00
