 0.000000E+00  0.597063866407104E-03  0.000000000000000E+00  0.000000000000000E+00
 0.100000E+01  0.477800063233572E+00  0.373984850970791E+00  0.103810135275126E+00
 0.200000E+01  0.494667142520602E-01  0.371803393628412E-09  0.494574555777945E-01
 0.300000E+01  0.129574558557538E-01  0.404308570563922E-09  0.129524824587861E-01
 0.400000E+01  0.911491719124308E-02  0.237001633704610E-09  0.911178449177896E-02
 0.500000E+01  0.856675219280311E-02  0.327784700125894E-09  0.856343313853358E-02
 0.600000E+01  0.239042050401558E-02  0.237876173999393E-09  0.238897992775833E-02
 0.700000E+01  0.240672003680864E-02  0.431653383501339E-09  0.240487047692817E-02
 0.800000E+01  0.673328818781931E-03  0.250936424564809E-09  0.672430260254320E-03
 0.900000E+01  0.603070316687418E-03  0.259723459498782E-09  0.601931765568706E-03
 0.100000E+02  0.335668824963745E-03  0.219947218668389E-09  0.334723711155491E-03
 0.110000E+02  0.134300997898386E-03  0.117407329101464E-09  0.133817089073125E-03
 0.120000E+02  0.152154575229770E-03  0.169986651256299E-09  0.151466880397033E-03
 0.130000E+02  0.438275994916585E-04  0.781854855102511E-10  0.435743014118241E-04
 0.140000E+02  0.433200302594096E-04  0.904677546603477E-10  0.430359950003021E-04
 0.150000E+02  0.180384786310874E-04  0.460972231404728E-10  0.179033887127534E-04
 0.160000E+02  0.107719843627521E-04  0.407414220728630E-10  0.106795014049444E-04
 0.170000E+02  0.834853004611330E-05  0.467707568502595E-10  0.827074016640309E-05
 0.180000E+02  0.283818095310531E-05  0.238509693400584E-10  0.280701805784676E-05
 0.190000E+02  0.294311137373064E-05  0.340008301402529E-10  0.290859513560394E-05
 0.200000E+02  0.101858743277844E-05  0.151195693400116E-10  0.100574217893868E-05
 0.210000E+02  0.758304860702670E-06  0.168182567341355E-10  0.747332085466808E-06
 0.220000E+02  0.432485896962802E-06  0.115263448238962E-10  0.425799959207501E-06
 0.230000E+02  0.170152438674801E-06  0.678246953435489E-11  0.166895374777810E-06
 0.240000E+02  0.178926129875807E-06  0.931977690983011E-11  0.174861089612203E-06
 0.250000E+02  0.551163361229184E-07  0.385387383695989E-11  0.536258508345685E-07
 0.260000E+02  0.469028218218248E-07  0.485559824911661E-11  0.451844082842312E-07
 0.270000E+02  0.210391553540268E-07  0.308301751496274E-11  0.200189397006709E-07
 0.280000E+02  0.947030342896585E-08  0.211426808313586E-11  0.887293845220951E-08
 0.290000E+02  0.100856472468912E-07  0.332289026364940E-11  0.923551427608748E-08
 0.300000E+02  0.291560280804251E-08  0.142861113812449E-11  0.260265993480816E-08
 0.310000E+02  0.274970992802553E-08  0.201704130714230E-11  0.234990670714532E-08
 0.320000E+02  0.104919693209471E-08  0.112313969445349E-11  0.859133155949981E-09
 0.330000E+02  0.715035718708557E-09  0.101005153131847E-11  0.556383499968193E-09
 0.340000E+02  0.421605178805996E-09  0.872227437639259E-12  0.297197653830026E-09
 0.350000E+02  0.171332498038026E-09  0.418338203447079E-12  0.115713696935767E-09
 0.360000E+02  0.179287459136523E-09  0.540816925513468E-12  0.109273260272071E-09
 0.370000E+02  0.626356145745703E-10  0.231169887007309E-12  0.351601123488930E-10
 0.380000E+02  0.522904940886365E-10  0.213591120874116E-12  0.260264932407354E-10
 0.390000E+02  0.270973815829223E-10  0.122366865554274E-12  0.117612067308161E-10
 0.400000E+02  0.125749093160035E-10  0.591106903256530E-13  0.499002628911572E-11
 0.410000E+02  0.142588534186649E-10  0.669626290325910E-13  0.488990127436562E-11
 0.420000E+02  0.473832882943464E-11  0.224310601537217E-13  0.145230837810060E-11
 0.430000E+02  0.460244878771694E-11  0.203090093403499E-13  0.118912987590514E-11
 0.440000E+02  0.207047490718277E-11  0.776950778819681E-14  0.472216785495905E-12
 0.450000E+02  0.116840677416144E-11  0.468866671916625E-14  0.233017616134101E-12
 0.460000E+02  0.119359030065064E-11  0.330472683698264E-14  0.201771113129048E-12
 0.470000E+02  0.407812238531726E-12  0.118218875173992E-14  0.612127379226112E-13
 0.480000E+02  0.430552318297661E-12  0.119834269416354E-14  0.542005626378513E-13
 0.490000E+02  0.170105074939741E-12  0.425127472462668E-15  0.193061172366856E-13
 0.500000E+02  0.138127935566586E-12  0.464327645323249E-15  0.130447274102268E-13
 0.510000E+02  0.752187686676163E-13  0.254215815593006E-15  0.645627496772154E-14
 0.520000E+02  0.358647439420368E-13  0.164641460296903E-15  0.270667310984191E-14
 0.530000E+02  0.394268587856752E-13  0.230452571332855E-15  0.257651124607166E-14
 0.540000E+02  0.141484873545969E-13  0.102915233835096E-15  0.846850718897800E-15
 0.550000E+02  0.128418155566744E-13  0.115827939848906E-15  0.655864134695659E-15
 0.560000E+02  0.594665073168919E-14  0.659153932157946E-16  0.282005600158638E-15
 0.570000E+02  0.318012415201078E-14  0.394769988029386E-16  0.131516466888127E-15
 0.580000E+02  0.342920515493619E-14  0.494209283220465E-16  0.127463222650483E-15
 0.590000E+02  0.113706511197438E-14  0.200142697097614E-16  0.388984027218610E-16
 0.600000E+02  0.119256458439147E-14  0.212617986414759E-16  0.331455360701404E-16
 0.610000E+02  0.478464427594222E-15  0.752188738570684E-17  0.103990849565555E-16
 0.620000E+02  0.332801016670543E-15  0.881291617978146E-17  0.855360500238751E-17
 0.630000E+02  0.420516293556525E-15  0.892535863241329E-17  0.713452706873226E-17
 0.640000E+02  0.327147184662190E-21  0.204143172379998E-22  0.306732867424190E-21
 0.650000E+02  0.000000000000000E+00  0.000000000000000E+00  0.000000000000000E+00
 0.660000E+02  0.000000000000000E+00  0.000000000000000E+00  0.000000000000000E+00
 0.670000E+02  0.000000000000000E+00  0.000000000000000E+00  0.000000000000000E+00
 0.680000E+02  0.000000000000000E+00  0.000000000000000E+00  0.000000000000000E+00
 0.690000E+02  0.000000000000000E+00  0.000000000000000E+00  0.000000000000000E+00
 0.700000E+02  0.000000000000000E+00  0.000000000000000E+00  0.000000000000000E+00
 0.710000E+02  0.000000000000000E+00  0.000000000000000E+00  0.000000000000000E+00
 0.720000E+02  0.000000000000000E+00  0.000000000000000E+00  0.000000000000000E+00
 0.730000E+02  0.000000000000000E+00  0.000000000000000E+00  0.000000000000000E+00
 0.740000E+02  0.000000000000000E+00  0.000000000000000E+00  0.000000000000000E+00
 0.750000E+02  0.000000000000000E+00  0.000000000000000E+00  0.000000000000000E+00
 0.760000E+02  0.000000000000000E+00  0.000000000000000E+00  0.000000000000000E+00
 0.770000E+02  0.000000000000000E+00  0.000000000000000E+00  0.000000000000000E+00
 0.780000E+02  0.000000000000000E+00  0.000000000000000E+00  0.000000000000000E+00
 0.790000E+02  0.000000000000000E+00  0.000000000000000E+00  0.000000000000000E+00
 0.800000E+02  0.000000000000000E+00  0.000000000000000E+00  0.000000000000000E+00
 0.810000E+02  0.000000000000000E+00  0.000000000000000E+00  0.000000000000000E+00
 0.820000E+02  0.000000000000000E+00  0.000000000000000E+00  0.000000000000000E+00
 0.830000E+02  0.000000000000000E+00  0.000000000000000E+00  0.000000000000000E+00
 0.840000E+02  0.000000000000000E+00  0.000000000000000E+00  0.000000000000000E+00
 0.850000E+02  0.000000000000000E+00  0.000000000000000E+00  0.000000000000000E+00
 0.860000E+02  0.000000000000000E+00  0.000000000000000E+00  0.000000000000000E+00
 0.870000E+02  0.000000000000000E+00  0.000000000000000E+00  0.000000000000000E+00
 0.880000E+02  0.000000000000000E+00  0.000000000000000E+00  0.000000000000000E+00
 0.890000E+02  0.000000000000000E+00  0.000000000000000E+00  0.000000000000000E+00
 0.900000E+02  0.000000000000000E+00  0.000000000000000E+00  0.000000000000000E+00
 0.910000E+02  0.000000000000000E+00  0.000000000000000E+00  0.000000000000000E+00
 0.920000E+02  0.000000000000000E+00  0.000000000000000E+00  0.000000000000000E+00
 0.930000E+02  0.000000000000000E+00  0.000000000000000E+00  0.000000000000000E+00
 0.940000E+02  0.000000000000000E+00  0.000000000000000E+00  0.000000000000000E+00
 0.950000E+02  0.000000000000000E+00  0.000000000000000E+00  0.000000000000000E+00
 0.960000E+02  0.000000000000000E+00  0.000000000000000E+00  0.000000000000000E+00
