 0.000000E+00  0.982026307405939E+00  0.592039605781954E+00  0.389986701623987E+00
 0.100000E+01  0.467203336501014E-02  0.296420996740784E-02  0.170782339760233E-02
 0.200000E+01  0.217287760342710E-03  0.137068597764354E-03  0.802191625783554E-04
 0.300000E+01  0.352997904442005E-04  0.206272641715928E-04  0.146725262726079E-04
 0.400000E+01  0.643938342450250E-05  0.386360753606113E-05  0.257577588844139E-05
 0.500000E+01  0.155504642508152E-05  0.105810478649938E-05  0.496941638582132E-06
 0.600000E+01  0.435635433157924E-06  0.288684063240914E-06  0.146951369917009E-06
 0.700000E+01  0.113707339916771E-06  0.725371434217271E-07  0.411701964950444E-07
 0.800000E+01  0.213565575114215E-07  0.125357798772762E-07  0.882077763414522E-08
 0.900000E+01  0.373678634456496E-08  0.191976207120602E-08  0.181702427335893E-08
 0.100000E+02  0.480213113737987E-09  0.243413131365179E-09  0.236799982372808E-09
 0.110000E+02  0.105546909749092E-10  0.562448090266405E-11  0.493021007224517E-11
 0.120000E+02  0.488669544654333E-13  0.301073486235679E-13  0.187596058418655E-13
 0.130000E+02  0.538707977058580E-15  0.399349196013000E-15  0.139358781045581E-15
 0.140000E+02  0.345262050320043E-16  0.260030085014091E-16  0.852319653059524E-17
 0.150000E+02  0.496180595431878E-17  0.390048379658227E-17  0.106132215773651E-17
 0.160000E+02  0.282980200076753E-19  0.282980200076753E-19  0.000000000000000E+00
 0.170000E+02  0.000000000000000E+00  0.000000000000000E+00  0.000000000000000E+00
 0.180000E+02  0.000000000000000E+00  0.000000000000000E+00  0.000000000000000E+00
 0.190000E+02  0.000000000000000E+00  0.000000000000000E+00  0.000000000000000E+00
 0.200000E+02  0.000000000000000E+00  0.000000000000000E+00  0.000000000000000E+00
 0.210000E+02  0.000000000000000E+00  0.000000000000000E+00  0.000000000000000E+00
 0.220000E+02  0.000000000000000E+00  0.000000000000000E+00  0.000000000000000E+00
 0.230000E+02  0.000000000000000E+00  0.000000000000000E+00  0.000000000000000E+00
 0.240000E+02  0.000000000000000E+00  0.000000000000000E+00  0.000000000000000E+00
