 0.100000E+01  0.110706073904054E+00
 0.200000E+01  0.859584570767416E-05
 0.300000E+01  0.142341201518128E-06
 0.400000E+01  0.268601769901601E-08
 0.500000E+01  0.100984676180622E-11
 0.600000E+01  0.171404011284197E-13
 0.700000E+01  0.789621488791387E-16
 0.800000E+01  0.503716848084878E-18
 0.900000E+01  0.860401288253450E-19
 0.100000E+02  0.155546542957777E-19
 0.110000E+02  0.185980242678408E-18
 0.120000E+02  0.241209503925877E-19
 0.130000E+02  0.902964512552682E-19
 0.140000E+02  0.167930217967108E-19
 0.150000E+02  0.286513527468756E-19
 0.160000E+02  0.661906525851698E-20
 0.170000E+02  0.631198119532905E-19
 0.180000E+02  0.552820119242207E-20
 0.190000E+02  0.726508019808349E-20
 0.200000E+02  0.275319097012929E-20
 0.210000E+02  0.311631005486522E-20
 0.220000E+02  0.254375594720697E-20
 0.230000E+02  0.292176981454465E-19
 0.240000E+02  0.605608948514671E-20
 0.250000E+02  0.644539573927042E-19
 0.260000E+02  0.673836212450985E-20
 0.270000E+02  0.236260843523189E-20
 0.280000E+02  0.154288532569450E-20
 0.290000E+02  0.233932901505993E-20
 0.300000E+02  0.232987622855112E-20
 0.310000E+02  0.216843969878649E-19
 0.320000E+02  0.249268922720410E-20
 0.330000E+02  0.344234740339433E-20
 0.340000E+02  0.136954741827719E-20
 0.350000E+02  0.161572765488073E-19
 0.360000E+02  0.130215988423071E-20
 0.370000E+02  0.143693854860467E-19
 0.380000E+02  0.128840392373883E-20
 0.390000E+02  0.201239164705021E-20
 0.400000E+02  0.757820586153551E-21
 0.410000E+02  0.256412873942599E-20
 0.420000E+02  0.751676035771874E-21
 0.430000E+02  0.892441277671878E-21
 0.440000E+02  0.543498694868374E-21
 0.450000E+02  0.507011778249760E-21
 0.460000E+02  0.506378974878740E-21
 0.470000E+02  0.807821274208216E-20
 0.480000E+02  0.102270670018842E-20
 0.490000E+02  0.718100988586912E-20
 0.500000E+02  0.655154517159084E-21
 0.510000E+02  0.351223256462203E-21
 0.520000E+02  0.313123532094420E-21
 0.530000E+02  0.378810452422812E-21
 0.540000E+02  0.414447026003490E-21
 0.550000E+02  0.239782481724769E-20
 0.560000E+02  0.361102545427695E-21
 0.570000E+02  0.174615383389087E-20
 0.580000E+02  0.329717234736393E-21
 0.590000E+02  0.165355203298793E-20
 0.600000E+02  0.186234032803275E-21
 0.610000E+02  0.258905602833859E-20
 0.620000E+02  0.174110674368652E-21
 0.630000E+02  0.641178632461627E-21
 0.640000E+02  0.172559541598451E-22
 0.650000E+02  0.000000000000000E+00
 0.660000E+02  0.000000000000000E+00
 0.670000E+02  0.000000000000000E+00
 0.680000E+02  0.000000000000000E+00
 0.690000E+02  0.000000000000000E+00
 0.700000E+02  0.000000000000000E+00
 0.710000E+02  0.000000000000000E+00
 0.720000E+02  0.000000000000000E+00
 0.730000E+02  0.000000000000000E+00
 0.740000E+02  0.000000000000000E+00
 0.750000E+02  0.000000000000000E+00
 0.760000E+02  0.000000000000000E+00
 0.770000E+02  0.000000000000000E+00
 0.780000E+02  0.000000000000000E+00
 0.790000E+02  0.000000000000000E+00
 0.800000E+02  0.000000000000000E+00
 0.810000E+02  0.000000000000000E+00
 0.820000E+02  0.000000000000000E+00
 0.830000E+02  0.000000000000000E+00
 0.840000E+02  0.000000000000000E+00
 0.850000E+02  0.000000000000000E+00
 0.860000E+02  0.000000000000000E+00
 0.870000E+02  0.000000000000000E+00
 0.880000E+02  0.000000000000000E+00
 0.890000E+02  0.000000000000000E+00
 0.900000E+02  0.000000000000000E+00
 0.910000E+02  0.000000000000000E+00
 0.920000E+02  0.000000000000000E+00
 0.930000E+02  0.000000000000000E+00
 0.940000E+02  0.000000000000000E+00
 0.950000E+02  0.000000000000000E+00
 0.960000E+02  0.000000000000000E+00
 0.970000E+02  0.000000000000000E+00
