 0.000000E+00  0.171129254759296E-03  0.000000000000000E+00  0.000000000000000E+00
 0.100000E+01  0.790081855552705E+00  0.591920295798972E+00  0.198149582371116E+00
 0.200000E+01  0.992021234677076E-01  0.171149292782502E-05  0.991596785606816E-01
 0.300000E+01  0.254955902989179E-01  0.353148153919847E-05  0.253744818328414E-01
 0.400000E+01  0.270868900049636E-01  0.588919574084912E-05  0.268245665957920E-01
 0.500000E+01  0.187163405674224E-01  0.943148657039927E-05  0.180733630550094E-01
 0.600000E+01  0.718216229991489E-02  0.109894019928447E-04  0.650335322734463E-02
 0.700000E+01  0.537557227487410E-02  0.129606243142177E-04  0.449965658424389E-02
 0.800000E+01  0.455696975798585E-02  0.124208678332072E-04  0.401778923238916E-02
 0.900000E+01  0.221177358523788E-02  0.116879594669328E-04  0.179678348825973E-02
 0.100000E+02  0.194487477292592E-02  0.106619347879366E-04  0.164872333765587E-02
 0.110000E+02  0.136810348023429E-02  0.845081396527725E-05  0.118303131072572E-02
 0.120000E+02  0.675169836720667E-03  0.790192029986869E-05  0.507795725453342E-03
 0.130000E+02  0.930396638523359E-03  0.739172253932940E-05  0.790530221139951E-03
 0.140000E+02  0.406076020901081E-03  0.495441170031072E-05  0.306515129241181E-03
 0.150000E+02  0.335268399981808E-03  0.372308723015080E-05  0.245234470870007E-03
 0.160000E+02  0.280219899446166E-03  0.226372967554456E-05  0.208688809089808E-03
 0.170000E+02  0.207428882415262E-03  0.129416713348478E-05  0.151037200609716E-03
 0.180000E+02  0.199587726874533E-03  0.730449099234365E-06  0.156105446933452E-03
 0.190000E+02  0.103969821299891E-03  0.559226485626063E-06  0.743399314525606E-04
 0.200000E+02  0.827253199304471E-04  0.422995375809476E-06  0.594546854079600E-04
 0.210000E+02  0.957510327172791E-04  0.420974415462488E-06  0.749620655996625E-04
 0.220000E+02  0.467312046088703E-04  0.254822445627106E-06  0.317403707341957E-04
 0.230000E+02  0.502343280589598E-04  0.268461151317970E-06  0.387109249030612E-04
 0.240000E+02  0.344536967170609E-04  0.317159107050997E-06  0.254124842647234E-04
 0.250000E+02  0.250765796974896E-04  0.362268873967451E-06  0.178862912510782E-04
 0.260000E+02  0.242725171790229E-04  0.234543277857812E-06  0.186319080803026E-04
 0.270000E+02  0.125407199404149E-04  0.108324531665450E-06  0.892607709541076E-05
 0.280000E+02  0.116854943458929E-04  0.508019488233350E-07  0.867916788444033E-05
 0.290000E+02  0.994192727116895E-05  0.466188792128163E-07  0.714914015914701E-05
 0.300000E+02  0.807959103522822E-05  0.580724342129840E-07  0.573710090443066E-05
 0.310000E+02  0.703414974720121E-05  0.496455488695267E-07  0.510891173120169E-05
 0.320000E+02  0.443365053529888E-05  0.312068058366973E-07  0.306939872818117E-05
 0.330000E+02  0.345714369497589E-05  0.269263789024756E-07  0.238247194301152E-05
 0.340000E+02  0.337447642052830E-05  0.287076357065924E-07  0.246509370754560E-05
 0.350000E+02  0.163839724341466E-05  0.231319713877749E-07  0.104487990122865E-05
 0.360000E+02  0.164220616597251E-05  0.175436331417061E-07  0.112497010923196E-05
 0.370000E+02  0.117324502268721E-05  0.947728736337201E-08  0.769973689586451E-06
 0.380000E+02  0.967886619457914E-06  0.479666179530507E-08  0.609317196996229E-06
 0.390000E+02  0.803943024474737E-06  0.335989581270327E-08  0.532150678229470E-06
 0.400000E+02  0.438094402896828E-06  0.309832939239118E-08  0.249075014257164E-06
 0.410000E+02  0.385753521349079E-06  0.310857987880047E-08  0.224452252612961E-06
 0.420000E+02  0.282752041772120E-06  0.244552052571695E-08  0.161285463593050E-06
 0.430000E+02  0.222851034223167E-06  0.170529190502654E-08  0.124871424284465E-06
 0.440000E+02  0.170603276771754E-06  0.144532020907810E-08  0.979805307974363E-07
 0.450000E+02  0.109109340869704E-06  0.121995741331193E-08  0.517568489326432E-07
 0.460000E+02  0.914336333635634E-07  0.866562650883881E-09  0.414260153245241E-07
 0.470000E+02  0.671041913433048E-07  0.501731611819472E-09  0.288728955946674E-07
 0.480000E+02  0.553051576597197E-07  0.341398699703248E-09  0.230240890502011E-07
 0.490000E+02  0.386303736186384E-07  0.262827117476871E-09  0.140645882067845E-07
 0.500000E+02  0.273485677395653E-07  0.237117689616385E-09  0.825655516983672E-08
 0.510000E+02  0.213688952096284E-07  0.189579271189048E-09  0.665854829845339E-08
 0.520000E+02  0.140143346109083E-07  0.138429434145149E-09  0.419026116215549E-08
 0.530000E+02  0.122683839681809E-07  0.129142717051949E-09  0.373927461782058E-08
 0.540000E+02  0.862892114868668E-08  0.107050862812032E-09  0.220512789617337E-08
 0.550000E+02  0.751185829331374E-08  0.905075537250282E-10  0.172607772262156E-08
 0.560000E+02  0.578297701595432E-08  0.627651072782346E-10  0.128935616623630E-08
 0.570000E+02  0.477871142472753E-08  0.455851818194872E-10  0.922434997849848E-09
 0.580000E+02  0.387101400220187E-08  0.390461839364451E-10  0.475019763213603E-09
 0.590000E+02  0.307556155573229E-08  0.353724073237251E-10  0.371624966890278E-09
 0.600000E+02  0.277122540088101E-08  0.352707317375625E-10  0.281514021945454E-09
 0.610000E+02  0.191145561950021E-08  0.255422995044689E-10  0.286707064258462E-09
 0.620000E+02  0.168577332262047E-08  0.173505027003129E-10  0.205537848420225E-09
 0.630000E+02  0.966608901832538E-09  0.231206406639692E-10  0.291594628476818E-09
 0.640000E+02  0.436413075427981E-12  0.246905350618018E-13  0.411722540366179E-12
 0.650000E+02  0.000000000000000E+00  0.000000000000000E+00  0.000000000000000E+00
 0.660000E+02  0.000000000000000E+00  0.000000000000000E+00  0.000000000000000E+00
 0.670000E+02  0.000000000000000E+00  0.000000000000000E+00  0.000000000000000E+00
 0.680000E+02  0.000000000000000E+00  0.000000000000000E+00  0.000000000000000E+00
 0.690000E+02  0.000000000000000E+00  0.000000000000000E+00  0.000000000000000E+00
 0.700000E+02  0.000000000000000E+00  0.000000000000000E+00  0.000000000000000E+00
 0.710000E+02  0.000000000000000E+00  0.000000000000000E+00  0.000000000000000E+00
 0.720000E+02  0.000000000000000E+00  0.000000000000000E+00  0.000000000000000E+00
 0.730000E+02  0.000000000000000E+00  0.000000000000000E+00  0.000000000000000E+00
 0.740000E+02  0.000000000000000E+00  0.000000000000000E+00  0.000000000000000E+00
 0.750000E+02  0.000000000000000E+00  0.000000000000000E+00  0.000000000000000E+00
 0.760000E+02  0.000000000000000E+00  0.000000000000000E+00  0.000000000000000E+00
 0.770000E+02  0.000000000000000E+00  0.000000000000000E+00  0.000000000000000E+00
 0.780000E+02  0.000000000000000E+00  0.000000000000000E+00  0.000000000000000E+00
 0.790000E+02  0.000000000000000E+00  0.000000000000000E+00  0.000000000000000E+00
 0.800000E+02  0.000000000000000E+00  0.000000000000000E+00  0.000000000000000E+00
 0.810000E+02  0.000000000000000E+00  0.000000000000000E+00  0.000000000000000E+00
 0.820000E+02  0.000000000000000E+00  0.000000000000000E+00  0.000000000000000E+00
 0.830000E+02  0.000000000000000E+00  0.000000000000000E+00  0.000000000000000E+00
 0.840000E+02  0.000000000000000E+00  0.000000000000000E+00  0.000000000000000E+00
 0.850000E+02  0.000000000000000E+00  0.000000000000000E+00  0.000000000000000E+00
 0.860000E+02  0.000000000000000E+00  0.000000000000000E+00  0.000000000000000E+00
 0.870000E+02  0.000000000000000E+00  0.000000000000000E+00  0.000000000000000E+00
 0.880000E+02  0.000000000000000E+00  0.000000000000000E+00  0.000000000000000E+00
 0.890000E+02  0.000000000000000E+00  0.000000000000000E+00  0.000000000000000E+00
 0.900000E+02  0.000000000000000E+00  0.000000000000000E+00  0.000000000000000E+00
 0.910000E+02  0.000000000000000E+00  0.000000000000000E+00  0.000000000000000E+00
 0.920000E+02  0.000000000000000E+00  0.000000000000000E+00  0.000000000000000E+00
 0.930000E+02  0.000000000000000E+00  0.000000000000000E+00  0.000000000000000E+00
 0.940000E+02  0.000000000000000E+00  0.000000000000000E+00  0.000000000000000E+00
 0.950000E+02  0.000000000000000E+00  0.000000000000000E+00  0.000000000000000E+00
 0.960000E+02  0.000000000000000E+00  0.000000000000000E+00  0.000000000000000E+00
