 0.000000E+00  0.602824153702584E+00  0.273069193629684E+00  0.329754960072895E+00
 0.100000E+01  0.208086076343354E-01  0.128768116326425E-01  0.793179600169283E-02
 0.200000E+01  0.512219514735239E-02  0.308109856942229E-02  0.204109657793012E-02
 0.300000E+01  0.235292996850423E-02  0.143642588464567E-02  0.916504083858554E-03
 0.400000E+01  0.127066058136906E-02  0.802428273171853E-03  0.468232308197208E-03
 0.500000E+01  0.628553336241384E-03  0.428834671273456E-03  0.199718664967928E-03
 0.600000E+01  0.348007786400297E-03  0.240997816266781E-03  0.107009970133516E-03
 0.700000E+01  0.196509838949512E-03  0.138244198617838E-03  0.582656403316741E-04
 0.800000E+01  0.114302693715926E-03  0.808167532191737E-04  0.334859404967527E-04
 0.900000E+01  0.646235074602665E-04  0.452463242608925E-04  0.193771831993740E-04
 0.100000E+02  0.393052887787142E-04  0.276117084687331E-04  0.116935803099811E-04
 0.110000E+02  0.273873474776382E-04  0.191865271044258E-04  0.820082037321237E-05
 0.120000E+02  0.173485328938060E-04  0.126930011709191E-04  0.465553172288693E-05
 0.130000E+02  0.120977331444002E-04  0.895981807324530E-05  0.313791507115491E-05
 0.140000E+02  0.680177181017030E-05  0.486663460418535E-05  0.193513720598494E-05
 0.150000E+02  0.356687949039086E-05  0.279768158112197E-05  0.769197909268893E-06
 0.160000E+02  0.162193125596843E-08  0.162193125596843E-08  0.000000000000000E+00
 0.170000E+02  0.000000000000000E+00  0.000000000000000E+00  0.000000000000000E+00
 0.180000E+02  0.000000000000000E+00  0.000000000000000E+00  0.000000000000000E+00
 0.190000E+02  0.000000000000000E+00  0.000000000000000E+00  0.000000000000000E+00
 0.200000E+02  0.000000000000000E+00  0.000000000000000E+00  0.000000000000000E+00
 0.210000E+02  0.000000000000000E+00  0.000000000000000E+00  0.000000000000000E+00
 0.220000E+02  0.000000000000000E+00  0.000000000000000E+00  0.000000000000000E+00
 0.230000E+02  0.000000000000000E+00  0.000000000000000E+00  0.000000000000000E+00
 0.240000E+02  0.000000000000000E+00  0.000000000000000E+00  0.000000000000000E+00
