 0.000000E+00  0.366996932044205E+00  0.103775691260309E+00  0.263221240783896E+00
 0.100000E+01  0.396527679163682E-03  0.394854882293827E-03  0.167279686985577E-05
 0.200000E+01  0.265714009964372E-09  0.210369684745478E-09  0.553443252188960E-10
 0.300000E+01  0.267298741883093E-13  0.228526833112398E-13  0.387719087706975E-14
 0.400000E+01  0.631511512935527E-17  0.536409205524634E-17  0.951023074108931E-18
 0.500000E+01  0.539983466298267E-18  0.395391991345433E-18  0.144591474952834E-18
 0.600000E+01  0.822046378197061E-18  0.679203144416956E-18  0.142843233780105E-18
 0.700000E+01  0.412119096623764E-18  0.319573670057241E-18  0.925454265665232E-19
 0.800000E+01  0.331994574101989E-18  0.261810965724981E-18  0.701836083770078E-19
 0.900000E+01  0.354559322876504E-18  0.275151970542205E-18  0.794073523342983E-19
 0.100000E+02  0.416890711575418E-18  0.340742091318430E-18  0.761486202569870E-19
 0.110000E+02  0.260873850976852E-18  0.207673882567837E-18  0.531999684090142E-19
 0.120000E+02  0.639009380798320E-18  0.572415507045817E-18  0.665938737525025E-19
 0.130000E+02  0.230443801955390E-18  0.186454900969557E-18  0.439889009858328E-19
 0.140000E+02  0.320323928103147E-18  0.279908697865658E-18  0.404152302374884E-19
 0.150000E+02  0.180785661843867E-18  0.159361825520502E-18  0.214238363233641E-19
 0.160000E+02  0.249556674956840E-20  0.249556674956840E-20  0.000000000000000E+00
 0.170000E+02  0.000000000000000E+00  0.000000000000000E+00  0.000000000000000E+00
 0.180000E+02  0.000000000000000E+00  0.000000000000000E+00  0.000000000000000E+00
 0.190000E+02  0.000000000000000E+00  0.000000000000000E+00  0.000000000000000E+00
 0.200000E+02  0.000000000000000E+00  0.000000000000000E+00  0.000000000000000E+00
 0.210000E+02  0.000000000000000E+00  0.000000000000000E+00  0.000000000000000E+00
 0.220000E+02  0.000000000000000E+00  0.000000000000000E+00  0.000000000000000E+00
 0.230000E+02  0.000000000000000E+00  0.000000000000000E+00  0.000000000000000E+00
 0.240000E+02  0.000000000000000E+00  0.000000000000000E+00  0.000000000000000E+00
