 0.000000E+00  0.681613060815964E+00  0.298703212757375E+00  0.382909848058594E+00
 0.100000E+01  0.128824109755098E-02  0.840052679787935E-03  0.448188417763035E-03
 0.200000E+01  0.778738168406836E-05  0.438837166949864E-05  0.339901001456967E-05
 0.300000E+01  0.119760529840124E-06  0.595423047928354E-07  0.602182250472889E-07
 0.400000E+01  0.465797031976561E-08  0.237449289206398E-08  0.228347742770163E-08
 0.500000E+01  0.287976353132631E-09  0.154187786570105E-09  0.133788566562526E-09
 0.600000E+01  0.215460897215536E-10  0.135156147322488E-10  0.803047498930490E-11
 0.700000E+01  0.158678100439105E-11  0.115808495081482E-11  0.428696053576229E-12
 0.800000E+01  0.957136766425537E-13  0.781990471795127E-13  0.175146294630410E-13
 0.900000E+01  0.358861244960525E-14  0.299722866941143E-14  0.591383780193814E-15
 0.100000E+02  0.732618349525829E-16  0.530705889272904E-16  0.201912460252924E-16
 0.110000E+02  0.376813563538839E-17  0.269796797888299E-17  0.107016765650540E-17
 0.120000E+02  0.171081061578368E-16  0.143008719088676E-16  0.280723424896922E-17
 0.130000E+02  0.264113116440771E-17  0.201425108941295E-17  0.626880074994764E-18
 0.140000E+02  0.341799385956447E-17  0.276847171502436E-17  0.649522144540116E-18
 0.150000E+02  0.208068535330912E-17  0.172544046015259E-17  0.355244893156532E-18
 0.160000E+02  0.763337375003636E-20  0.763337375003636E-20  0.000000000000000E+00
 0.170000E+02  0.000000000000000E+00  0.000000000000000E+00  0.000000000000000E+00
 0.180000E+02  0.000000000000000E+00  0.000000000000000E+00  0.000000000000000E+00
 0.190000E+02  0.000000000000000E+00  0.000000000000000E+00  0.000000000000000E+00
 0.200000E+02  0.000000000000000E+00  0.000000000000000E+00  0.000000000000000E+00
 0.210000E+02  0.000000000000000E+00  0.000000000000000E+00  0.000000000000000E+00
 0.220000E+02  0.000000000000000E+00  0.000000000000000E+00  0.000000000000000E+00
 0.230000E+02  0.000000000000000E+00  0.000000000000000E+00  0.000000000000000E+00
 0.240000E+02  0.000000000000000E+00  0.000000000000000E+00  0.000000000000000E+00
