 0.000000E+00  0.534941080032587E-03  0.000000000000000E+00  0.000000000000000E+00
 0.100000E+01  0.923849961580427E+00  0.761277612065896E+00  0.162418180378154E+00
 0.200000E+01  0.711924951084660E-01  0.101801264463575E-02  0.691436709603295E-01
 0.300000E+01  0.224028059850929E-01  0.204217369082471E-02  0.187890782544855E-01
 0.400000E+01  0.113033470411061E-01  0.159967763329405E-02  0.770593706693035E-02
 0.500000E+01  0.149861163952537E-01  0.150430808344026E-02  0.997043632378336E-02
 0.600000E+01  0.935832451489174E-02  0.736742086246522E-03  0.615465379087254E-02
 0.700000E+01  0.875240571062509E-02  0.591869695881542E-03  0.513113779106789E-02
 0.800000E+01  0.736579937682776E-02  0.463172149224533E-03  0.409242075124894E-02
 0.900000E+01  0.551479885804214E-02  0.314536411366362E-03  0.263892769754648E-02
 0.100000E+02  0.509851861393822E-02  0.154717179188246E-03  0.251449378284008E-02
 0.110000E+02  0.355425846236085E-02  0.123783144289291E-03  0.168361856404431E-02
 0.120000E+02  0.305188642076587E-02  0.138713416667713E-03  0.124755532080201E-02
 0.130000E+02  0.242645893873933E-02  0.127586379399247E-03  0.747564445041426E-03
 0.140000E+02  0.171166755106095E-02  0.101843651986400E-03  0.411374409409859E-03
 0.150000E+02  0.152392321357420E-02  0.588703308324057E-04  0.380644595066926E-03
 0.160000E+02  0.107595247927158E-02  0.460028130486734E-04  0.276002835640221E-03
 0.170000E+02  0.121092188793113E-02  0.570004296811533E-04  0.387443277100274E-03
 0.180000E+02  0.812218796863869E-03  0.269302891207079E-04  0.233170647970127E-03
 0.190000E+02  0.697496190194285E-03  0.234237588208064E-04  0.184310966278467E-03
 0.200000E+02  0.582735773812126E-03  0.167616536947968E-04  0.192721058613232E-03
 0.210000E+02  0.517649595076561E-03  0.150175707864797E-04  0.133409448641042E-03
 0.220000E+02  0.359304102918917E-03  0.118244005361534E-04  0.662435826433994E-04
 0.230000E+02  0.295448740561177E-03  0.112849013107486E-04  0.617028666660691E-04
 0.240000E+02  0.265584949170212E-03  0.964943858028366E-05  0.407043183715938E-04
 0.250000E+02  0.246677652520126E-03  0.924223271936420E-05  0.472650162078314E-04
 0.260000E+02  0.210849768677316E-03  0.713750492675747E-05  0.363560127369378E-04
 0.270000E+02  0.163329392265550E-03  0.474743637787767E-05  0.278068029018197E-04
 0.280000E+02  0.131034627661550E-03  0.369621308949492E-05  0.232156815516138E-04
 0.290000E+02  0.131602924931501E-03  0.335670910306396E-05  0.187758738460359E-04
 0.300000E+02  0.104693639440838E-03  0.196795597351418E-05  0.150658435510431E-04
 0.310000E+02  0.927976780680395E-04  0.220822570860726E-05  0.122348314050558E-04
 0.320000E+02  0.745723134824763E-04  0.163309437030412E-05  0.887281734800530E-05
 0.330000E+02  0.681484196035718E-04  0.147672390844733E-05  0.855087130069432E-05
 0.340000E+02  0.623578412049182E-04  0.114406835802217E-05  0.693749441047116E-05
 0.350000E+02  0.458670222964027E-04  0.772936354302700E-06  0.585164432396340E-05
 0.360000E+02  0.434206392659446E-04  0.641538052096051E-06  0.503013306706913E-05
 0.370000E+02  0.333291494120986E-04  0.482332036536720E-06  0.336663144584991E-05
 0.380000E+02  0.315512230592277E-04  0.555519692559125E-06  0.338416216703538E-05
 0.390000E+02  0.245107915389454E-04  0.377150353417406E-06  0.226989251700047E-05
 0.400000E+02  0.195245618561646E-04  0.333514863623346E-06  0.190432395179557E-05
 0.410000E+02  0.188081282508207E-04  0.237191701772123E-06  0.167557052719973E-05
 0.420000E+02  0.155150882822965E-04  0.212888858978205E-06  0.131863674870947E-05
 0.430000E+02  0.139620853928560E-04  0.209085518189465E-06  0.100742293485372E-05
 0.440000E+02  0.113611477254380E-04  0.154993459408961E-06  0.890095443880148E-06
 0.450000E+02  0.994023287980265E-05  0.151860053126582E-06  0.697098676196578E-06
 0.460000E+02  0.902998557086978E-05  0.123153468353787E-06  0.627418299152700E-06
 0.470000E+02  0.757599967866255E-05  0.112582972509596E-06  0.599853137828177E-06
 0.480000E+02  0.702350308645772E-05  0.848165712459721E-07  0.526768061807990E-06
 0.490000E+02  0.584889932663782E-05  0.812851750608403E-07  0.403060720727657E-06
 0.500000E+02  0.535343562211993E-05  0.663595743926769E-07  0.335448370560260E-06
 0.510000E+02  0.466193667454477E-05  0.440297520529551E-07  0.315609084708748E-06
 0.520000E+02  0.380388816342932E-05  0.373952666756589E-07  0.218795691616074E-06
 0.530000E+02  0.354243687077484E-05  0.334667795944939E-07  0.166114115017577E-06
 0.540000E+02  0.284243954434335E-05  0.283344794286720E-07  0.151923807951678E-06
 0.550000E+02  0.299463680806654E-05  0.303480907341727E-07  0.132794839034778E-06
 0.560000E+02  0.231193024301567E-05  0.238997490543242E-07  0.106200308171026E-06
 0.570000E+02  0.208839651780366E-05  0.199766392879432E-07  0.993414547515586E-07
 0.580000E+02  0.182772118503606E-05  0.206417334278143E-07  0.865796040474545E-07
 0.590000E+02  0.149768696673731E-05  0.161204997032953E-07  0.979927617549741E-07
 0.600000E+02  0.136245292567180E-05  0.149473039713535E-07  0.857225289320127E-07
 0.610000E+02  0.103592254347842E-05  0.135460629717242E-07  0.710422189251127E-07
 0.620000E+02  0.735327367907384E-06  0.955983307494904E-08  0.713550353418882E-07
 0.630000E+02  0.446805272506880E-06  0.121628081715049E-07  0.850335377696311E-07
 0.640000E+02  0.730644234621814E-10  0.785422304993601E-11  0.652102004122454E-10
 0.650000E+02  0.000000000000000E+00  0.000000000000000E+00  0.000000000000000E+00
 0.660000E+02  0.000000000000000E+00  0.000000000000000E+00  0.000000000000000E+00
 0.670000E+02  0.000000000000000E+00  0.000000000000000E+00  0.000000000000000E+00
 0.680000E+02  0.000000000000000E+00  0.000000000000000E+00  0.000000000000000E+00
 0.690000E+02  0.000000000000000E+00  0.000000000000000E+00  0.000000000000000E+00
 0.700000E+02  0.000000000000000E+00  0.000000000000000E+00  0.000000000000000E+00
 0.710000E+02  0.000000000000000E+00  0.000000000000000E+00  0.000000000000000E+00
 0.720000E+02  0.000000000000000E+00  0.000000000000000E+00  0.000000000000000E+00
 0.730000E+02  0.000000000000000E+00  0.000000000000000E+00  0.000000000000000E+00
 0.740000E+02  0.000000000000000E+00  0.000000000000000E+00  0.000000000000000E+00
 0.750000E+02  0.000000000000000E+00  0.000000000000000E+00  0.000000000000000E+00
 0.760000E+02  0.000000000000000E+00  0.000000000000000E+00  0.000000000000000E+00
 0.770000E+02  0.000000000000000E+00  0.000000000000000E+00  0.000000000000000E+00
 0.780000E+02  0.000000000000000E+00  0.000000000000000E+00  0.000000000000000E+00
 0.790000E+02  0.000000000000000E+00  0.000000000000000E+00  0.000000000000000E+00
 0.800000E+02  0.000000000000000E+00  0.000000000000000E+00  0.000000000000000E+00
 0.810000E+02  0.000000000000000E+00  0.000000000000000E+00  0.000000000000000E+00
 0.820000E+02  0.000000000000000E+00  0.000000000000000E+00  0.000000000000000E+00
 0.830000E+02  0.000000000000000E+00  0.000000000000000E+00  0.000000000000000E+00
 0.840000E+02  0.000000000000000E+00  0.000000000000000E+00  0.000000000000000E+00
 0.850000E+02  0.000000000000000E+00  0.000000000000000E+00  0.000000000000000E+00
 0.860000E+02  0.000000000000000E+00  0.000000000000000E+00  0.000000000000000E+00
 0.870000E+02  0.000000000000000E+00  0.000000000000000E+00  0.000000000000000E+00
 0.880000E+02  0.000000000000000E+00  0.000000000000000E+00  0.000000000000000E+00
 0.890000E+02  0.000000000000000E+00  0.000000000000000E+00  0.000000000000000E+00
 0.900000E+02  0.000000000000000E+00  0.000000000000000E+00  0.000000000000000E+00
 0.910000E+02  0.000000000000000E+00  0.000000000000000E+00  0.000000000000000E+00
 0.920000E+02  0.000000000000000E+00  0.000000000000000E+00  0.000000000000000E+00
 0.930000E+02  0.000000000000000E+00  0.000000000000000E+00  0.000000000000000E+00
 0.940000E+02  0.000000000000000E+00  0.000000000000000E+00  0.000000000000000E+00
 0.950000E+02  0.000000000000000E+00  0.000000000000000E+00  0.000000000000000E+00
 0.960000E+02  0.000000000000000E+00  0.000000000000000E+00  0.000000000000000E+00
