 0.000000E+00  0.401099717427695E-03  0.000000000000000E+00  0.000000000000000E+00
 0.100000E+01  0.370452872748323E+00  0.967266596859170E-01  0.273722918936983E+00
 0.200000E+01  0.232229993886519E-03  0.596839356332057E-12  0.232185206101576E-03
 0.300000E+01  0.152318820385545E-05  0.283380210002634E-13  0.152111838058744E-05
 0.400000E+01  0.145717511728025E-07  0.127755917852125E-14  0.145059661183985E-07
 0.500000E+01  0.459277653185229E-09  0.315726949264542E-15  0.456449104939893E-09
 0.600000E+01  0.929846314735517E-12  0.127570717252723E-16  0.877532320964222E-12
 0.700000E+01  0.343611364654325E-13  0.334606496078046E-17  0.314327187715606E-13
 0.800000E+01  0.329967939493520E-15  0.338250449001327E-18  0.187383773837631E-15
 0.900000E+01  0.613053250471898E-17  0.121488739614270E-17  0.198419018827676E-17
 0.100000E+02  0.727470844371230E-18  0.194947026825458E-18  0.193827083423668E-18
 0.110000E+02  0.558515836369170E-17  0.330956864102195E-17  0.216905397005212E-17
 0.120000E+02  0.381729266480971E-18  0.167209157385985E-18  0.127537699697687E-18
 0.130000E+02  0.202698376671958E-17  0.131029259204780E-17  0.628373808097899E-18
 0.140000E+02  0.203917181582707E-18  0.997168034636214E-19  0.482602184103791E-19
 0.150000E+02  0.426164015864096E-18  0.250076777689314E-18  0.110086850513757E-18
 0.160000E+02  0.183043295543161E-18  0.760732825783286E-19  0.532651889882696E-19
 0.170000E+02  0.113075332294628E-17  0.716272524799243E-18  0.346985745986065E-18
 0.180000E+02  0.210632870213611E-18  0.111643825466197E-18  0.540970711457506E-19
 0.190000E+02  0.141708542269716E-18  0.796589886444810E-19  0.242002424673141E-19
 0.200000E+02  0.442044096199272E-19  0.565482772507219E-20  0.455716645841028E-20
 0.210000E+02  0.556715496749251E-19  0.127272392769114E-19  0.524096355496571E-20
 0.220000E+02  0.762281533718133E-19  0.253679102995664E-19  0.113608563510411E-19
 0.230000E+02  0.391476433527780E-18  0.172649529816001E-18  0.123504242878346E-18
 0.240000E+02  0.119401833017489E-18  0.271655183998848E-19  0.248439950036433E-19
 0.250000E+02  0.116156415751787E-17  0.693030849229585E-18  0.384231558833955E-18
 0.260000E+02  0.139893153690920E-18  0.594734274939316E-19  0.422361436838824E-19
 0.270000E+02  0.543084007897707E-19  0.150357452277931E-19  0.114517550196317E-19
 0.280000E+02  0.301082671308930E-19  0.338917501532332E-20  0.268014350286799E-20
 0.290000E+02  0.396065903187096E-19  0.114493976317508E-19  0.434015979652502E-20
 0.300000E+02  0.708247915199643E-19  0.385098875530733E-19  0.959087281876643E-20
 0.310000E+02  0.369778396704503E-18  0.192318678941208E-18  0.148361672903682E-18
 0.320000E+02  0.505916546160346E-19  0.185624932179269E-19  0.126042418639853E-19
 0.330000E+02  0.111980108959135E-18  0.450182039285341E-19  0.438139804002530E-19
 0.340000E+02  0.389528736585316E-19  0.161622915616486E-19  0.342152079699486E-20
 0.350000E+02  0.262097454823282E-18  0.174857972517648E-18  0.653795721641448E-19
 0.360000E+02  0.283466990343528E-19  0.638284729584596E-20  0.375197918825221E-20
 0.370000E+02  0.246753262983129E-18  0.166179989573563E-18  0.615711448445616E-19
 0.380000E+02  0.299852015456100E-19  0.994031382616325E-20  0.537121337224674E-20
 0.390000E+02  0.411456744713470E-19  0.151401619541790E-19  0.402301514717601E-20
 0.400000E+02  0.184884986090698E-19  0.272304274601852E-20  0.210699818963146E-20
 0.410000E+02  0.438169915035368E-19  0.177099765692881E-19  0.506280737052783E-20
 0.420000E+02  0.156986176219943E-19  0.248493960523684E-20  0.928608616271715E-21
 0.430000E+02  0.147126554743504E-19  0.282363748188641E-20  0.778708332346957E-21
 0.440000E+02  0.946705725258455E-20  0.563202982587785E-21  0.226762510190576E-21
 0.450000E+02  0.855759261359441E-20  0.581658832917390E-21  0.268282501401043E-21
 0.460000E+02  0.147399982171204E-19  0.559002160919789E-20  0.129288398010361E-20
 0.470000E+02  0.125492226143367E-18  0.573448420257736E-19  0.530772526819476E-19
 0.480000E+02  0.166992918811401E-19  0.281962787616225E-20  0.173980309738225E-20
 0.490000E+02  0.142547307762391E-18  0.691844931292559E-19  0.581320293737761E-19
 0.500000E+02  0.128927593286168E-19  0.457048533091279E-20  0.189722880871083E-20
 0.510000E+02  0.669863655601312E-20  0.712508634332581E-21  0.235888873479321E-21
 0.520000E+02  0.551380229374518E-20  0.280254702821175E-21  0.126999922796176E-21
 0.530000E+02  0.643304413255295E-20  0.117374378537830E-20  0.333197613731381E-21
 0.540000E+02  0.100400686859025E-19  0.406475860971469E-20  0.125479139941442E-20
 0.550000E+02  0.307760929094296E-19  0.157738509129995E-19  0.666326630513992E-20
 0.560000E+02  0.763187400160297E-20  0.109304153941604E-20  0.176441732801670E-20
 0.570000E+02  0.291918264245236E-19  0.151058768438478E-19  0.732553856226111E-20
 0.580000E+02  0.814828895512778E-20  0.297202317838488E-20  0.133074506324871E-20
 0.590000E+02  0.224677167992982E-19  0.120101082275602E-19  0.641551553872670E-20
 0.600000E+02  0.325848258254362E-20  0.456962441328042E-21  0.112407149101113E-21
 0.610000E+02  0.418770148612349E-19  0.271850587582794E-19  0.117774676323019E-19
 0.620000E+02  0.548232934746358E-20  0.316631574645430E-20  0.906791620924623E-21
 0.630000E+02  0.166894711367974E-19  0.805382874346792E-20  0.745521765993011E-20
 0.640000E+02  0.433663213931761E-22  0.424849966467918E-22  0.881324746384261E-24
 0.650000E+02  0.000000000000000E+00  0.000000000000000E+00  0.000000000000000E+00
 0.660000E+02  0.000000000000000E+00  0.000000000000000E+00  0.000000000000000E+00
 0.670000E+02  0.000000000000000E+00  0.000000000000000E+00  0.000000000000000E+00
 0.680000E+02  0.000000000000000E+00  0.000000000000000E+00  0.000000000000000E+00
 0.690000E+02  0.000000000000000E+00  0.000000000000000E+00  0.000000000000000E+00
 0.700000E+02  0.000000000000000E+00  0.000000000000000E+00  0.000000000000000E+00
 0.710000E+02  0.000000000000000E+00  0.000000000000000E+00  0.000000000000000E+00
 0.720000E+02  0.000000000000000E+00  0.000000000000000E+00  0.000000000000000E+00
 0.730000E+02  0.000000000000000E+00  0.000000000000000E+00  0.000000000000000E+00
 0.740000E+02  0.000000000000000E+00  0.000000000000000E+00  0.000000000000000E+00
 0.750000E+02  0.000000000000000E+00  0.000000000000000E+00  0.000000000000000E+00
 0.760000E+02  0.000000000000000E+00  0.000000000000000E+00  0.000000000000000E+00
 0.770000E+02  0.000000000000000E+00  0.000000000000000E+00  0.000000000000000E+00
 0.780000E+02  0.000000000000000E+00  0.000000000000000E+00  0.000000000000000E+00
 0.790000E+02  0.000000000000000E+00  0.000000000000000E+00  0.000000000000000E+00
 0.800000E+02  0.000000000000000E+00  0.000000000000000E+00  0.000000000000000E+00
 0.810000E+02  0.000000000000000E+00  0.000000000000000E+00  0.000000000000000E+00
 0.820000E+02  0.000000000000000E+00  0.000000000000000E+00  0.000000000000000E+00
 0.830000E+02  0.000000000000000E+00  0.000000000000000E+00  0.000000000000000E+00
 0.840000E+02  0.000000000000000E+00  0.000000000000000E+00  0.000000000000000E+00
 0.850000E+02  0.000000000000000E+00  0.000000000000000E+00  0.000000000000000E+00
 0.860000E+02  0.000000000000000E+00  0.000000000000000E+00  0.000000000000000E+00
 0.870000E+02  0.000000000000000E+00  0.000000000000000E+00  0.000000000000000E+00
 0.880000E+02  0.000000000000000E+00  0.000000000000000E+00  0.000000000000000E+00
 0.890000E+02  0.000000000000000E+00  0.000000000000000E+00  0.000000000000000E+00
 0.900000E+02  0.000000000000000E+00  0.000000000000000E+00  0.000000000000000E+00
 0.910000E+02  0.000000000000000E+00  0.000000000000000E+00  0.000000000000000E+00
 0.920000E+02  0.000000000000000E+00  0.000000000000000E+00  0.000000000000000E+00
 0.930000E+02  0.000000000000000E+00  0.000000000000000E+00  0.000000000000000E+00
 0.940000E+02  0.000000000000000E+00  0.000000000000000E+00  0.000000000000000E+00
 0.950000E+02  0.000000000000000E+00  0.000000000000000E+00  0.000000000000000E+00
 0.960000E+02  0.000000000000000E+00  0.000000000000000E+00  0.000000000000000E+00
