 0.000000E+00  0.475864771402992E-03  0.000000000000000E+00  0.000000000000000E+00
 0.100000E+01  0.321491129345994E+00  0.157123738543836E+00  0.164362335577607E+00
 0.200000E+01  0.514964550430441E-01  0.131286643778594E-07  0.514785877312534E-01
 0.300000E+01  0.181933785549213E-01  0.281765423423841E-07  0.181628155878570E-01
 0.400000E+01  0.531303071555609E-02  0.286376859517934E-07  0.528610155015485E-02
 0.500000E+01  0.144608804962138E-01  0.302474141324061E-07  0.144057723526885E-01
 0.600000E+01  0.624307541398152E-02  0.249860735393893E-07  0.621498319111424E-02
 0.700000E+01  0.677164267476036E-02  0.282794813816212E-07  0.673993410038065E-02
 0.800000E+01  0.350759247368960E-02  0.260212619147306E-07  0.348138838015188E-02
 0.900000E+01  0.201478329569274E-02  0.224538639018862E-07  0.199809182594102E-02
 0.100000E+02  0.168911127642577E-02  0.195704572963917E-07  0.167339872689776E-02
 0.110000E+02  0.844067865591464E-03  0.206248815736668E-07  0.835520198009754E-03
 0.120000E+02  0.535919226744862E-03  0.121466928119495E-07  0.527323211921202E-03
 0.130000E+02  0.671222328783345E-03  0.134110893102585E-07  0.663658867025438E-03
 0.140000E+02  0.241240751489300E-03  0.770697296048140E-08  0.237352707062535E-03
 0.150000E+02  0.256520035778624E-03  0.768616286106949E-08  0.253614457383204E-03
 0.160000E+02  0.116771372106837E-03  0.463315345977140E-08  0.114773132993869E-03
 0.170000E+02  0.106757336510038E-03  0.470385784698133E-08  0.105245366593736E-03
 0.180000E+02  0.117877822445374E-03  0.395153489476499E-08  0.116207001228276E-03
 0.190000E+02  0.558553604219862E-04  0.242067615025455E-08  0.550123195935089E-04
 0.200000E+02  0.625519213767995E-04  0.227551000859978E-08  0.616652134318126E-04
 0.210000E+02  0.428466676711008E-04  0.212138808260496E-08  0.422351954814778E-04
 0.220000E+02  0.257532887012661E-04  0.136808758931392E-08  0.253421096650638E-04
 0.230000E+02  0.338953194359551E-04  0.128889221494168E-08  0.334384779891501E-04
 0.240000E+02  0.144874312473208E-04  0.708248688229220E-09  0.142468153549864E-04
 0.250000E+02  0.175470419316582E-04  0.740429284787636E-09  0.172761317608930E-04
 0.260000E+02  0.134034498508098E-04  0.623574299578381E-09  0.132055307602446E-04
 0.270000E+02  0.758061511647421E-05  0.385447636630589E-09  0.745388580197128E-05
 0.280000E+02  0.949511035553300E-05  0.439992624641850E-09  0.935700823624439E-05
 0.290000E+02  0.384597579949237E-05  0.211491574103193E-09  0.377329694271791E-05
 0.300000E+02  0.421729707449626E-05  0.240940596114742E-09  0.414568081763317E-05
 0.310000E+02  0.359431581944968E-05  0.225755517305196E-09  0.353042693549746E-05
 0.320000E+02  0.182702637193987E-05  0.131694012961939E-09  0.178879772060353E-05
 0.330000E+02  0.220840517567315E-05  0.169100623528269E-09  0.216728253154989E-05
 0.340000E+02  0.101462146176021E-05  0.788136068901279E-10  0.991410050422418E-06
 0.350000E+02  0.813498992991885E-06  0.764936502524041E-10  0.794195724775895E-06
 0.360000E+02  0.795194333189652E-06  0.714727396038552E-10  0.776858997956100E-06
 0.370000E+02  0.357918081636583E-06  0.377915773352784E-10  0.347571981628932E-06
 0.380000E+02  0.423107020574889E-06  0.471897414300556E-10  0.412049588190773E-06
 0.390000E+02  0.210532100099086E-06  0.219702738639396E-10  0.203960229085807E-06
 0.400000E+02  0.148499201835943E-06  0.192632877520767E-10  0.143512091752757E-06
 0.410000E+02  0.146812228263314E-06  0.170422867470379E-10  0.141953436863616E-06
 0.420000E+02  0.614051875915433E-07  0.849749456215575E-11  0.588201748277656E-07
 0.430000E+02  0.673842463470561E-07  0.939369321857348E-11  0.647477172310380E-07
 0.440000E+02  0.377492728490211E-07  0.484160686819115E-11  0.359970831784870E-07
 0.450000E+02  0.231235628706374E-07  0.379691852042160E-11  0.219186725493928E-07
 0.460000E+02  0.229069472826064E-07  0.318218610155646E-11  0.217526924415241E-07
 0.470000E+02  0.943538730817357E-08  0.158594529978678E-11  0.882595236765189E-08
 0.480000E+02  0.930457366413699E-08  0.153617720861221E-11  0.871407050597600E-08
 0.490000E+02  0.577923430296660E-08  0.929511923483550E-12  0.536253078151249E-08
 0.500000E+02  0.312028770257717E-08  0.640883665700548E-12  0.285262885212312E-08
 0.510000E+02  0.307689301875556E-08  0.504932616766978E-12  0.282293339472532E-08
 0.520000E+02  0.128598527410398E-08  0.253510028859224E-12  0.115524647522357E-08
 0.530000E+02  0.114863704860580E-08  0.234705318276622E-12  0.102564831779468E-08
 0.540000E+02  0.765838925101063E-09  0.170730414332516E-12  0.677204611315735E-09
 0.550000E+02  0.377605678093381E-09  0.121642146426686E-12  0.323077967270042E-09
 0.560000E+02  0.361911818634970E-09  0.958940764716833E-13  0.311754382487740E-09
 0.570000E+02  0.168872088773261E-09  0.598694478554183E-13  0.139446150180846E-09
 0.580000E+02  0.122156423717344E-09  0.483355459325835E-13  0.100930626009407E-09
 0.590000E+02  0.890731076605015E-10  0.474577760564686E-13  0.720599487153924E-10
 0.600000E+02  0.465263205214795E-10  0.355144653101495E-13  0.353065190531756E-10
 0.610000E+02  0.402689234214448E-10  0.385291805472078E-13  0.307538683271727E-10
 0.620000E+02  0.190048937579628E-10  0.196314778640953E-13  0.136422788391507E-10
 0.630000E+02  0.310990685252693E-10  0.460721696803461E-13  0.218948034492313E-10
 0.640000E+02  0.437548706288735E-18  0.349573689185503E-19  0.402591337370185E-18
 0.650000E+02  0.000000000000000E+00  0.000000000000000E+00  0.000000000000000E+00
 0.660000E+02  0.000000000000000E+00  0.000000000000000E+00  0.000000000000000E+00
 0.670000E+02  0.000000000000000E+00  0.000000000000000E+00  0.000000000000000E+00
 0.680000E+02  0.000000000000000E+00  0.000000000000000E+00  0.000000000000000E+00
 0.690000E+02  0.000000000000000E+00  0.000000000000000E+00  0.000000000000000E+00
 0.700000E+02  0.000000000000000E+00  0.000000000000000E+00  0.000000000000000E+00
 0.710000E+02  0.000000000000000E+00  0.000000000000000E+00  0.000000000000000E+00
 0.720000E+02  0.000000000000000E+00  0.000000000000000E+00  0.000000000000000E+00
 0.730000E+02  0.000000000000000E+00  0.000000000000000E+00  0.000000000000000E+00
 0.740000E+02  0.000000000000000E+00  0.000000000000000E+00  0.000000000000000E+00
 0.750000E+02  0.000000000000000E+00  0.000000000000000E+00  0.000000000000000E+00
 0.760000E+02  0.000000000000000E+00  0.000000000000000E+00  0.000000000000000E+00
 0.770000E+02  0.000000000000000E+00  0.000000000000000E+00  0.000000000000000E+00
 0.780000E+02  0.000000000000000E+00  0.000000000000000E+00  0.000000000000000E+00
 0.790000E+02  0.000000000000000E+00  0.000000000000000E+00  0.000000000000000E+00
 0.800000E+02  0.000000000000000E+00  0.000000000000000E+00  0.000000000000000E+00
 0.810000E+02  0.000000000000000E+00  0.000000000000000E+00  0.000000000000000E+00
 0.820000E+02  0.000000000000000E+00  0.000000000000000E+00  0.000000000000000E+00
 0.830000E+02  0.000000000000000E+00  0.000000000000000E+00  0.000000000000000E+00
 0.840000E+02  0.000000000000000E+00  0.000000000000000E+00  0.000000000000000E+00
 0.850000E+02  0.000000000000000E+00  0.000000000000000E+00  0.000000000000000E+00
 0.860000E+02  0.000000000000000E+00  0.000000000000000E+00  0.000000000000000E+00
 0.870000E+02  0.000000000000000E+00  0.000000000000000E+00  0.000000000000000E+00
 0.880000E+02  0.000000000000000E+00  0.000000000000000E+00  0.000000000000000E+00
 0.890000E+02  0.000000000000000E+00  0.000000000000000E+00  0.000000000000000E+00
 0.900000E+02  0.000000000000000E+00  0.000000000000000E+00  0.000000000000000E+00
 0.910000E+02  0.000000000000000E+00  0.000000000000000E+00  0.000000000000000E+00
 0.920000E+02  0.000000000000000E+00  0.000000000000000E+00  0.000000000000000E+00
 0.930000E+02  0.000000000000000E+00  0.000000000000000E+00  0.000000000000000E+00
 0.940000E+02  0.000000000000000E+00  0.000000000000000E+00  0.000000000000000E+00
 0.950000E+02  0.000000000000000E+00  0.000000000000000E+00  0.000000000000000E+00
 0.960000E+02  0.000000000000000E+00  0.000000000000000E+00  0.000000000000000E+00
