 0.100000E+01  0.309779288756717E+00
 0.200000E+01  0.264163093559231E-01
 0.300000E+01  0.125755968447483E-01
 0.400000E+01  0.567976216785833E-02
 0.500000E+01  0.677494475110458E-03
 0.600000E+01  0.375488660927349E-03
 0.700000E+01  0.552459787360494E-04
 0.800000E+01  0.243576287894489E-04
 0.900000E+01  0.850720706631555E-05
 0.100000E+02  0.153751627107721E-05
 0.110000E+02  0.898342874384122E-06
 0.120000E+02  0.139265682803463E-06
 0.130000E+02  0.652225075167829E-07
 0.140000E+02  0.182727021701792E-07
 0.150000E+02  0.413525546723869E-08
 0.160000E+02  0.251627299022039E-08
 0.170000E+02  0.417118177407760E-09
 0.180000E+02  0.215985515504550E-09
 0.190000E+02  0.587253865197980E-10
 0.200000E+02  0.177219807382316E-10
 0.210000E+02  0.127452318322052E-10
 0.220000E+02  0.258852147137406E-11
 0.230000E+02  0.166879467302641E-11
 0.240000E+02  0.486667979393207E-12
 0.250000E+02  0.202745193296959E-12
 0.260000E+02  0.129895735642197E-12
 0.270000E+02  0.318663354207648E-13
 0.280000E+02  0.222550916775910E-13
 0.290000E+02  0.601320987642597E-14
 0.300000E+02  0.327811059671218E-14
 0.310000E+02  0.120372172751024E-14
 0.320000E+02  0.421713492668071E-15
 0.330000E+02  0.300749320486907E-15
 0.340000E+02  0.764690672852340E-16
 0.350000E+02  0.441385663126136E-16
 0.360000E+02  0.154847632488269E-16
 0.370000E+02  0.621813830265218E-17
 0.380000E+02  0.378824391807468E-17
 0.390000E+02  0.110542445980806E-17
 0.400000E+02  0.721731477308179E-18
 0.410000E+02  0.304070381598615E-18
 0.420000E+02  0.167103736033768E-18
 0.430000E+02  0.165862930858348E-18
 0.440000E+02  0.113422034918105E-18
 0.450000E+02  0.113111580087856E-18
 0.460000E+02  0.968157573989740E-19
 0.470000E+02  0.177694636094245E-18
 0.480000E+02  0.953599213976754E-19
 0.490000E+02  0.193524324821459E-18
 0.500000E+02  0.109887952197230E-18
 0.510000E+02  0.786233755474120E-19
 0.520000E+02  0.483083047136883E-19
 0.530000E+02  0.522702001438650E-19
 0.540000E+02  0.776665935580114E-19
 0.550000E+02  0.324551449645675E-19
 0.560000E+02  0.639948311891880E-19
 0.570000E+02  0.390622805829324E-19
 0.580000E+02  0.757136138971455E-19
 0.590000E+02  0.856501057275739E-19
 0.600000E+02  0.341539394936473E-19
 0.610000E+02  0.765216747502535E-19
 0.620000E+02  0.485350821587771E-19
 0.630000E+02  0.401241574319325E-19
 0.640000E+02  0.433221703275333E-20
 0.650000E+02  0.000000000000000E+00
 0.660000E+02  0.000000000000000E+00
 0.670000E+02  0.000000000000000E+00
 0.680000E+02  0.000000000000000E+00
 0.690000E+02  0.000000000000000E+00
 0.700000E+02  0.000000000000000E+00
 0.710000E+02  0.000000000000000E+00
 0.720000E+02  0.000000000000000E+00
 0.730000E+02  0.000000000000000E+00
 0.740000E+02  0.000000000000000E+00
 0.750000E+02  0.000000000000000E+00
 0.760000E+02  0.000000000000000E+00
 0.770000E+02  0.000000000000000E+00
 0.780000E+02  0.000000000000000E+00
 0.790000E+02  0.000000000000000E+00
 0.800000E+02  0.000000000000000E+00
 0.810000E+02  0.000000000000000E+00
 0.820000E+02  0.000000000000000E+00
 0.830000E+02  0.000000000000000E+00
 0.840000E+02  0.000000000000000E+00
 0.850000E+02  0.000000000000000E+00
 0.860000E+02  0.000000000000000E+00
 0.870000E+02  0.000000000000000E+00
 0.880000E+02  0.000000000000000E+00
 0.890000E+02  0.000000000000000E+00
 0.900000E+02  0.000000000000000E+00
 0.910000E+02  0.000000000000000E+00
 0.920000E+02  0.000000000000000E+00
 0.930000E+02  0.000000000000000E+00
 0.940000E+02  0.000000000000000E+00
 0.950000E+02  0.000000000000000E+00
 0.960000E+02  0.000000000000000E+00
 0.970000E+02  0.000000000000000E+00
