 0.000000E+00  0.859496568688977E-03  0.000000000000000E+00  0.000000000000000E+00
 0.100000E+01  0.347945429141171E+00  0.152933973819426E+00  0.195008189417422E+00
 0.200000E+01  0.161448111704465E-02  0.988581936818068E-12  0.161433324137761E-02
 0.300000E+01  0.247736403667618E-04  0.461607161400432E-12  0.247597698646018E-04
 0.400000E+01  0.748829979176102E-06  0.131048870802100E-12  0.747950880786163E-06
 0.500000E+01  0.608967282101357E-07  0.328006827014336E-13  0.607834454765394E-07
 0.600000E+01  0.478674921087933E-09  0.136294962220463E-14  0.475470746261961E-09
 0.700000E+01  0.450621937147229E-10  0.300013075998734E-15  0.445085485594793E-10
 0.800000E+01  0.101182279739468E-11  0.201181207960872E-16  0.977515561631725E-12
 0.900000E+01  0.366854481261466E-13  0.389871158847572E-17  0.340825885475076E-13
 0.100000E+02  0.224783355000283E-14  0.803950339231106E-18  0.192959057607683E-14
 0.110000E+02  0.478254670253684E-16  0.375924125322706E-17  0.297279403687792E-16
 0.120000E+02  0.558428710758405E-17  0.593813308651828E-18  0.276451127206902E-17
 0.130000E+02  0.268801928695765E-17  0.152572486753115E-17  0.884704709204638E-18
 0.140000E+02  0.613535518158325E-18  0.307479227192275E-18  0.211354018244272E-18
 0.150000E+02  0.613765571095208E-18  0.363791393673440E-18  0.149000815617682E-18
 0.160000E+02  0.469001336021328E-18  0.225043888150756E-18  0.159576588552540E-18
 0.170000E+02  0.989559492653478E-18  0.590284372849884E-18  0.300798596184232E-18
 0.180000E+02  0.450255618832280E-18  0.253101742764319E-18  0.130044683218956E-18
 0.190000E+02  0.221160771083344E-18  0.140117301815280E-18  0.286703008750649E-19
 0.200000E+02  0.101639450614544E-18  0.410182679343097E-19  0.175824057013815E-19
 0.210000E+02  0.876429201877411E-19  0.265360117106155E-19  0.138256036234725E-19
 0.220000E+02  0.146221891568319E-18  0.529365540434946E-19  0.424340202072955E-19
 0.230000E+02  0.385413152226137E-18  0.184692847692296E-18  0.100216394914736E-18
 0.240000E+02  0.170057245397893E-18  0.636594280912036E-19  0.417905336773888E-19
 0.250000E+02  0.946964439543103E-18  0.501611789280909E-18  0.351325647159057E-18
 0.260000E+02  0.266496964159729E-18  0.136746386287981E-18  0.798370233072288E-19
 0.270000E+02  0.947368907694896E-19  0.374676783723064E-19  0.261496170768837E-19
 0.280000E+02  0.542014172334937E-19  0.160320966220629E-19  0.130683287007861E-19
 0.290000E+02  0.545884046285025E-19  0.177576356045070E-19  0.123911124581200E-19
 0.300000E+02  0.144172060593858E-18  0.806804820859343E-19  0.399179584708088E-19
 0.310000E+02  0.309802808695024E-18  0.155192980678275E-18  0.123434298443331E-18
 0.320000E+02  0.986468380279971E-19  0.433836297579789E-19  0.314510157800248E-19
 0.330000E+02  0.142369856440893E-18  0.560487823897205E-19  0.606895216742643E-19
 0.340000E+02  0.618542975791833E-19  0.333704551583773E-19  0.100417102912211E-19
 0.350000E+02  0.165820728102691E-18  0.101114706067546E-18  0.433685126599603E-19
 0.360000E+02  0.274831821995251E-19  0.639852639150662E-20  0.574520298959519E-20
 0.370000E+02  0.182634016667164E-18  0.937657307177446E-19  0.686698540153571E-19
 0.380000E+02  0.507760832260351E-19  0.237771990445819E-19  0.125033267113155E-19
 0.390000E+02  0.383658412591726E-19  0.145314564270724E-19  0.332160193741825E-20
 0.400000E+02  0.242525960083671E-19  0.572166981462135E-20  0.633365270464753E-20
 0.410000E+02  0.298042019062878E-19  0.989646146360669E-20  0.391175815062073E-20
 0.420000E+02  0.161118591887811E-19  0.410819803183734E-20  0.254255615049277E-20
 0.430000E+02  0.120700401892202E-19  0.329999971928937E-20  0.573481711921273E-21
 0.440000E+02  0.760799587569711E-20  0.644343447796641E-21  0.359556598479100E-21
 0.450000E+02  0.787336840572238E-20  0.848525395919723E-21  0.523266938331156E-21
 0.460000E+02  0.255247505984368E-19  0.128338079343683E-19  0.499924899329134E-20
 0.470000E+02  0.127389287074849E-18  0.634217381803998E-19  0.493365609106361E-19
 0.480000E+02  0.211660862363884E-19  0.728389828576294E-20  0.486693294408920E-20
 0.490000E+02  0.136126798778619E-18  0.584208921284259E-19  0.591778390193050E-19
 0.500000E+02  0.228962006312486E-19  0.109904070284993E-19  0.510630419525929E-20
 0.510000E+02  0.695286579539778E-20  0.125542701129446E-20  0.653972002287670E-21
 0.520000E+02  0.557826808758936E-20  0.671245611207116E-21  0.420801716165367E-21
 0.530000E+02  0.572513070102856E-20  0.108148683279765E-20  0.390914997898013E-21
 0.540000E+02  0.154014731214306E-19  0.655029269416200E-20  0.418934540664844E-20
 0.550000E+02  0.188425888207594E-19  0.739195207621440E-20  0.395314520577586E-20
 0.560000E+02  0.118688349616393E-19  0.139572743949052E-20  0.512453291182456E-20
 0.570000E+02  0.165673373875456E-19  0.657817964774999E-20  0.291213908054285E-20
 0.580000E+02  0.145456748590110E-19  0.736106421414342E-20  0.345996371734135E-20
 0.590000E+02  0.176107965736067E-19  0.782599244983701E-20  0.576601517000517E-20
 0.600000E+02  0.286216498847544E-20  0.447485487723711E-21  0.192590999585717E-21
 0.610000E+02  0.263800944690536E-19  0.163869795359016E-19  0.715197200674932E-20
 0.620000E+02  0.986277566196607E-20  0.443102513261672E-20  0.407377885893042E-20
 0.630000E+02  0.168499663724450E-19  0.705371888843677E-20  0.847381766644417E-20
 0.640000E+02  0.327442373454695E-22  0.288966123578571E-22  0.384762498761241E-23
 0.650000E+02  0.000000000000000E+00  0.000000000000000E+00  0.000000000000000E+00
 0.660000E+02  0.000000000000000E+00  0.000000000000000E+00  0.000000000000000E+00
 0.670000E+02  0.000000000000000E+00  0.000000000000000E+00  0.000000000000000E+00
 0.680000E+02  0.000000000000000E+00  0.000000000000000E+00  0.000000000000000E+00
 0.690000E+02  0.000000000000000E+00  0.000000000000000E+00  0.000000000000000E+00
 0.700000E+02  0.000000000000000E+00  0.000000000000000E+00  0.000000000000000E+00
 0.710000E+02  0.000000000000000E+00  0.000000000000000E+00  0.000000000000000E+00
 0.720000E+02  0.000000000000000E+00  0.000000000000000E+00  0.000000000000000E+00
 0.730000E+02  0.000000000000000E+00  0.000000000000000E+00  0.000000000000000E+00
 0.740000E+02  0.000000000000000E+00  0.000000000000000E+00  0.000000000000000E+00
 0.750000E+02  0.000000000000000E+00  0.000000000000000E+00  0.000000000000000E+00
 0.760000E+02  0.000000000000000E+00  0.000000000000000E+00  0.000000000000000E+00
 0.770000E+02  0.000000000000000E+00  0.000000000000000E+00  0.000000000000000E+00
 0.780000E+02  0.000000000000000E+00  0.000000000000000E+00  0.000000000000000E+00
 0.790000E+02  0.000000000000000E+00  0.000000000000000E+00  0.000000000000000E+00
 0.800000E+02  0.000000000000000E+00  0.000000000000000E+00  0.000000000000000E+00
 0.810000E+02  0.000000000000000E+00  0.000000000000000E+00  0.000000000000000E+00
 0.820000E+02  0.000000000000000E+00  0.000000000000000E+00  0.000000000000000E+00
 0.830000E+02  0.000000000000000E+00  0.000000000000000E+00  0.000000000000000E+00
 0.840000E+02  0.000000000000000E+00  0.000000000000000E+00  0.000000000000000E+00
 0.850000E+02  0.000000000000000E+00  0.000000000000000E+00  0.000000000000000E+00
 0.860000E+02  0.000000000000000E+00  0.000000000000000E+00  0.000000000000000E+00
 0.870000E+02  0.000000000000000E+00  0.000000000000000E+00  0.000000000000000E+00
 0.880000E+02  0.000000000000000E+00  0.000000000000000E+00  0.000000000000000E+00
 0.890000E+02  0.000000000000000E+00  0.000000000000000E+00  0.000000000000000E+00
 0.900000E+02  0.000000000000000E+00  0.000000000000000E+00  0.000000000000000E+00
 0.910000E+02  0.000000000000000E+00  0.000000000000000E+00  0.000000000000000E+00
 0.920000E+02  0.000000000000000E+00  0.000000000000000E+00  0.000000000000000E+00
 0.930000E+02  0.000000000000000E+00  0.000000000000000E+00  0.000000000000000E+00
 0.940000E+02  0.000000000000000E+00  0.000000000000000E+00  0.000000000000000E+00
 0.950000E+02  0.000000000000000E+00  0.000000000000000E+00  0.000000000000000E+00
 0.960000E+02  0.000000000000000E+00  0.000000000000000E+00  0.000000000000000E+00
