 0.000000E+00  0.271565194416189E-03  0.000000000000000E+00  0.000000000000000E+00
 0.100000E+01  0.639838315034626E+00  0.464189285572502E+00  0.175619894871488E+00
 0.200000E+01  0.101374600976571E+00  0.135370375301136E-02  0.994305268686730E-01
 0.300000E+01  0.308640084547625E-01  0.116493726363842E-02  0.275651596311945E-01
 0.400000E+01  0.234699567053252E-01  0.127484591851612E-02  0.187089424584883E-01
 0.500000E+01  0.276115963179483E-01  0.117394318795050E-02  0.195075851279398E-01
 0.600000E+01  0.133662996550242E-01  0.365751002708414E-03  0.725269333941014E-02
 0.700000E+01  0.110002882411500E-01  0.263956366524098E-03  0.422275355049351E-02
 0.800000E+01  0.112088520993608E-01  0.142937825986955E-03  0.574758253736718E-02
 0.900000E+01  0.637427358257960E-02  0.619920353415182E-04  0.238659265497176E-02
 0.100000E+02  0.559335891402334E-02  0.107210505071009E-03  0.186143955687612E-02
 0.110000E+02  0.391000986143758E-02  0.110564356695875E-03  0.158530073664309E-02
 0.120000E+02  0.308548287409794E-02  0.829632609642417E-04  0.892345360398394E-03
 0.130000E+02  0.268654040978445E-02  0.627863066837708E-04  0.111768670231527E-02
 0.140000E+02  0.166457888142491E-02  0.433024111323732E-04  0.475497728121610E-03
 0.150000E+02  0.144680638989103E-02  0.423988402182829E-04  0.395071544788905E-03
 0.160000E+02  0.110085240661904E-02  0.379927485367748E-04  0.288210155549251E-03
 0.170000E+02  0.991306139991870E-03  0.278888152429602E-04  0.221251112479948E-03
 0.180000E+02  0.774220665251201E-03  0.217002808930999E-04  0.192750762343152E-03
 0.190000E+02  0.560882414975206E-03  0.157137839908450E-04  0.103360465215641E-03
 0.200000E+02  0.483377827100408E-03  0.151320249925924E-04  0.757048097379531E-04
 0.210000E+02  0.442974640650403E-03  0.169236079359258E-04  0.645591739281137E-04
 0.220000E+02  0.318040324690059E-03  0.796788769197310E-05  0.347236433779763E-04
 0.230000E+02  0.263940250255124E-03  0.728972581881537E-05  0.367831973328986E-04
 0.240000E+02  0.241900241296869E-03  0.678292892142274E-05  0.248101241920873E-04
 0.250000E+02  0.224601550743302E-03  0.715237531724491E-05  0.197507838639588E-04
 0.260000E+02  0.189569254860343E-03  0.444287627149320E-05  0.185813134627733E-04
 0.270000E+02  0.147545119685142E-03  0.364086077642156E-05  0.109586659017974E-04
 0.280000E+02  0.130222115000713E-03  0.401794337773209E-05  0.102581998257523E-04
 0.290000E+02  0.122669581677729E-03  0.228941875079353E-05  0.978716692284776E-05
 0.300000E+02  0.105246244454389E-03  0.227673372315564E-05  0.737031855546633E-05
 0.310000E+02  0.920902195730507E-04  0.217702078608023E-05  0.660592283938430E-05
 0.320000E+02  0.733839468698847E-04  0.145679483351535E-05  0.517874131042775E-05
 0.330000E+02  0.681276722355977E-04  0.147028192798437E-05  0.486556676868337E-05
 0.340000E+02  0.624262439796262E-04  0.133307725218995E-05  0.421114425227208E-05
 0.350000E+02  0.497028246644360E-04  0.100160189635962E-05  0.295513191912906E-05
 0.360000E+02  0.481880043552554E-04  0.104455369141776E-05  0.311184316631550E-05
 0.370000E+02  0.403778473756187E-04  0.662441903697894E-06  0.273832787632544E-05
 0.380000E+02  0.409994255989261E-04  0.596259863750153E-06  0.210378499549812E-05
 0.390000E+02  0.330176525905805E-04  0.514639464654909E-06  0.180434175066010E-05
 0.400000E+02  0.270479345777514E-04  0.360245094485970E-06  0.122625400057362E-05
 0.410000E+02  0.281606203056682E-04  0.366884333246296E-06  0.116257437565714E-05
 0.420000E+02  0.225802079257824E-04  0.283706308975076E-06  0.103708138975145E-05
 0.430000E+02  0.215665578232027E-04  0.259048274557812E-06  0.947229085398495E-06
 0.440000E+02  0.171320570985657E-04  0.265921731454940E-06  0.778093267574109E-06
 0.450000E+02  0.153648980458238E-04  0.223384735339657E-06  0.654582116933376E-06
 0.460000E+02  0.141861272501757E-04  0.219996792198782E-06  0.726280764958530E-06
 0.470000E+02  0.113426296400363E-04  0.176887171901867E-06  0.641505741615263E-06
 0.480000E+02  0.119149179388435E-04  0.163339396863768E-06  0.550873044182290E-06
 0.490000E+02  0.104746842588105E-04  0.123240899087555E-06  0.393656003093434E-06
 0.500000E+02  0.836165791033625E-05  0.101930794207949E-06  0.368896899440724E-06
 0.510000E+02  0.752900819106918E-05  0.815876639404878E-07  0.313728403137335E-06
 0.520000E+02  0.646252547744667E-05  0.723520674553863E-07  0.294965915397655E-06
 0.530000E+02  0.568472304282415E-05  0.853294911589493E-07  0.322996050379195E-06
 0.540000E+02  0.500068656484259E-05  0.670492583805483E-07  0.253674666103555E-06
 0.550000E+02  0.516815980318958E-05  0.723126605867066E-07  0.266762406087332E-06
 0.560000E+02  0.400912876078360E-05  0.624257751867009E-07  0.227450537613181E-06
 0.570000E+02  0.403938286374690E-05  0.618935875810848E-07  0.231925653908401E-06
 0.580000E+02  0.342371606356525E-05  0.455498641869049E-07  0.183107245846272E-06
 0.590000E+02  0.294298050818124E-05  0.429227399869014E-07  0.190339491385535E-06
 0.600000E+02  0.292222155567037E-05  0.471807400002043E-07  0.181922531104057E-06
 0.610000E+02  0.252512256709308E-05  0.459664494482513E-07  0.177972894438699E-06
 0.620000E+02  0.190107871469055E-05  0.648646476917474E-07  0.220480878367719E-06
 0.630000E+02  0.125956808607030E-05  0.721218426195935E-07  0.245952791001758E-06
 0.640000E+02  0.367642053378161E-08  0.420543062504795E-09  0.325587747127681E-08
 0.650000E+02  0.000000000000000E+00  0.000000000000000E+00  0.000000000000000E+00
 0.660000E+02  0.000000000000000E+00  0.000000000000000E+00  0.000000000000000E+00
 0.670000E+02  0.000000000000000E+00  0.000000000000000E+00  0.000000000000000E+00
 0.680000E+02  0.000000000000000E+00  0.000000000000000E+00  0.000000000000000E+00
 0.690000E+02  0.000000000000000E+00  0.000000000000000E+00  0.000000000000000E+00
 0.700000E+02  0.000000000000000E+00  0.000000000000000E+00  0.000000000000000E+00
 0.710000E+02  0.000000000000000E+00  0.000000000000000E+00  0.000000000000000E+00
 0.720000E+02  0.000000000000000E+00  0.000000000000000E+00  0.000000000000000E+00
 0.730000E+02  0.000000000000000E+00  0.000000000000000E+00  0.000000000000000E+00
 0.740000E+02  0.000000000000000E+00  0.000000000000000E+00  0.000000000000000E+00
 0.750000E+02  0.000000000000000E+00  0.000000000000000E+00  0.000000000000000E+00
 0.760000E+02  0.000000000000000E+00  0.000000000000000E+00  0.000000000000000E+00
 0.770000E+02  0.000000000000000E+00  0.000000000000000E+00  0.000000000000000E+00
 0.780000E+02  0.000000000000000E+00  0.000000000000000E+00  0.000000000000000E+00
 0.790000E+02  0.000000000000000E+00  0.000000000000000E+00  0.000000000000000E+00
 0.800000E+02  0.000000000000000E+00  0.000000000000000E+00  0.000000000000000E+00
 0.810000E+02  0.000000000000000E+00  0.000000000000000E+00  0.000000000000000E+00
 0.820000E+02  0.000000000000000E+00  0.000000000000000E+00  0.000000000000000E+00
 0.830000E+02  0.000000000000000E+00  0.000000000000000E+00  0.000000000000000E+00
 0.840000E+02  0.000000000000000E+00  0.000000000000000E+00  0.000000000000000E+00
 0.850000E+02  0.000000000000000E+00  0.000000000000000E+00  0.000000000000000E+00
 0.860000E+02  0.000000000000000E+00  0.000000000000000E+00  0.000000000000000E+00
 0.870000E+02  0.000000000000000E+00  0.000000000000000E+00  0.000000000000000E+00
 0.880000E+02  0.000000000000000E+00  0.000000000000000E+00  0.000000000000000E+00
 0.890000E+02  0.000000000000000E+00  0.000000000000000E+00  0.000000000000000E+00
 0.900000E+02  0.000000000000000E+00  0.000000000000000E+00  0.000000000000000E+00
 0.910000E+02  0.000000000000000E+00  0.000000000000000E+00  0.000000000000000E+00
 0.920000E+02  0.000000000000000E+00  0.000000000000000E+00  0.000000000000000E+00
 0.930000E+02  0.000000000000000E+00  0.000000000000000E+00  0.000000000000000E+00
 0.940000E+02  0.000000000000000E+00  0.000000000000000E+00  0.000000000000000E+00
 0.950000E+02  0.000000000000000E+00  0.000000000000000E+00  0.000000000000000E+00
 0.960000E+02  0.000000000000000E+00  0.000000000000000E+00  0.000000000000000E+00
