 0.000000E+00  0.590688459995648E-03  0.000000000000000E+00  0.000000000000000E+00
 0.100000E+01  0.643605504462197E+00  0.477073419519002E+00  0.166477628517896E+00
 0.200000E+01  0.941585131022876E-01  0.227386948790809E-02  0.912974199745804E-01
 0.300000E+01  0.248867530700414E-01  0.210848728056590E-02  0.214090509398375E-01
 0.400000E+01  0.210744293312722E-01  0.139466427026491E-02  0.172949172174413E-01
 0.500000E+01  0.223548695480519E-01  0.124208979013929E-02  0.172375083357110E-01
 0.600000E+01  0.121899985882542E-01  0.825714565962699E-03  0.795146839527661E-02
 0.700000E+01  0.115391362912145E-01  0.686419616897638E-03  0.784725874896708E-02
 0.800000E+01  0.819185702013189E-02  0.467049942834308E-03  0.513343692000490E-02
 0.900000E+01  0.600446927927803E-02  0.370522457494360E-03  0.313309896219494E-02
 0.100000E+02  0.487291140731084E-02  0.304062560388729E-03  0.216675309053471E-02
 0.110000E+02  0.321504918853975E-02  0.187541203196417E-03  0.965069212128356E-03
 0.120000E+02  0.308552608231521E-02  0.163006108650166E-03  0.977965966619365E-03
 0.130000E+02  0.284047201023908E-02  0.831687787581359E-04  0.109086718873108E-02
 0.140000E+02  0.172084365750873E-02  0.787068699192872E-04  0.430264345069986E-03
 0.150000E+02  0.148366029642179E-02  0.500953917033087E-04  0.429453189857654E-03
 0.160000E+02  0.115105146953012E-02  0.569750988881346E-04  0.334064604837536E-03
 0.170000E+02  0.110726734873843E-02  0.431400220368694E-04  0.264456886852393E-03
 0.180000E+02  0.883265974670030E-03  0.338376465540136E-04  0.227371085962602E-03
 0.190000E+02  0.636733224026718E-03  0.220950973490730E-04  0.124555600810261E-03
 0.200000E+02  0.541626110914696E-03  0.119754849812193E-04  0.127590219247242E-03
 0.210000E+02  0.488249521162861E-03  0.135675562497328E-04  0.103436805133583E-03
 0.220000E+02  0.366812721046809E-03  0.778107807436479E-05  0.629220981922529E-04
 0.230000E+02  0.323021870943017E-03  0.117345616958420E-04  0.709433826660555E-04
 0.240000E+02  0.267674353318224E-03  0.836021673311649E-05  0.444422099734609E-04
 0.250000E+02  0.232207431493316E-03  0.785285330659469E-05  0.390798705732914E-04
 0.260000E+02  0.188167208515856E-03  0.800529180736143E-05  0.262289476572475E-04
 0.270000E+02  0.142816700844294E-03  0.469214504797422E-05  0.179643619602765E-04
 0.280000E+02  0.127826489289773E-03  0.439534243290574E-05  0.170231434787615E-04
 0.290000E+02  0.114342991834812E-03  0.335346865366556E-05  0.113774402201450E-04
 0.300000E+02  0.946718789420972E-04  0.333301947319509E-05  0.102681919282935E-04
 0.310000E+02  0.857080864627700E-04  0.296719039745430E-05  0.926335299994419E-05
 0.320000E+02  0.704259595308300E-04  0.194065780761282E-05  0.572853754958469E-05
 0.330000E+02  0.598687781056879E-04  0.156596760553934E-05  0.441075770818422E-05
 0.340000E+02  0.565011937442229E-04  0.127322709391961E-05  0.455354221592930E-05
 0.350000E+02  0.425093141468487E-04  0.891808749996920E-06  0.289283432016417E-05
 0.360000E+02  0.428785318067659E-04  0.979264437052894E-06  0.298667940219766E-05
 0.370000E+02  0.355796128488069E-04  0.691652761026368E-06  0.227565963581422E-05
 0.380000E+02  0.346779824627073E-04  0.511078492915207E-06  0.181519725645299E-05
 0.390000E+02  0.277983649724856E-04  0.398089118416618E-06  0.149150888720251E-05
 0.400000E+02  0.223627857924827E-04  0.306355063636526E-06  0.107964497266487E-05
 0.410000E+02  0.218235557930285E-04  0.306024925503766E-06  0.106254276462450E-05
 0.420000E+02  0.182304482392877E-04  0.271275850171303E-06  0.770817594288042E-06
 0.430000E+02  0.169055963401927E-04  0.237822584815521E-06  0.724621812806664E-06
 0.440000E+02  0.141172741786649E-04  0.188437740935383E-06  0.566768560653075E-06
 0.450000E+02  0.120343788120436E-04  0.168745363674470E-06  0.494746839550461E-06
 0.460000E+02  0.109433467810595E-04  0.189525117294748E-06  0.443872387517134E-06
 0.470000E+02  0.903335504658596E-05  0.164386628071986E-06  0.376279632049135E-06
 0.480000E+02  0.870664048228625E-05  0.173586948669369E-06  0.425525847823696E-06
 0.490000E+02  0.768536472216778E-05  0.147814858095615E-06  0.358636067129305E-06
 0.500000E+02  0.659654270243314E-05  0.123642337627029E-06  0.330083986570294E-06
 0.510000E+02  0.601196730639049E-05  0.106509350018694E-06  0.293500157870150E-06
 0.520000E+02  0.507875286025297E-05  0.805564972364888E-07  0.219302574582447E-06
 0.530000E+02  0.455585115002456E-05  0.883602643384114E-07  0.219823999609301E-06
 0.540000E+02  0.407198186480022E-05  0.632224461854028E-07  0.148398422459683E-06
 0.550000E+02  0.427382879513965E-05  0.699776376445610E-07  0.169504696338058E-06
 0.560000E+02  0.338947018605655E-05  0.542367168672144E-07  0.124733638841626E-06
 0.570000E+02  0.332892374266598E-05  0.424758732266178E-07  0.103640487795933E-06
 0.580000E+02  0.279176512709033E-05  0.428919017533640E-07  0.863778760889930E-07
 0.590000E+02  0.235238609946052E-05  0.392677714383276E-07  0.942078762042765E-07
 0.600000E+02  0.204660096244171E-05  0.414211422702492E-07  0.981991364634206E-07
 0.610000E+02  0.154478861567702E-05  0.419755099046072E-07  0.865867959598575E-07
 0.620000E+02  0.119585777088831E-05  0.506796955638037E-07  0.101154113289151E-06
 0.630000E+02  0.797273909066890E-06  0.676353525530917E-07  0.129305235282984E-06
 0.640000E+02  0.246407088087602E-08  0.285948995764392E-09  0.217812188511163E-08
 0.650000E+02  0.000000000000000E+00  0.000000000000000E+00  0.000000000000000E+00
 0.660000E+02  0.000000000000000E+00  0.000000000000000E+00  0.000000000000000E+00
 0.670000E+02  0.000000000000000E+00  0.000000000000000E+00  0.000000000000000E+00
 0.680000E+02  0.000000000000000E+00  0.000000000000000E+00  0.000000000000000E+00
 0.690000E+02  0.000000000000000E+00  0.000000000000000E+00  0.000000000000000E+00
 0.700000E+02  0.000000000000000E+00  0.000000000000000E+00  0.000000000000000E+00
 0.710000E+02  0.000000000000000E+00  0.000000000000000E+00  0.000000000000000E+00
 0.720000E+02  0.000000000000000E+00  0.000000000000000E+00  0.000000000000000E+00
 0.730000E+02  0.000000000000000E+00  0.000000000000000E+00  0.000000000000000E+00
 0.740000E+02  0.000000000000000E+00  0.000000000000000E+00  0.000000000000000E+00
 0.750000E+02  0.000000000000000E+00  0.000000000000000E+00  0.000000000000000E+00
 0.760000E+02  0.000000000000000E+00  0.000000000000000E+00  0.000000000000000E+00
 0.770000E+02  0.000000000000000E+00  0.000000000000000E+00  0.000000000000000E+00
 0.780000E+02  0.000000000000000E+00  0.000000000000000E+00  0.000000000000000E+00
 0.790000E+02  0.000000000000000E+00  0.000000000000000E+00  0.000000000000000E+00
 0.800000E+02  0.000000000000000E+00  0.000000000000000E+00  0.000000000000000E+00
 0.810000E+02  0.000000000000000E+00  0.000000000000000E+00  0.000000000000000E+00
 0.820000E+02  0.000000000000000E+00  0.000000000000000E+00  0.000000000000000E+00
 0.830000E+02  0.000000000000000E+00  0.000000000000000E+00  0.000000000000000E+00
 0.840000E+02  0.000000000000000E+00  0.000000000000000E+00  0.000000000000000E+00
 0.850000E+02  0.000000000000000E+00  0.000000000000000E+00  0.000000000000000E+00
 0.860000E+02  0.000000000000000E+00  0.000000000000000E+00  0.000000000000000E+00
 0.870000E+02  0.000000000000000E+00  0.000000000000000E+00  0.000000000000000E+00
 0.880000E+02  0.000000000000000E+00  0.000000000000000E+00  0.000000000000000E+00
 0.890000E+02  0.000000000000000E+00  0.000000000000000E+00  0.000000000000000E+00
 0.900000E+02  0.000000000000000E+00  0.000000000000000E+00  0.000000000000000E+00
 0.910000E+02  0.000000000000000E+00  0.000000000000000E+00  0.000000000000000E+00
 0.920000E+02  0.000000000000000E+00  0.000000000000000E+00  0.000000000000000E+00
 0.930000E+02  0.000000000000000E+00  0.000000000000000E+00  0.000000000000000E+00
 0.940000E+02  0.000000000000000E+00  0.000000000000000E+00  0.000000000000000E+00
 0.950000E+02  0.000000000000000E+00  0.000000000000000E+00  0.000000000000000E+00
 0.960000E+02  0.000000000000000E+00  0.000000000000000E+00  0.000000000000000E+00
