 0.000000E+00  0.697519674822439E-03  0.000000000000000E+00  0.000000000000000E+00
 0.100000E+01  0.100233823805693E+00  0.507989255711516E-01  0.494342451420380E-01
 0.200000E+01  0.111276274267366E-05  0.356642094513450E-14  0.111124824731315E-05
 0.300000E+01  0.150533814836151E-08  0.119330915898723E-16  0.150438061996810E-08
 0.400000E+01  0.155210509277542E-11  0.835432797434940E-20  0.155153940592808E-11
 0.500000E+01  0.308425732236862E-14  0.295443332418878E-19  0.308292990196611E-14
 0.600000E+01  0.731225466818218E-18  0.164513035387780E-21  0.729528654709399E-18
 0.700000E+01  0.540862571475602E-19  0.224967378866719E-19  0.300972188848851E-19
 0.800000E+01  0.155007133156123E-20  0.100927067059562E-21  0.520055367027295E-21
 0.900000E+01  0.268118828347427E-19  0.823072354911039E-20  0.173736843282176E-19
 0.100000E+02  0.147043409208689E-20  0.158796529178546E-21  0.589573655961733E-21
 0.110000E+02  0.667255769136261E-19  0.310806205530988E-19  0.334605958738445E-19
 0.120000E+02  0.319457021687885E-20  0.178479849241421E-21  0.469498739143335E-21
 0.130000E+02  0.339487198650886E-19  0.105489988686573E-19  0.219016905015153E-19
 0.140000E+02  0.108311190554775E-20  0.970126885830427E-22  0.352364092422173E-21
 0.150000E+02  0.965457613238055E-20  0.204559559527788E-20  0.654894519009692E-20
 0.160000E+02  0.979208428677098E-21  0.516369738354400E-22  0.379117421827981E-21
 0.170000E+02  0.303896932026423E-19  0.845113704729854E-20  0.205306820716239E-19
 0.180000E+02  0.865682015103238E-21  0.512521422769909E-22  0.201951916740734E-21
 0.190000E+02  0.245924417714923E-20  0.700446970286725E-21  0.111111583228431E-20
 0.200000E+02  0.719256897875767E-21  0.388174684289670E-22  0.439240912934472E-22
 0.210000E+02  0.103662768351553E-20  0.146559265565516E-21  0.265324700709186E-21
 0.220000E+02  0.665715487703841E-21  0.438558570056425E-22  0.102213826657681E-21
 0.230000E+02  0.235444054724548E-19  0.125151652747389E-19  0.924264883678518E-20
 0.240000E+02  0.105845574474119E-20  0.701634313161751E-22  0.175724993796188E-21
 0.250000E+02  0.422811760995924E-19  0.199705624982916E-19  0.204071001271414E-19
 0.260000E+02  0.663033057136788E-21  0.597909612938818E-22  0.132365727673348E-21
 0.270000E+02  0.614056349458500E-21  0.754026313238334E-22  0.872917854980652E-22
 0.280000E+02  0.480577907907677E-21  0.149689047323523E-22  0.167067791801831E-22
 0.290000E+02  0.909539252293498E-21  0.159501685823814E-21  0.283261310905869E-21
 0.300000E+02  0.647330903496066E-21  0.802264490356096E-22  0.117114835881243E-21
 0.310000E+02  0.144292393741645E-19  0.739017283556377E-20  0.615243259638570E-20
 0.320000E+02  0.578899124833704E-21  0.715859093071743E-22  0.131134061324863E-21
 0.330000E+02  0.213698112705195E-20  0.465030362627677E-21  0.104237984633988E-20
 0.340000E+02  0.430636786711212E-21  0.300855586833118E-22  0.370027037180465E-22
 0.350000E+02  0.696467381971030E-20  0.258478156260501E-20  0.376222919987703E-20
 0.360000E+02  0.546277152353253E-21  0.273828012594836E-22  0.343999643764522E-22
 0.370000E+02  0.606380360101300E-20  0.152864076813575E-20  0.392918245368788E-20
 0.380000E+02  0.374772252123068E-21  0.285589283472770E-22  0.455218224521469E-22
 0.390000E+02  0.102915617457861E-20  0.286486237574589E-21  0.322953197740092E-21
 0.400000E+02  0.311095485041326E-21  0.185190287153590E-22  0.321209233809703E-22
 0.410000E+02  0.167116562456128E-20  0.544285288079324E-21  0.679458093076827E-21
 0.420000E+02  0.320517072079832E-21  0.110172325085949E-22  0.151930716546658E-22
 0.430000E+02  0.348857310119749E-21  0.461937826201605E-22  0.541852748135756E-22
 0.440000E+02  0.244996616099074E-21  0.973603613492810E-23  0.585383227179866E-23
 0.450000E+02  0.235984245838709E-21  0.115919508011365E-22  0.111453028053294E-22
 0.460000E+02  0.236372673846456E-21  0.146594714064757E-22  0.112705375023835E-22
 0.470000E+02  0.478427638535785E-20  0.246068236796934E-20  0.175514325532144E-20
 0.480000E+02  0.537023716538828E-21  0.515151379477566E-22  0.223841340453970E-22
 0.490000E+02  0.464103526753764E-20  0.225555923681269E-20  0.178294070079541E-20
 0.500000E+02  0.201535017829570E-21  0.201281885343207E-22  0.134221882652966E-22
 0.510000E+02  0.185485973697779E-21  0.114302357425479E-22  0.770429032660329E-23
 0.520000E+02  0.166115899491882E-21  0.555275265439287E-23  0.316890309216266E-23
 0.530000E+02  0.196181849876711E-21  0.205233637158830E-22  0.236526031175056E-22
 0.540000E+02  0.188000559629906E-21  0.143842705836041E-22  0.222277410170684E-22
 0.550000E+02  0.144100831486873E-20  0.538772659698089E-21  0.716950941105863E-21
 0.560000E+02  0.155484785710838E-21  0.151772065036195E-22  0.331476333738652E-22
 0.570000E+02  0.119776722098559E-20  0.412528688346736E-21  0.610607536052736E-21
 0.580000E+02  0.125904461192826E-21  0.140855049913812E-22  0.126877700365205E-22
 0.590000E+02  0.801747274249367E-21  0.288230933048288E-21  0.373659216277772E-21
 0.600000E+02  0.100752848555894E-21  0.737150226408073E-23  0.252009283237669E-23
 0.610000E+02  0.114922098964236E-20  0.522920564285597E-21  0.511883069901870E-21
 0.620000E+02  0.679604290980306E-22  0.982834017932761E-23  0.176794236295957E-22
 0.630000E+02  0.417132708367992E-21  0.158595474367917E-21  0.217087303610885E-21
 0.640000E+02  0.680998378239448E-24  0.486579047160436E-24  0.194419331079013E-24
 0.650000E+02  0.000000000000000E+00  0.000000000000000E+00  0.000000000000000E+00
 0.660000E+02  0.000000000000000E+00  0.000000000000000E+00  0.000000000000000E+00
 0.670000E+02  0.000000000000000E+00  0.000000000000000E+00  0.000000000000000E+00
 0.680000E+02  0.000000000000000E+00  0.000000000000000E+00  0.000000000000000E+00
 0.690000E+02  0.000000000000000E+00  0.000000000000000E+00  0.000000000000000E+00
 0.700000E+02  0.000000000000000E+00  0.000000000000000E+00  0.000000000000000E+00
 0.710000E+02  0.000000000000000E+00  0.000000000000000E+00  0.000000000000000E+00
 0.720000E+02  0.000000000000000E+00  0.000000000000000E+00  0.000000000000000E+00
 0.730000E+02  0.000000000000000E+00  0.000000000000000E+00  0.000000000000000E+00
 0.740000E+02  0.000000000000000E+00  0.000000000000000E+00  0.000000000000000E+00
 0.750000E+02  0.000000000000000E+00  0.000000000000000E+00  0.000000000000000E+00
 0.760000E+02  0.000000000000000E+00  0.000000000000000E+00  0.000000000000000E+00
 0.770000E+02  0.000000000000000E+00  0.000000000000000E+00  0.000000000000000E+00
 0.780000E+02  0.000000000000000E+00  0.000000000000000E+00  0.000000000000000E+00
 0.790000E+02  0.000000000000000E+00  0.000000000000000E+00  0.000000000000000E+00
 0.800000E+02  0.000000000000000E+00  0.000000000000000E+00  0.000000000000000E+00
 0.810000E+02  0.000000000000000E+00  0.000000000000000E+00  0.000000000000000E+00
 0.820000E+02  0.000000000000000E+00  0.000000000000000E+00  0.000000000000000E+00
 0.830000E+02  0.000000000000000E+00  0.000000000000000E+00  0.000000000000000E+00
 0.840000E+02  0.000000000000000E+00  0.000000000000000E+00  0.000000000000000E+00
 0.850000E+02  0.000000000000000E+00  0.000000000000000E+00  0.000000000000000E+00
 0.860000E+02  0.000000000000000E+00  0.000000000000000E+00  0.000000000000000E+00
 0.870000E+02  0.000000000000000E+00  0.000000000000000E+00  0.000000000000000E+00
 0.880000E+02  0.000000000000000E+00  0.000000000000000E+00  0.000000000000000E+00
 0.890000E+02  0.000000000000000E+00  0.000000000000000E+00  0.000000000000000E+00
 0.900000E+02  0.000000000000000E+00  0.000000000000000E+00  0.000000000000000E+00
 0.910000E+02  0.000000000000000E+00  0.000000000000000E+00  0.000000000000000E+00
 0.920000E+02  0.000000000000000E+00  0.000000000000000E+00  0.000000000000000E+00
 0.930000E+02  0.000000000000000E+00  0.000000000000000E+00  0.000000000000000E+00
 0.940000E+02  0.000000000000000E+00  0.000000000000000E+00  0.000000000000000E+00
 0.950000E+02  0.000000000000000E+00  0.000000000000000E+00  0.000000000000000E+00
 0.960000E+02  0.000000000000000E+00  0.000000000000000E+00  0.000000000000000E+00
