 0.000000E+00  0.393020141022399E-03  0.000000000000000E+00  0.000000000000000E+00
 0.100000E+01  0.352303419338152E+00  0.103775691243696E+00  0.248525812756270E+00
 0.200000E+01  0.137200718298159E-01  0.101341995233963E-10  0.137187899963465E-01
 0.300000E+01  0.796216827311551E-03  0.373267741924353E-11  0.796001497974430E-03
 0.400000E+01  0.137661879372415E-03  0.126966232242876E-11  0.137600543125949E-03
 0.500000E+01  0.404937812009517E-04  0.102695659453097E-11  0.404648400932767E-04
 0.600000E+01  0.193449428106919E-05  0.206749507651078E-12  0.193138352635211E-05
 0.700000E+01  0.586519864543759E-06  0.175182262736981E-12  0.584909984483284E-06
 0.800000E+01  0.442286114237714E-07  0.382541811316881E-13  0.440143122543944E-07
 0.900000E+01  0.905907709259180E-08  0.182771349386057E-13  0.898801516736946E-08
 0.100000E+02  0.167300690806103E-08  0.784939256045497E-14  0.165274189287318E-08
 0.110000E+02  0.151588315293971E-09  0.149760043982307E-14  0.148522619892510E-09
 0.120000E+02  0.499772812254850E-10  0.929909874754137E-15  0.483653035761966E-10
 0.130000E+02  0.386269872801884E-11  0.161386928950585E-15  0.362076616064796E-11
 0.140000E+02  0.964994159580042E-12  0.731055854168421E-16  0.862383039763835E-12
 0.150000E+02  0.145833214448071E-12  0.201953765508120E-16  0.116462175831148E-12
 0.160000E+02  0.218455727207691E-13  0.529302892032235E-17  0.150230325851723E-13
 0.170000E+02  0.625104385379115E-14  0.267695608431301E-17  0.331366788873031E-14
 0.180000E+02  0.804407238376203E-15  0.806095006677728E-18  0.301726708526174E-15
 0.190000E+02  0.295638399275929E-15  0.632836307553176E-18  0.760202383943304E-16
 0.200000E+02  0.537907831081940E-16  0.235727858310445E-18  0.800799092323337E-17
 0.210000E+02  0.134490353186996E-16  0.127315420614279E-18  0.130166542787809E-17
 0.220000E+02  0.442333442602543E-17  0.285518809965133E-18  0.364935264228732E-18
 0.230000E+02  0.127930367430352E-17  0.320659000988081E-18  0.160799528728422E-18
 0.240000E+02  0.590440705226580E-18  0.781476139422128E-19  0.801943060309342E-19
 0.250000E+02  0.123157484211401E-17  0.527173790986005E-18  0.521811814731447E-18
 0.260000E+02  0.370305231095413E-18  0.195353365885217E-18  0.904441673311699E-19
 0.270000E+02  0.162071438017356E-18  0.845846883776139E-19  0.321592958273836E-19
 0.280000E+02  0.924783901400635E-19  0.400260568668250E-19  0.173497301516209E-19
 0.290000E+02  0.151733921511889E-18  0.865312456896648E-19  0.291204060592873E-19
 0.300000E+02  0.602391136270595E-18  0.423292913417263E-18  0.143117205981945E-18
 0.310000E+02  0.377739620303756E-18  0.171814072889352E-18  0.162503163279899E-18
 0.320000E+02  0.192864745741465E-18  0.596514713722296E-19  0.858880969793828E-19
 0.330000E+02  0.276221153195935E-18  0.130643283346641E-18  0.107736653813341E-18
 0.340000E+02  0.233924846282918E-18  0.146621821923655E-18  0.512632853566584E-19
 0.350000E+02  0.222007708770627E-18  0.150307635267728E-18  0.401833141221243E-19
 0.360000E+02  0.537156108053422E-19  0.202395440489553E-19  0.799120084769508E-20
 0.370000E+02  0.222530537806209E-18  0.109563966343151E-18  0.833565774682682E-19
 0.380000E+02  0.120711509063815E-18  0.785282296080323E-19  0.162702484445974E-19
 0.390000E+02  0.686273617666371E-19  0.214430836175746E-19  0.492159213967188E-20
 0.400000E+02  0.740025599327382E-19  0.139342464079467E-19  0.131140066772743E-19
 0.410000E+02  0.513976619398590E-19  0.969653371184156E-20  0.505250117723099E-20
 0.420000E+02  0.307779063115117E-19  0.965273290752773E-20  0.302948299988046E-20
 0.430000E+02  0.296394984385958E-19  0.128933618803504E-19  0.175728771499936E-20
 0.440000E+02  0.242699199029138E-19  0.909592328497471E-20  0.244682975691283E-20
 0.450000E+02  0.369724889307607E-19  0.215234134403324E-19  0.303484844481804E-20
 0.460000E+02  0.977153505435577E-19  0.613415451623226E-19  0.176180001962320E-19
 0.470000E+02  0.169495025723896E-18  0.941589992507676E-19  0.451651939766577E-19
 0.480000E+02  0.473018826492667E-19  0.120520848891822E-19  0.101320055407387E-19
 0.490000E+02  0.168585686915778E-18  0.915637303397912E-19  0.468506014075267E-19
 0.500000E+02  0.818109909527874E-19  0.525926320435649E-19  0.114857448356725E-19
 0.510000E+02  0.244686378075402E-19  0.103086008177182E-19  0.307861454869555E-20
 0.520000E+02  0.151224038078473E-19  0.467264239485071E-20  0.101485974238248E-20
 0.530000E+02  0.151136583383490E-19  0.596570592119126E-20  0.633802141133477E-21
 0.540000E+02  0.424942491078805E-19  0.236784236333153E-19  0.103184258009175E-19
 0.550000E+02  0.308966179247911E-19  0.687960119957583E-20  0.305095991565054E-20
 0.560000E+02  0.320931975265420E-19  0.406290659321781E-20  0.107301977866025E-19
 0.570000E+02  0.249057822969991E-19  0.579587128507440E-20  0.274689801484062E-20
 0.580000E+02  0.470470774375306E-19  0.340498732083976E-19  0.609247906756814E-20
 0.590000E+02  0.349384608395248E-19  0.219311300038605E-19  0.629968889976259E-20
 0.600000E+02  0.832075879593832E-20  0.364787763153526E-20  0.609562989193595E-21
 0.610000E+02  0.536158941076895E-19  0.418466344785499E-19  0.731550097771383E-20
 0.620000E+02  0.395868640428575E-19  0.237647289093603E-19  0.129651265331467E-19
 0.630000E+02  0.412471610325152E-19  0.156762538288421E-19  0.233888876892287E-19
 0.640000E+02  0.880788290831759E-22  0.873230757395376E-22  0.755753343638235E-24
 0.650000E+02  0.000000000000000E+00  0.000000000000000E+00  0.000000000000000E+00
 0.660000E+02  0.000000000000000E+00  0.000000000000000E+00  0.000000000000000E+00
 0.670000E+02  0.000000000000000E+00  0.000000000000000E+00  0.000000000000000E+00
 0.680000E+02  0.000000000000000E+00  0.000000000000000E+00  0.000000000000000E+00
 0.690000E+02  0.000000000000000E+00  0.000000000000000E+00  0.000000000000000E+00
 0.700000E+02  0.000000000000000E+00  0.000000000000000E+00  0.000000000000000E+00
 0.710000E+02  0.000000000000000E+00  0.000000000000000E+00  0.000000000000000E+00
 0.720000E+02  0.000000000000000E+00  0.000000000000000E+00  0.000000000000000E+00
 0.730000E+02  0.000000000000000E+00  0.000000000000000E+00  0.000000000000000E+00
 0.740000E+02  0.000000000000000E+00  0.000000000000000E+00  0.000000000000000E+00
 0.750000E+02  0.000000000000000E+00  0.000000000000000E+00  0.000000000000000E+00
 0.760000E+02  0.000000000000000E+00  0.000000000000000E+00  0.000000000000000E+00
 0.770000E+02  0.000000000000000E+00  0.000000000000000E+00  0.000000000000000E+00
 0.780000E+02  0.000000000000000E+00  0.000000000000000E+00  0.000000000000000E+00
 0.790000E+02  0.000000000000000E+00  0.000000000000000E+00  0.000000000000000E+00
 0.800000E+02  0.000000000000000E+00  0.000000000000000E+00  0.000000000000000E+00
 0.810000E+02  0.000000000000000E+00  0.000000000000000E+00  0.000000000000000E+00
 0.820000E+02  0.000000000000000E+00  0.000000000000000E+00  0.000000000000000E+00
 0.830000E+02  0.000000000000000E+00  0.000000000000000E+00  0.000000000000000E+00
 0.840000E+02  0.000000000000000E+00  0.000000000000000E+00  0.000000000000000E+00
 0.850000E+02  0.000000000000000E+00  0.000000000000000E+00  0.000000000000000E+00
 0.860000E+02  0.000000000000000E+00  0.000000000000000E+00  0.000000000000000E+00
 0.870000E+02  0.000000000000000E+00  0.000000000000000E+00  0.000000000000000E+00
 0.880000E+02  0.000000000000000E+00  0.000000000000000E+00  0.000000000000000E+00
 0.890000E+02  0.000000000000000E+00  0.000000000000000E+00  0.000000000000000E+00
 0.900000E+02  0.000000000000000E+00  0.000000000000000E+00  0.000000000000000E+00
 0.910000E+02  0.000000000000000E+00  0.000000000000000E+00  0.000000000000000E+00
 0.920000E+02  0.000000000000000E+00  0.000000000000000E+00  0.000000000000000E+00
 0.930000E+02  0.000000000000000E+00  0.000000000000000E+00  0.000000000000000E+00
 0.940000E+02  0.000000000000000E+00  0.000000000000000E+00  0.000000000000000E+00
 0.950000E+02  0.000000000000000E+00  0.000000000000000E+00  0.000000000000000E+00
 0.960000E+02  0.000000000000000E+00  0.000000000000000E+00  0.000000000000000E+00
