 0.000000E+00  0.729065384531650E+00  0.506653178732607E+00  0.222412205799048E+00
 0.100000E+01  0.156641531933460E-03  0.118158419589951E-03  0.384831123435135E-04
 0.200000E+01  0.577561385499806E-07  0.378058993076758E-07  0.199502392423048E-07
 0.300000E+01  0.617163635605298E-10  0.380054713115915E-10  0.237108922489380E-10
 0.400000E+01  0.104882056004909E-12  0.556447035522818E-13  0.492373524526275E-13
 0.500000E+01  0.206304352774850E-15  0.101432685675135E-15  0.104871667099715E-15
 0.600000E+01  0.636336210132155E-17  0.460172878922417E-17  0.176163331209738E-17
 0.700000E+01  0.288237349594374E-17  0.202270894327364E-17  0.859664552670099E-18
 0.800000E+01  0.711542248420465E-17  0.545836003578541E-17  0.165706244841925E-17
 0.900000E+01  0.245579325282948E-17  0.177147230085003E-17  0.684320951979444E-18
 0.100000E+02  0.333510332316344E-17  0.259279577036595E-17  0.742307552797492E-18
 0.110000E+02  0.215943149103557E-17  0.164317781874628E-17  0.516253672289286E-18
 0.120000E+02  0.922347901311535E-17  0.778340061542015E-17  0.144007839769520E-17
 0.130000E+02  0.151772560966380E-17  0.118310437369250E-17  0.334621235971299E-18
 0.140000E+02  0.234318994019608E-17  0.194843184729999E-17  0.394758092896090E-18
 0.150000E+02  0.116954351584945E-17  0.983085078537912E-18  0.186458437311537E-18
 0.160000E+02  0.495454650900589E-20  0.495454650900589E-20  0.000000000000000E+00
 0.170000E+02  0.000000000000000E+00  0.000000000000000E+00  0.000000000000000E+00
 0.180000E+02  0.000000000000000E+00  0.000000000000000E+00  0.000000000000000E+00
 0.190000E+02  0.000000000000000E+00  0.000000000000000E+00  0.000000000000000E+00
 0.200000E+02  0.000000000000000E+00  0.000000000000000E+00  0.000000000000000E+00
 0.210000E+02  0.000000000000000E+00  0.000000000000000E+00  0.000000000000000E+00
 0.220000E+02  0.000000000000000E+00  0.000000000000000E+00  0.000000000000000E+00
 0.230000E+02  0.000000000000000E+00  0.000000000000000E+00  0.000000000000000E+00
 0.240000E+02  0.000000000000000E+00  0.000000000000000E+00  0.000000000000000E+00
