 0.000000E+00  0.375082933473659E+00  0.177265010784360E+00  0.197817922689299E+00
 0.100000E+01  0.352732625219829E-03  0.350201958543573E-03  0.253066667625613E-05
 0.200000E+01  0.186487054292574E-09  0.153023265237916E-09  0.334637890546580E-10
 0.300000E+01  0.189669742656922E-13  0.159268916726390E-13  0.304008259305301E-14
 0.400000E+01  0.352581234120972E-17  0.296846883521159E-17  0.557343505998130E-18
 0.500000E+01  0.423745949971077E-18  0.325421471711021E-18  0.983244782600558E-19
 0.600000E+01  0.612688486069053E-18  0.492824654203793E-18  0.119863831865259E-18
 0.700000E+01  0.321699245498415E-18  0.249078979365568E-18  0.726202661328474E-19
 0.800000E+01  0.215996009498946E-18  0.163125915838618E-18  0.528700936603285E-19
 0.900000E+01  0.293251210037676E-18  0.229503076569890E-18  0.637481334677863E-19
 0.100000E+02  0.343719354023719E-18  0.279644795743045E-18  0.640745582806741E-19
 0.110000E+02  0.207953608864356E-18  0.162329249704346E-18  0.456243591600103E-19
 0.120000E+02  0.409720749127886E-18  0.360460343117095E-18  0.492604060107907E-19
 0.130000E+02  0.184481036069085E-18  0.152370616534106E-18  0.321104195349782E-19
 0.140000E+02  0.288045833281753E-18  0.250901008614596E-18  0.371448246671574E-19
 0.150000E+02  0.139189012405569E-18  0.121942844046373E-18  0.172461683591960E-19
 0.160000E+02  0.220986329158496E-20  0.220986329158496E-20  0.000000000000000E+00
 0.170000E+02  0.000000000000000E+00  0.000000000000000E+00  0.000000000000000E+00
 0.180000E+02  0.000000000000000E+00  0.000000000000000E+00  0.000000000000000E+00
 0.190000E+02  0.000000000000000E+00  0.000000000000000E+00  0.000000000000000E+00
 0.200000E+02  0.000000000000000E+00  0.000000000000000E+00  0.000000000000000E+00
 0.210000E+02  0.000000000000000E+00  0.000000000000000E+00  0.000000000000000E+00
 0.220000E+02  0.000000000000000E+00  0.000000000000000E+00  0.000000000000000E+00
 0.230000E+02  0.000000000000000E+00  0.000000000000000E+00  0.000000000000000E+00
 0.240000E+02  0.000000000000000E+00  0.000000000000000E+00  0.000000000000000E+00
