 0.000000E+00  0.160346314862338E+01  0.131404722832094E+01  0.289415920302453E+00
 0.100000E+01  0.252167035252772E-01  0.155295846174917E-01  0.968711890778542E-02
 0.200000E+01  0.623676362089875E-02  0.424805058967229E-02  0.198871303122645E-02
 0.300000E+01  0.236814098687283E-02  0.154827954891318E-02  0.819861437959643E-03
 0.400000E+01  0.998618641107011E-03  0.667143816090431E-03  0.331474825016580E-03
 0.500000E+01  0.490338404467175E-03  0.338189190445918E-03  0.152149214021257E-03
 0.600000E+01  0.269908568590113E-03  0.189816020799279E-03  0.800925477908340E-04
 0.700000E+01  0.138377692188437E-03  0.985593110081875E-04  0.398183811802491E-04
 0.800000E+01  0.816908277542820E-04  0.564453130056915E-04  0.252455147485905E-04
 0.900000E+01  0.501836463200546E-04  0.342574682993774E-04  0.159261780206773E-04
 0.100000E+02  0.298363931685801E-04  0.209866589930948E-04  0.884973417548529E-05
 0.110000E+02  0.199228181232864E-04  0.139390151195050E-04  0.598380300378144E-05
 0.120000E+02  0.136982018218091E-04  0.996398739254868E-05  0.373421442926043E-05
 0.130000E+02  0.725545400736431E-05  0.536936409968505E-05  0.188608990767926E-05
 0.140000E+02  0.237667343871054E-05  0.172844663881631E-05  0.648226799894232E-06
 0.150000E+02  0.623615581728458E-06  0.474184221904424E-06  0.149431359824034E-06
 0.160000E+02  0.687630161144703E-10  0.687630161144703E-10  0.000000000000000E+00
 0.170000E+02  0.000000000000000E+00  0.000000000000000E+00  0.000000000000000E+00
 0.180000E+02  0.000000000000000E+00  0.000000000000000E+00  0.000000000000000E+00
 0.190000E+02  0.000000000000000E+00  0.000000000000000E+00  0.000000000000000E+00
 0.200000E+02  0.000000000000000E+00  0.000000000000000E+00  0.000000000000000E+00
 0.210000E+02  0.000000000000000E+00  0.000000000000000E+00  0.000000000000000E+00
 0.220000E+02  0.000000000000000E+00  0.000000000000000E+00  0.000000000000000E+00
 0.230000E+02  0.000000000000000E+00  0.000000000000000E+00  0.000000000000000E+00
 0.240000E+02  0.000000000000000E+00  0.000000000000000E+00  0.000000000000000E+00
