 0.100000E+01  0.616023694690057E+00
 0.200000E+01  0.421153120449139E-01
 0.300000E+01  0.217041950921592E-01
 0.400000E+01  0.334587939257011E-01
 0.500000E+01  0.241162911649157E-01
 0.600000E+01  0.168517398227974E-01
 0.700000E+01  0.134817355829629E-01
 0.800000E+01  0.727246865879211E-02
 0.900000E+01  0.861238231439910E-02
 0.100000E+02  0.448177508346029E-02
 0.110000E+02  0.402913511983833E-02
 0.120000E+02  0.271570455294161E-02
 0.130000E+02  0.249066427023825E-02
 0.140000E+02  0.211086054317138E-02
 0.150000E+02  0.131516194504933E-02
 0.160000E+02  0.119912424287191E-02
 0.170000E+02  0.939102227221859E-03
 0.180000E+02  0.739875590766679E-03
 0.190000E+02  0.565857094468908E-03
 0.200000E+02  0.437610421942326E-03
 0.210000E+02  0.409793752027796E-03
 0.220000E+02  0.326908525660450E-03
 0.230000E+02  0.256534935506485E-03
 0.240000E+02  0.236665832882732E-03
 0.250000E+02  0.185411284467839E-03
 0.260000E+02  0.176974565734358E-03
 0.270000E+02  0.130499860046054E-03
 0.280000E+02  0.112214276760018E-03
 0.290000E+02  0.978203161175130E-04
 0.300000E+02  0.801064102005385E-04
 0.310000E+02  0.725689064421633E-04
 0.320000E+02  0.561637071084629E-04
 0.330000E+02  0.499742925596733E-04
 0.340000E+02  0.436052948640467E-04
 0.350000E+02  0.352138742280728E-04
 0.360000E+02  0.313524834770564E-04
 0.370000E+02  0.257280542321899E-04
 0.380000E+02  0.228980693528981E-04
 0.390000E+02  0.200858325546114E-04
 0.400000E+02  0.175008138764626E-04
 0.410000E+02  0.149657825726118E-04
 0.420000E+02  0.126474132304054E-04
 0.430000E+02  0.117779201166107E-04
 0.440000E+02  0.995265717375494E-05
 0.450000E+02  0.876802887508965E-05
 0.460000E+02  0.749806643199973E-05
 0.470000E+02  0.670679099162414E-05
 0.480000E+02  0.559795941009530E-05
 0.490000E+02  0.492779663747456E-05
 0.500000E+02  0.451876521813782E-05
 0.510000E+02  0.368327489685104E-05
 0.520000E+02  0.358226668030611E-05
 0.530000E+02  0.337671309841530E-05
 0.540000E+02  0.265131564771365E-05
 0.550000E+02  0.260475382892936E-05
 0.560000E+02  0.217083534881371E-05
 0.570000E+02  0.193099025628361E-05
 0.580000E+02  0.163682208994495E-05
 0.590000E+02  0.143102172945604E-05
 0.600000E+02  0.118749429251336E-05
 0.610000E+02  0.969777021375537E-06
 0.620000E+02  0.828213375589379E-06
 0.630000E+02  0.511711367161488E-06
 0.640000E+02  0.143787750268307E-06
 0.650000E+02  0.000000000000000E+00
 0.660000E+02  0.000000000000000E+00
 0.670000E+02  0.000000000000000E+00
 0.680000E+02  0.000000000000000E+00
 0.690000E+02  0.000000000000000E+00
 0.700000E+02  0.000000000000000E+00
 0.710000E+02  0.000000000000000E+00
 0.720000E+02  0.000000000000000E+00
 0.730000E+02  0.000000000000000E+00
 0.740000E+02  0.000000000000000E+00
 0.750000E+02  0.000000000000000E+00
 0.760000E+02  0.000000000000000E+00
 0.770000E+02  0.000000000000000E+00
 0.780000E+02  0.000000000000000E+00
 0.790000E+02  0.000000000000000E+00
 0.800000E+02  0.000000000000000E+00
 0.810000E+02  0.000000000000000E+00
 0.820000E+02  0.000000000000000E+00
 0.830000E+02  0.000000000000000E+00
 0.840000E+02  0.000000000000000E+00
 0.850000E+02  0.000000000000000E+00
 0.860000E+02  0.000000000000000E+00
 0.870000E+02  0.000000000000000E+00
 0.880000E+02  0.000000000000000E+00
 0.890000E+02  0.000000000000000E+00
 0.900000E+02  0.000000000000000E+00
 0.910000E+02  0.000000000000000E+00
 0.920000E+02  0.000000000000000E+00
 0.930000E+02  0.000000000000000E+00
 0.940000E+02  0.000000000000000E+00
 0.950000E+02  0.000000000000000E+00
 0.960000E+02  0.000000000000000E+00
 0.970000E+02  0.000000000000000E+00
