 0.100000E+01  0.265396669576393E+00
 0.200000E+01  0.211970917148484E-01
 0.300000E+01  0.850613224646713E-02
 0.400000E+01  0.316440929424948E-02
 0.500000E+01  0.296271018638438E-03
 0.600000E+01  0.138877909553038E-03
 0.700000E+01  0.150743786518834E-04
 0.800000E+01  0.576365320118035E-05
 0.900000E+01  0.148866336542169E-05
 0.100000E+02  0.231119299651994E-06
 0.110000E+02  0.113982427557223E-06
 0.120000E+02  0.130891068403796E-07
 0.130000E+02  0.558188228096791E-08
 0.140000E+02  0.112289432503310E-08
 0.150000E+02  0.246757793369870E-09
 0.160000E+02  0.135085398645234E-09
 0.170000E+02  0.178624483485177E-10
 0.180000E+02  0.938555833883954E-11
 0.190000E+02  0.192082103921698E-11
 0.200000E+02  0.604521905178610E-12
 0.210000E+02  0.398554011845626E-12
 0.220000E+02  0.645221320655481E-13
 0.230000E+02  0.401479567459465E-13
 0.240000E+02  0.889584077940793E-14
 0.250000E+02  0.355552381790476E-14
 0.260000E+02  0.203964514000936E-14
 0.270000E+02  0.405277552509460E-15
 0.280000E+02  0.273274750682661E-15
 0.290000E+02  0.579672554591342E-16
 0.300000E+02  0.319670556657085E-16
 0.310000E+02  0.111635547302391E-16
 0.320000E+02  0.378440731493689E-17
 0.330000E+02  0.275086824877363E-17
 0.340000E+02  0.920417161813757E-18
 0.350000E+02  0.723411395197619E-18
 0.360000E+02  0.353343023308248E-18
 0.370000E+02  0.303215243137439E-18
 0.380000E+02  0.236747074814754E-18
 0.390000E+02  0.978651916101560E-19
 0.400000E+02  0.968570739248018E-19
 0.410000E+02  0.568127734810435E-19
 0.420000E+02  0.688797729565429E-19
 0.430000E+02  0.892580906972780E-19
 0.440000E+02  0.802655940597389E-19
 0.450000E+02  0.961773472313105E-19
 0.460000E+02  0.101169819454816E-18
 0.470000E+02  0.170584970635456E-18
 0.480000E+02  0.680040519288179E-19
 0.490000E+02  0.161838123366609E-18
 0.500000E+02  0.988621454942720E-19
 0.510000E+02  0.670864055142625E-19
 0.520000E+02  0.380119670669748E-19
 0.530000E+02  0.380974954819153E-19
 0.540000E+02  0.702584934306342E-19
 0.550000E+02  0.246248569540803E-19
 0.560000E+02  0.620569518945868E-19
 0.570000E+02  0.301521482652769E-19
 0.580000E+02  0.920807895191190E-19
 0.590000E+02  0.859933578359274E-19
 0.600000E+02  0.246727095318897E-19
 0.610000E+02  0.779645816566909E-19
 0.620000E+02  0.615641466857402E-19
 0.630000E+02  0.388041200486394E-19
 0.640000E+02  0.280580853864640E-20
 0.650000E+02  0.000000000000000E+00
 0.660000E+02  0.000000000000000E+00
 0.670000E+02  0.000000000000000E+00
 0.680000E+02  0.000000000000000E+00
 0.690000E+02  0.000000000000000E+00
 0.700000E+02  0.000000000000000E+00
 0.710000E+02  0.000000000000000E+00
 0.720000E+02  0.000000000000000E+00
 0.730000E+02  0.000000000000000E+00
 0.740000E+02  0.000000000000000E+00
 0.750000E+02  0.000000000000000E+00
 0.760000E+02  0.000000000000000E+00
 0.770000E+02  0.000000000000000E+00
 0.780000E+02  0.000000000000000E+00
 0.790000E+02  0.000000000000000E+00
 0.800000E+02  0.000000000000000E+00
 0.810000E+02  0.000000000000000E+00
 0.820000E+02  0.000000000000000E+00
 0.830000E+02  0.000000000000000E+00
 0.840000E+02  0.000000000000000E+00
 0.850000E+02  0.000000000000000E+00
 0.860000E+02  0.000000000000000E+00
 0.870000E+02  0.000000000000000E+00
 0.880000E+02  0.000000000000000E+00
 0.890000E+02  0.000000000000000E+00
 0.900000E+02  0.000000000000000E+00
 0.910000E+02  0.000000000000000E+00
 0.920000E+02  0.000000000000000E+00
 0.930000E+02  0.000000000000000E+00
 0.940000E+02  0.000000000000000E+00
 0.950000E+02  0.000000000000000E+00
 0.960000E+02  0.000000000000000E+00
 0.970000E+02  0.000000000000000E+00
