 0.000000E+00  0.838568522782441E+00  0.470635413853669E+00  0.367933108928769E+00
 0.100000E+01  0.354509478453787E-01  0.228945376165903E-01  0.125564102287885E-01
 0.200000E+01  0.909433639351130E-02  0.650077929728723E-02  0.259355709622407E-02
 0.300000E+01  0.336910360061116E-02  0.241151369336383E-02  0.957589907247333E-03
 0.400000E+01  0.185039499629870E-02  0.134010890679599E-02  0.510286089502710E-03
 0.500000E+01  0.938450513340004E-03  0.670998703898545E-03  0.267451809441459E-03
 0.600000E+01  0.517463939549101E-03  0.384246043393938E-03  0.133217896155162E-03
 0.700000E+01  0.320140849104774E-03  0.238704683529544E-03  0.814361655752300E-04
 0.800000E+01  0.178746699687542E-03  0.127627459065766E-03  0.511192406217761E-04
 0.900000E+01  0.121299375183619E-03  0.889610889215047E-04  0.323382862621146E-04
 0.100000E+02  0.817230932857769E-04  0.592315462600666E-04  0.224915470257103E-04
 0.110000E+02  0.532398535759715E-04  0.377473855486267E-04  0.154924680273448E-04
 0.120000E+02  0.336967016271196E-04  0.247027203342061E-04  0.899398129291358E-05
 0.130000E+02  0.214819234308735E-04  0.167428890448614E-04  0.473903438601211E-05
 0.140000E+02  0.114111480618771E-04  0.928492391537826E-05  0.212622414649880E-05
 0.150000E+02  0.223987507417875E-05  0.170821031631081E-05  0.531664757867936E-06
 0.160000E+02  0.945782119288197E-09  0.945782119288197E-09  0.000000000000000E+00
 0.170000E+02  0.000000000000000E+00  0.000000000000000E+00  0.000000000000000E+00
 0.180000E+02  0.000000000000000E+00  0.000000000000000E+00  0.000000000000000E+00
 0.190000E+02  0.000000000000000E+00  0.000000000000000E+00  0.000000000000000E+00
 0.200000E+02  0.000000000000000E+00  0.000000000000000E+00  0.000000000000000E+00
 0.210000E+02  0.000000000000000E+00  0.000000000000000E+00  0.000000000000000E+00
 0.220000E+02  0.000000000000000E+00  0.000000000000000E+00  0.000000000000000E+00
 0.230000E+02  0.000000000000000E+00  0.000000000000000E+00  0.000000000000000E+00
 0.240000E+02  0.000000000000000E+00  0.000000000000000E+00  0.000000000000000E+00
