 0.000000E+00  0.692649623764451E+00  0.353262148727779E+00  0.339387475036675E+00
 0.100000E+01  0.193079935724356E-01  0.115005048123715E-01  0.780748876006419E-02
 0.200000E+01  0.592998961955426E-02  0.404953323949005E-02  0.188045638006420E-02
 0.300000E+01  0.292855441815132E-02  0.188655176217635E-02  0.104200265597496E-02
 0.400000E+01  0.175821689420682E-02  0.117821730787591E-02  0.579999586330909E-03
 0.500000E+01  0.771597882837691E-03  0.504582476269207E-03  0.267015406568484E-03
 0.600000E+01  0.428984698168750E-03  0.282336804674093E-03  0.146647893494657E-03
 0.700000E+01  0.293890183444090E-03  0.201100665279764E-03  0.927895181643265E-04
 0.800000E+01  0.182133367510849E-03  0.129482135889611E-03  0.526512316212379E-04
 0.900000E+01  0.126492957726204E-03  0.911314596627233E-04  0.353614980634805E-04
 0.100000E+02  0.798222078092545E-04  0.573017970760209E-04  0.225204107332335E-04
 0.110000E+02  0.620130466805166E-04  0.456447725962020E-04  0.163682740843146E-04
 0.120000E+02  0.419630337618802E-04  0.301820353052423E-04  0.117809984566379E-04
 0.130000E+02  0.296926834501200E-04  0.214334182126357E-04  0.825926523748427E-05
 0.140000E+02  0.217996354107581E-04  0.166191864046439E-04  0.518044900611412E-05
 0.150000E+02  0.769712669066791E-05  0.608868770964575E-05  0.160843898102216E-05
 0.160000E+02  0.351312562374417E-09  0.351312562374417E-09  0.000000000000000E+00
 0.170000E+02  0.000000000000000E+00  0.000000000000000E+00  0.000000000000000E+00
 0.180000E+02  0.000000000000000E+00  0.000000000000000E+00  0.000000000000000E+00
 0.190000E+02  0.000000000000000E+00  0.000000000000000E+00  0.000000000000000E+00
 0.200000E+02  0.000000000000000E+00  0.000000000000000E+00  0.000000000000000E+00
 0.210000E+02  0.000000000000000E+00  0.000000000000000E+00  0.000000000000000E+00
 0.220000E+02  0.000000000000000E+00  0.000000000000000E+00  0.000000000000000E+00
 0.230000E+02  0.000000000000000E+00  0.000000000000000E+00  0.000000000000000E+00
 0.240000E+02  0.000000000000000E+00  0.000000000000000E+00  0.000000000000000E+00
