 0.000000E+00  0.361459096390452E-03  0.000000000000000E+00  0.000000000000000E+00
 0.100000E+01  0.549114240305941E+00  0.283031416427019E+00  0.266077127307653E+00
 0.200000E+01  0.462742718360689E-01  0.243792198754977E-07  0.462502206646604E-01
 0.300000E+01  0.161456697333758E-01  0.896465328081852E-07  0.160997475104523E-01
 0.400000E+01  0.174175299870801E-01  0.123193639123276E-06  0.173562034924544E-01
 0.500000E+01  0.119268117910475E-01  0.200827954877081E-06  0.118402801927004E-01
 0.600000E+01  0.526096408503966E-02  0.163065763988945E-06  0.520979102111596E-02
 0.700000E+01  0.517944601227099E-02  0.124407150581263E-06  0.512348675897556E-02
 0.800000E+01  0.307997519225292E-02  0.166882197123741E-06  0.301621039041322E-02
 0.900000E+01  0.191879305341677E-02  0.985557151098049E-07  0.186081694794193E-02
 0.100000E+02  0.122016533783335E-02  0.121439246054955E-06  0.117433072470607E-02
 0.110000E+02  0.783741102982114E-03  0.854324850238508E-07  0.757778223287708E-03
 0.120000E+02  0.766569749910162E-03  0.945689211506034E-07  0.743314268135009E-03
 0.130000E+02  0.643206784198678E-03  0.608153826672786E-07  0.626866738128729E-03
 0.140000E+02  0.366691957584272E-03  0.380183682946260E-07  0.354349384007670E-03
 0.150000E+02  0.246489086515556E-03  0.276514352361493E-07  0.237676563957373E-03
 0.160000E+02  0.167326409963454E-03  0.283688066891885E-07  0.159094308317391E-03
 0.170000E+02  0.161043899687917E-03  0.280694915089086E-07  0.154417906414905E-03
 0.180000E+02  0.906840741385608E-04  0.216247016213839E-07  0.858871239639014E-04
 0.190000E+02  0.574947071136462E-04  0.126286194298110E-07  0.542106353078123E-04
 0.200000E+02  0.431842404334088E-04  0.944710860714269E-08  0.407091408234292E-04
 0.210000E+02  0.317318999577490E-04  0.105106287989911E-07  0.294593074021696E-04
 0.220000E+02  0.169370852144032E-04  0.827703259181694E-08  0.154748372796325E-04
 0.230000E+02  0.113320531273302E-04  0.527694641162899E-08  0.102074017328110E-04
 0.240000E+02  0.726713780322903E-05  0.420154103555111E-08  0.638592851363775E-05
 0.250000E+02  0.717040773877146E-05  0.229520133183513E-08  0.641921139120805E-05
 0.260000E+02  0.360199472348595E-05  0.204160435863786E-08  0.311787920837737E-05
 0.270000E+02  0.250244399824679E-05  0.164790322549789E-08  0.215955663494528E-05
 0.280000E+02  0.188788387391722E-05  0.142574180817255E-08  0.161921258823560E-05
 0.290000E+02  0.122934170833289E-05  0.142297281887969E-08  0.101440438266085E-05
 0.300000E+02  0.113620845631023E-05  0.704048748280042E-09  0.956198907622973E-06
 0.310000E+02  0.579433912166693E-06  0.605868652973619E-09  0.460285632292403E-06
 0.320000E+02  0.395987335547367E-06  0.437524093725030E-09  0.315949263639651E-06
 0.330000E+02  0.330905727834271E-06  0.384207237130972E-09  0.264650851097195E-06
 0.340000E+02  0.296355233234419E-06  0.418811966648252E-09  0.237360683885247E-06
 0.350000E+02  0.156903259528729E-06  0.272911882339451E-09  0.122758407650055E-06
 0.360000E+02  0.113807268218854E-06  0.240710617608213E-09  0.869571231860959E-07
 0.370000E+02  0.743134264260369E-07  0.179037021649759E-09  0.566664636259134E-07
 0.380000E+02  0.730107955028073E-07  0.168234400771839E-09  0.561376685003680E-07
 0.390000E+02  0.357801733427747E-07  0.126019943764652E-09  0.263254051776298E-07
 0.400000E+02  0.241511062933431E-07  0.940746584760061E-10  0.176669023646159E-07
 0.410000E+02  0.186242544338906E-07  0.849786746076217E-10  0.134226059731684E-07
 0.420000E+02  0.142349161488954E-07  0.757458984987328E-10  0.102323440649573E-07
 0.430000E+02  0.102313917868254E-07  0.542222164492082E-10  0.738712558878360E-08
 0.440000E+02  0.567049270473407E-08  0.426352310347990E-10  0.384232852927182E-08
 0.450000E+02  0.362764168279451E-08  0.320450898047745E-10  0.241461855174018E-08
 0.460000E+02  0.261884710792330E-08  0.265382895794340E-10  0.167939013934462E-08
 0.470000E+02  0.215692794016333E-08  0.223203354831113E-10  0.140969863530927E-08
 0.480000E+02  0.123290383208465E-08  0.153045477361745E-10  0.759728408184969E-09
 0.490000E+02  0.749993738064313E-09  0.116019411808906E-10  0.431824089721580E-09
 0.500000E+02  0.510668425879207E-09  0.946332836814909E-11  0.283471281651674E-09
 0.510000E+02  0.420598416199067E-09  0.778687652852115E-11  0.234056705133802E-09
 0.520000E+02  0.193313929244810E-09  0.497459325942254E-11  0.932238041249410E-10
 0.530000E+02  0.147032180949124E-09  0.396278843959001E-11  0.684383377057336E-10
 0.540000E+02  0.900596596501526E-10  0.272586448530131E-11  0.390020183086988E-10
 0.550000E+02  0.708970766532046E-10  0.246745280168375E-11  0.297410967986427E-10
 0.560000E+02  0.419355891656654E-10  0.149591905470221E-11  0.163611575880805E-10
 0.570000E+02  0.243788308688688E-10  0.107426159470917E-11  0.803855733239790E-11
 0.580000E+02  0.157507122724080E-10  0.755639925893101E-12  0.487668156949499E-11
 0.590000E+02  0.121375491143439E-10  0.663503530223341E-12  0.319117399654461E-11
 0.600000E+02  0.807969276593602E-11  0.448003313539421E-12  0.229500343011854E-11
 0.610000E+02  0.479113248157080E-11  0.251395738040745E-12  0.109739144898407E-11
 0.620000E+02  0.407728242405871E-11  0.287297170628863E-12  0.505864183403728E-12
 0.630000E+02  0.338283463286113E-11  0.266799809303618E-12  0.760083485135779E-12
 0.640000E+02  0.117835331070807E-18  0.984940939226635E-20  0.107985921678540E-18
 0.650000E+02  0.000000000000000E+00  0.000000000000000E+00  0.000000000000000E+00
 0.660000E+02  0.000000000000000E+00  0.000000000000000E+00  0.000000000000000E+00
 0.670000E+02  0.000000000000000E+00  0.000000000000000E+00  0.000000000000000E+00
 0.680000E+02  0.000000000000000E+00  0.000000000000000E+00  0.000000000000000E+00
 0.690000E+02  0.000000000000000E+00  0.000000000000000E+00  0.000000000000000E+00
 0.700000E+02  0.000000000000000E+00  0.000000000000000E+00  0.000000000000000E+00
 0.710000E+02  0.000000000000000E+00  0.000000000000000E+00  0.000000000000000E+00
 0.720000E+02  0.000000000000000E+00  0.000000000000000E+00  0.000000000000000E+00
 0.730000E+02  0.000000000000000E+00  0.000000000000000E+00  0.000000000000000E+00
 0.740000E+02  0.000000000000000E+00  0.000000000000000E+00  0.000000000000000E+00
 0.750000E+02  0.000000000000000E+00  0.000000000000000E+00  0.000000000000000E+00
 0.760000E+02  0.000000000000000E+00  0.000000000000000E+00  0.000000000000000E+00
 0.770000E+02  0.000000000000000E+00  0.000000000000000E+00  0.000000000000000E+00
 0.780000E+02  0.000000000000000E+00  0.000000000000000E+00  0.000000000000000E+00
 0.790000E+02  0.000000000000000E+00  0.000000000000000E+00  0.000000000000000E+00
 0.800000E+02  0.000000000000000E+00  0.000000000000000E+00  0.000000000000000E+00
 0.810000E+02  0.000000000000000E+00  0.000000000000000E+00  0.000000000000000E+00
 0.820000E+02  0.000000000000000E+00  0.000000000000000E+00  0.000000000000000E+00
 0.830000E+02  0.000000000000000E+00  0.000000000000000E+00  0.000000000000000E+00
 0.840000E+02  0.000000000000000E+00  0.000000000000000E+00  0.000000000000000E+00
 0.850000E+02  0.000000000000000E+00  0.000000000000000E+00  0.000000000000000E+00
 0.860000E+02  0.000000000000000E+00  0.000000000000000E+00  0.000000000000000E+00
 0.870000E+02  0.000000000000000E+00  0.000000000000000E+00  0.000000000000000E+00
 0.880000E+02  0.000000000000000E+00  0.000000000000000E+00  0.000000000000000E+00
 0.890000E+02  0.000000000000000E+00  0.000000000000000E+00  0.000000000000000E+00
 0.900000E+02  0.000000000000000E+00  0.000000000000000E+00  0.000000000000000E+00
 0.910000E+02  0.000000000000000E+00  0.000000000000000E+00  0.000000000000000E+00
 0.920000E+02  0.000000000000000E+00  0.000000000000000E+00  0.000000000000000E+00
 0.930000E+02  0.000000000000000E+00  0.000000000000000E+00  0.000000000000000E+00
 0.940000E+02  0.000000000000000E+00  0.000000000000000E+00  0.000000000000000E+00
 0.950000E+02  0.000000000000000E+00  0.000000000000000E+00  0.000000000000000E+00
 0.960000E+02  0.000000000000000E+00  0.000000000000000E+00  0.000000000000000E+00
