 0.000000E+00  0.187598968185090E+00  0.246298336424353E-01  0.162969134542655E+00
 0.100000E+01  0.187063432172760E-03  0.186778191886676E-03  0.285240286084069E-06
 0.200000E+01  0.377595877559987E-10  0.347648297233823E-10  0.299475803261735E-11
 0.300000E+01  0.112459871278026E-14  0.104083522371666E-14  0.837634890635985E-16
 0.400000E+01  0.399309413175348E-19  0.339260428704924E-19  0.600489844704241E-20
 0.500000E+01  0.261662420390504E-19  0.217369961925149E-19  0.442924584653546E-20
 0.600000E+01  0.575713502647198E-19  0.515606903313107E-19  0.601065993340910E-20
 0.700000E+01  0.245424679065676E-19  0.203069858789384E-19  0.423548202762916E-20
 0.800000E+01  0.165348740191208E-19  0.127569910131934E-19  0.377788300592748E-20
 0.900000E+01  0.262000398283777E-19  0.225007277622528E-19  0.369931206612494E-20
 0.100000E+02  0.427568227907630E-19  0.385072337096338E-19  0.424958908112916E-20
 0.110000E+02  0.183571974951431E-19  0.151749063305031E-19  0.318229116463998E-20
 0.120000E+02  0.648198159422813E-19  0.612674656730627E-19  0.355235026921855E-20
 0.130000E+02  0.176333223389273E-19  0.147706872773762E-19  0.286263506155108E-20
 0.140000E+02  0.335182242190524E-19  0.309405895766451E-19  0.257763464240728E-20
 0.150000E+02  0.147747221892828E-19  0.135634048966913E-19  0.121131729259152E-20
 0.160000E+02  0.122080541729825E-21  0.122080541729825E-21  0.000000000000000E+00
 0.170000E+02  0.000000000000000E+00  0.000000000000000E+00  0.000000000000000E+00
 0.180000E+02  0.000000000000000E+00  0.000000000000000E+00  0.000000000000000E+00
 0.190000E+02  0.000000000000000E+00  0.000000000000000E+00  0.000000000000000E+00
 0.200000E+02  0.000000000000000E+00  0.000000000000000E+00  0.000000000000000E+00
 0.210000E+02  0.000000000000000E+00  0.000000000000000E+00  0.000000000000000E+00
 0.220000E+02  0.000000000000000E+00  0.000000000000000E+00  0.000000000000000E+00
 0.230000E+02  0.000000000000000E+00  0.000000000000000E+00  0.000000000000000E+00
 0.240000E+02  0.000000000000000E+00  0.000000000000000E+00  0.000000000000000E+00
