 0.000000E+00  0.262864650250288E-03  0.000000000000000E+00  0.000000000000000E+00
 0.100000E+01  0.519052692062007E+00  0.344092527549947E+00  0.174862750223838E+00
 0.200000E+01  0.772019259240231E-01  0.206659983450663E-02  0.744415409862995E-01
 0.300000E+01  0.232456567859276E-01  0.180038646999492E-02  0.198564763632021E-01
 0.400000E+01  0.262089665843293E-01  0.104804715920181E-02  0.226122412896075E-01
 0.500000E+01  0.212848079090927E-01  0.118147778152888E-02  0.168067606447835E-01
 0.600000E+01  0.115893716814355E-01  0.712578981051593E-03  0.798893494106778E-02
 0.700000E+01  0.121028358725380E-01  0.667857398752858E-03  0.844931420169814E-02
 0.800000E+01  0.672995256336621E-02  0.444807989879337E-03  0.353419372947883E-02
 0.900000E+01  0.491054494119367E-02  0.319652177381613E-03  0.241081217620831E-02
 0.100000E+02  0.535875148053774E-02  0.256019496948312E-03  0.298150230895544E-02
 0.110000E+02  0.281757246589445E-02  0.162769187205924E-03  0.109942165907739E-02
 0.120000E+02  0.267137944236423E-02  0.115592646555029E-03  0.103004392025241E-02
 0.130000E+02  0.235618101149257E-02  0.132727546514388E-03  0.882003898628803E-03
 0.140000E+02  0.136954019267959E-02  0.401278389769999E-04  0.418647093781033E-03
 0.150000E+02  0.134601126133347E-02  0.496983963333975E-04  0.509059527691758E-03
 0.160000E+02  0.825900948616846E-03  0.281080475836859E-04  0.220467627325860E-03
 0.170000E+02  0.933068782022118E-03  0.325333425434948E-04  0.297357564363221E-03
 0.180000E+02  0.731743114885251E-03  0.232532615214442E-04  0.249973933805703E-03
 0.190000E+02  0.545160139408393E-03  0.165884176683839E-04  0.151795427350443E-03
 0.200000E+02  0.466356303741166E-03  0.143877100864387E-04  0.157265149058450E-03
 0.210000E+02  0.397098790478021E-03  0.118998698219741E-04  0.921123291468540E-04
 0.220000E+02  0.298235761387768E-03  0.826445030543965E-05  0.616829900348392E-04
 0.230000E+02  0.261256655310351E-03  0.583904047612993E-05  0.546031884511855E-04
 0.240000E+02  0.228437731569605E-03  0.460691084636089E-05  0.376610121264331E-04
 0.250000E+02  0.212360045790677E-03  0.417677412797857E-05  0.437241643327368E-04
 0.260000E+02  0.174621546927847E-03  0.318280249123060E-05  0.268756257710417E-04
 0.270000E+02  0.136330152653377E-03  0.214135903506274E-05  0.191994556086872E-04
 0.280000E+02  0.117059426473408E-03  0.234922279043759E-05  0.190201482049568E-04
 0.290000E+02  0.110856282803403E-03  0.204565983288191E-05  0.126933233096649E-04
 0.300000E+02  0.917781410113412E-04  0.191810639336987E-05  0.117783373946440E-04
 0.310000E+02  0.847081118885000E-04  0.166194509469697E-05  0.890702973065094E-05
 0.320000E+02  0.655147481347427E-04  0.114088116132810E-05  0.698270478982632E-05
 0.330000E+02  0.594496145013594E-04  0.112216556071021E-05  0.655329892387813E-05
 0.340000E+02  0.535999228193316E-04  0.915297395188974E-06  0.516825044271502E-05
 0.350000E+02  0.393949327200721E-04  0.780940991146686E-06  0.389638466915740E-05
 0.360000E+02  0.384684806086280E-04  0.694817546484372E-06  0.292711605895911E-05
 0.370000E+02  0.306105868893569E-04  0.506421289892672E-06  0.231248894964897E-05
 0.380000E+02  0.300579261099428E-04  0.492505116651137E-06  0.217977319427048E-05
 0.390000E+02  0.244056882048588E-04  0.399240803541923E-06  0.151171233422746E-05
 0.400000E+02  0.189776001473797E-04  0.316484865513830E-06  0.107903951172827E-05
 0.410000E+02  0.193861788637497E-04  0.313722233194523E-06  0.101850508673739E-05
 0.420000E+02  0.154221323566154E-04  0.241032350733854E-06  0.754494910434195E-06
 0.430000E+02  0.139079456680471E-04  0.202653495694660E-06  0.583674467298165E-06
 0.440000E+02  0.114675549884372E-04  0.173938156817436E-06  0.464090819447815E-06
 0.450000E+02  0.103371985767699E-04  0.139742935667325E-06  0.399872226788077E-06
 0.460000E+02  0.920211998997759E-05  0.121161275499216E-06  0.391505250767199E-06
 0.470000E+02  0.746841258397081E-05  0.994674385647841E-07  0.262780465279215E-06
 0.480000E+02  0.734106353933074E-05  0.846935646033400E-07  0.299883582171451E-06
 0.490000E+02  0.624290579739686E-05  0.656065664478333E-07  0.229541618339615E-06
 0.500000E+02  0.519099811772954E-05  0.682125245144664E-07  0.191581099495859E-06
 0.510000E+02  0.462248715065841E-05  0.527703135537808E-07  0.146669829397157E-06
 0.520000E+02  0.392169878477715E-05  0.550760858499400E-07  0.134875622558560E-06
 0.530000E+02  0.347872216815468E-05  0.465915190338067E-07  0.127506838277071E-06
 0.540000E+02  0.297475255186974E-05  0.363133676203973E-07  0.114430823984187E-06
 0.550000E+02  0.302270894736379E-05  0.382275840344243E-07  0.127041014908423E-06
 0.560000E+02  0.242342023002840E-05  0.335877366636770E-07  0.115433561571161E-06
 0.570000E+02  0.222479083804302E-05  0.246656040823470E-07  0.970673768009524E-07
 0.580000E+02  0.183372751155262E-05  0.272853491226282E-07  0.870625261247817E-07
 0.590000E+02  0.157910534111103E-05  0.210528549752034E-07  0.850303502886174E-07
 0.600000E+02  0.141770874994645E-05  0.208164330825422E-07  0.899885780777346E-07
 0.610000E+02  0.112862789410738E-05  0.231473083239214E-07  0.919776128394459E-07
 0.620000E+02  0.852509453943368E-06  0.250312765317801E-07  0.108190833596070E-06
 0.630000E+02  0.511019826584678E-06  0.375642747754376E-07  0.121621690314525E-06
 0.640000E+02  0.140843207571944E-08  0.237402718902650E-09  0.117102935681679E-08
 0.650000E+02  0.000000000000000E+00  0.000000000000000E+00  0.000000000000000E+00
 0.660000E+02  0.000000000000000E+00  0.000000000000000E+00  0.000000000000000E+00
 0.670000E+02  0.000000000000000E+00  0.000000000000000E+00  0.000000000000000E+00
 0.680000E+02  0.000000000000000E+00  0.000000000000000E+00  0.000000000000000E+00
 0.690000E+02  0.000000000000000E+00  0.000000000000000E+00  0.000000000000000E+00
 0.700000E+02  0.000000000000000E+00  0.000000000000000E+00  0.000000000000000E+00
 0.710000E+02  0.000000000000000E+00  0.000000000000000E+00  0.000000000000000E+00
 0.720000E+02  0.000000000000000E+00  0.000000000000000E+00  0.000000000000000E+00
 0.730000E+02  0.000000000000000E+00  0.000000000000000E+00  0.000000000000000E+00
 0.740000E+02  0.000000000000000E+00  0.000000000000000E+00  0.000000000000000E+00
 0.750000E+02  0.000000000000000E+00  0.000000000000000E+00  0.000000000000000E+00
 0.760000E+02  0.000000000000000E+00  0.000000000000000E+00  0.000000000000000E+00
 0.770000E+02  0.000000000000000E+00  0.000000000000000E+00  0.000000000000000E+00
 0.780000E+02  0.000000000000000E+00  0.000000000000000E+00  0.000000000000000E+00
 0.790000E+02  0.000000000000000E+00  0.000000000000000E+00  0.000000000000000E+00
 0.800000E+02  0.000000000000000E+00  0.000000000000000E+00  0.000000000000000E+00
 0.810000E+02  0.000000000000000E+00  0.000000000000000E+00  0.000000000000000E+00
 0.820000E+02  0.000000000000000E+00  0.000000000000000E+00  0.000000000000000E+00
 0.830000E+02  0.000000000000000E+00  0.000000000000000E+00  0.000000000000000E+00
 0.840000E+02  0.000000000000000E+00  0.000000000000000E+00  0.000000000000000E+00
 0.850000E+02  0.000000000000000E+00  0.000000000000000E+00  0.000000000000000E+00
 0.860000E+02  0.000000000000000E+00  0.000000000000000E+00  0.000000000000000E+00
 0.870000E+02  0.000000000000000E+00  0.000000000000000E+00  0.000000000000000E+00
 0.880000E+02  0.000000000000000E+00  0.000000000000000E+00  0.000000000000000E+00
 0.890000E+02  0.000000000000000E+00  0.000000000000000E+00  0.000000000000000E+00
 0.900000E+02  0.000000000000000E+00  0.000000000000000E+00  0.000000000000000E+00
 0.910000E+02  0.000000000000000E+00  0.000000000000000E+00  0.000000000000000E+00
 0.920000E+02  0.000000000000000E+00  0.000000000000000E+00  0.000000000000000E+00
 0.930000E+02  0.000000000000000E+00  0.000000000000000E+00  0.000000000000000E+00
 0.940000E+02  0.000000000000000E+00  0.000000000000000E+00  0.000000000000000E+00
 0.950000E+02  0.000000000000000E+00  0.000000000000000E+00  0.000000000000000E+00
 0.960000E+02  0.000000000000000E+00  0.000000000000000E+00  0.000000000000000E+00
