 0.000000E+00  0.376998518955302E-03  0.000000000000000E+00  0.000000000000000E+00
 0.100000E+01  0.352406669704809E-01  0.263236300088466E-01  0.891673583328156E-02
 0.200000E+01  0.328453842145612E-08  0.216631687869953E-16  0.325793531425602E-08
 0.300000E+01  0.308760761239286E-12  0.190187772061018E-19  0.308060963150508E-12
 0.400000E+01  0.197754802555158E-16  0.260516250369918E-21  0.197628832512094E-16
 0.500000E+01  0.703736569620788E-20  0.165637559910103E-20  0.518587352756217E-20
 0.600000E+01  0.829887284615933E-22  0.155325701514797E-23  0.114554151949594E-23
 0.700000E+01  0.229669503555103E-20  0.105038525495380E-20  0.111534968496710E-20
 0.800000E+01  0.423118404534782E-22  0.603121867019209E-24  0.230971711847151E-23
 0.900000E+01  0.110560156364744E-20  0.337821093714818E-21  0.642020113145330E-21
 0.100000E+02  0.694169445615151E-22  0.215203440473042E-23  0.244803693851069E-23
 0.110000E+02  0.401327478643627E-20  0.165548255963531E-20  0.218205337236690E-20
 0.120000E+02  0.828021491777889E-22  0.216627392965287E-22  0.249592800895147E-23
 0.130000E+02  0.213136132677764E-20  0.745100622576366E-21  0.121376786957928E-20
 0.140000E+02  0.618747804548206E-22  0.473077753611918E-24  0.192876673986548E-23
 0.150000E+02  0.454553393264828E-21  0.159114164528487E-21  0.215734055333877E-21
 0.160000E+02  0.314987991477950E-22  0.432964178113146E-24  0.156930983855800E-23
 0.170000E+02  0.186047788403820E-20  0.698300682226065E-21  0.107438658553343E-20
 0.180000E+02  0.598656512145046E-22  0.151984696060592E-23  0.138005262317152E-23
 0.190000E+02  0.273069726921695E-21  0.659647607148834E-22  0.801664333328927E-22
 0.200000E+02  0.349006251066730E-22  0.153020706588934E-23  0.298469585877347E-24
 0.210000E+02  0.166464540414448E-21  0.160871873980477E-22  0.197195794063228E-22
 0.220000E+02  0.478644283965889E-22  0.113240919107723E-23  0.584979807167573E-24
 0.230000E+02  0.148585805269276E-20  0.518992935637768E-21  0.818173049110958E-21
 0.240000E+02  0.590459419330923E-22  0.177336120122648E-23  0.104437675166197E-23
 0.250000E+02  0.300262034246807E-20  0.104121958631349E-20  0.182350713610158E-20
 0.260000E+02  0.423891912371378E-22  0.775398843855510E-24  0.749239981663123E-24
 0.270000E+02  0.100493935303349E-21  0.111482973710748E-22  0.101385988584419E-22
 0.280000E+02  0.276345037000400E-22  0.602394906403676E-24  0.414606947040766E-24
 0.290000E+02  0.106021203891989E-21  0.227311019735467E-22  0.335504506926231E-22
 0.300000E+02  0.436119340185020E-22  0.563726386365736E-24  0.980461134135548E-24
 0.310000E+02  0.148970696930192E-20  0.642292049826528E-21  0.784042046426084E-21
 0.320000E+02  0.286830501994806E-22  0.448064234506517E-24  0.989238183384432E-24
 0.330000E+02  0.143455900606332E-21  0.363393479133252E-22  0.531375879915736E-22
 0.340000E+02  0.334393312961094E-22  0.774704811585331E-24  0.744269903782617E-24
 0.350000E+02  0.153002709055877E-20  0.606610330920102E-21  0.845675452888595E-21
 0.360000E+02  0.377127381349807E-22  0.139378839728243E-23  0.718095633060569E-24
 0.370000E+02  0.112929598714599E-20  0.433372436216978E-21  0.628806360739628E-21
 0.380000E+02  0.283114602445293E-22  0.896004982276920E-24  0.865122828434863E-24
 0.390000E+02  0.110775915268114E-21  0.330154080208262E-22  0.422632745398910E-22
 0.400000E+02  0.209585931329164E-22  0.428598710770804E-24  0.583485348881693E-24
 0.410000E+02  0.185697257220997E-21  0.612919973355692E-22  0.863241300088777E-22
 0.420000E+02  0.288256681595037E-22  0.602020044630090E-24  0.413810138946625E-24
 0.430000E+02  0.536106069021099E-22  0.968036533662814E-23  0.123717503883600E-22
 0.440000E+02  0.189367386503030E-22  0.623015477189814E-24  0.414103182513350E-24
 0.450000E+02  0.276247141317552E-22  0.138556756364467E-23  0.148083021396671E-23
 0.460000E+02  0.221622635410506E-22  0.787775729398223E-24  0.287103377121280E-24
 0.470000E+02  0.115462667556695E-20  0.477965389242628E-21  0.601459385400317E-21
 0.480000E+02  0.435743473701047E-22  0.154914383413814E-23  0.406097976740813E-24
 0.490000E+02  0.107776368355715E-20  0.397669431573502E-21  0.605034347433162E-21
 0.500000E+02  0.193561193034767E-22  0.763039169984588E-24  0.501080007813065E-24
 0.510000E+02  0.236807197727974E-22  0.100500734245306E-23  0.129481174520680E-23
 0.520000E+02  0.157913648474601E-22  0.746082115894375E-24  0.297569670519490E-24
 0.530000E+02  0.290015991597827E-22  0.432399100854480E-23  0.684389725910499E-23
 0.540000E+02  0.177594235371295E-22  0.704117240769953E-24  0.434206077421041E-24
 0.550000E+02  0.227218568760881E-21  0.917335470606699E-22  0.114763010614099E-21
 0.560000E+02  0.120597599288531E-22  0.543173652835723E-24  0.636394933442162E-24
 0.570000E+02  0.184253792248303E-21  0.706816708850575E-22  0.982864750173838E-22
 0.580000E+02  0.109110135681369E-22  0.470250077295726E-24  0.355095350573985E-24
 0.590000E+02  0.227028925955227E-21  0.848900814545886E-22  0.123574740155830E-21
 0.600000E+02  0.119339006375345E-22  0.804180389786168E-24  0.325344977124584E-24
 0.610000E+02  0.375387037483979E-21  0.145320441416369E-21  0.212203831828741E-21
 0.620000E+02  0.613859411761622E-23  0.457461693803651E-24  0.552350838545912E-24
 0.630000E+02  0.676593776231883E-22  0.277615740240541E-22  0.346605802670084E-22
 0.640000E+02  0.107316929174190E-25  0.104736606903762E-25  0.258032227042785E-27
 0.650000E+02  0.000000000000000E+00  0.000000000000000E+00  0.000000000000000E+00
 0.660000E+02  0.000000000000000E+00  0.000000000000000E+00  0.000000000000000E+00
 0.670000E+02  0.000000000000000E+00  0.000000000000000E+00  0.000000000000000E+00
 0.680000E+02  0.000000000000000E+00  0.000000000000000E+00  0.000000000000000E+00
 0.690000E+02  0.000000000000000E+00  0.000000000000000E+00  0.000000000000000E+00
 0.700000E+02  0.000000000000000E+00  0.000000000000000E+00  0.000000000000000E+00
 0.710000E+02  0.000000000000000E+00  0.000000000000000E+00  0.000000000000000E+00
 0.720000E+02  0.000000000000000E+00  0.000000000000000E+00  0.000000000000000E+00
 0.730000E+02  0.000000000000000E+00  0.000000000000000E+00  0.000000000000000E+00
 0.740000E+02  0.000000000000000E+00  0.000000000000000E+00  0.000000000000000E+00
 0.750000E+02  0.000000000000000E+00  0.000000000000000E+00  0.000000000000000E+00
 0.760000E+02  0.000000000000000E+00  0.000000000000000E+00  0.000000000000000E+00
 0.770000E+02  0.000000000000000E+00  0.000000000000000E+00  0.000000000000000E+00
 0.780000E+02  0.000000000000000E+00  0.000000000000000E+00  0.000000000000000E+00
 0.790000E+02  0.000000000000000E+00  0.000000000000000E+00  0.000000000000000E+00
 0.800000E+02  0.000000000000000E+00  0.000000000000000E+00  0.000000000000000E+00
 0.810000E+02  0.000000000000000E+00  0.000000000000000E+00  0.000000000000000E+00
 0.820000E+02  0.000000000000000E+00  0.000000000000000E+00  0.000000000000000E+00
 0.830000E+02  0.000000000000000E+00  0.000000000000000E+00  0.000000000000000E+00
 0.840000E+02  0.000000000000000E+00  0.000000000000000E+00  0.000000000000000E+00
 0.850000E+02  0.000000000000000E+00  0.000000000000000E+00  0.000000000000000E+00
 0.860000E+02  0.000000000000000E+00  0.000000000000000E+00  0.000000000000000E+00
 0.870000E+02  0.000000000000000E+00  0.000000000000000E+00  0.000000000000000E+00
 0.880000E+02  0.000000000000000E+00  0.000000000000000E+00  0.000000000000000E+00
 0.890000E+02  0.000000000000000E+00  0.000000000000000E+00  0.000000000000000E+00
 0.900000E+02  0.000000000000000E+00  0.000000000000000E+00  0.000000000000000E+00
 0.910000E+02  0.000000000000000E+00  0.000000000000000E+00  0.000000000000000E+00
 0.920000E+02  0.000000000000000E+00  0.000000000000000E+00  0.000000000000000E+00
 0.930000E+02  0.000000000000000E+00  0.000000000000000E+00  0.000000000000000E+00
 0.940000E+02  0.000000000000000E+00  0.000000000000000E+00  0.000000000000000E+00
 0.950000E+02  0.000000000000000E+00  0.000000000000000E+00  0.000000000000000E+00
 0.960000E+02  0.000000000000000E+00  0.000000000000000E+00  0.000000000000000E+00
