 0.100000E+01  0.924250670869887E+00
 0.200000E+01  0.670263733422151E-01
 0.300000E+01  0.207926077152021E-01
 0.400000E+01  0.162358151338125E-01
 0.500000E+01  0.114174918788564E-01
 0.600000E+01  0.119036424774819E-01
 0.700000E+01  0.812209608047907E-02
 0.800000E+01  0.648464584735907E-02
 0.900000E+01  0.736127044687781E-02
 0.100000E+02  0.481148513747996E-02
 0.110000E+02  0.440314394080710E-02
 0.120000E+02  0.286697333887890E-02
 0.130000E+02  0.262566280970137E-02
 0.140000E+02  0.206392309800081E-02
 0.150000E+02  0.143215896116332E-02
 0.160000E+02  0.142800025756530E-02
 0.170000E+02  0.115379438486663E-02
 0.180000E+02  0.927252946380546E-03
 0.190000E+02  0.772549424673915E-03
 0.200000E+02  0.602747768737091E-03
 0.210000E+02  0.576166423846586E-03
 0.220000E+02  0.426533512593590E-03
 0.230000E+02  0.332276298484246E-03
 0.240000E+02  0.286602857030860E-03
 0.250000E+02  0.239036406360116E-03
 0.260000E+02  0.237211650673288E-03
 0.270000E+02  0.180980546061668E-03
 0.280000E+02  0.161734800683721E-03
 0.290000E+02  0.130220774933195E-03
 0.300000E+02  0.115852959799097E-03
 0.310000E+02  0.993472141584243E-04
 0.320000E+02  0.817377332224487E-04
 0.330000E+02  0.755010086266049E-04
 0.340000E+02  0.660648413941472E-04
 0.350000E+02  0.529515490962422E-04
 0.360000E+02  0.487354150715679E-04
 0.370000E+02  0.394375139409606E-04
 0.380000E+02  0.321304485340245E-04
 0.390000E+02  0.282549022248313E-04
 0.400000E+02  0.222729882268058E-04
 0.410000E+02  0.206165228966037E-04
 0.420000E+02  0.171476270583625E-04
 0.430000E+02  0.149233384326028E-04
 0.440000E+02  0.127487823368118E-04
 0.450000E+02  0.111684276431650E-04
 0.460000E+02  0.972365742824537E-05
 0.470000E+02  0.862136067210625E-05
 0.480000E+02  0.751757923194276E-05
 0.490000E+02  0.639029850324584E-05
 0.500000E+02  0.588263399278334E-05
 0.510000E+02  0.488104894559825E-05
 0.520000E+02  0.450074015648525E-05
 0.530000E+02  0.394275799423994E-05
 0.540000E+02  0.326875432590504E-05
 0.550000E+02  0.304109587530182E-05
 0.560000E+02  0.265158534134847E-05
 0.570000E+02  0.232990405338109E-05
 0.580000E+02  0.201092700091382E-05
 0.590000E+02  0.180396754721394E-05
 0.600000E+02  0.147923843822511E-05
 0.610000E+02  0.113937448342416E-05
 0.620000E+02  0.968429276739582E-06
 0.630000E+02  0.546283627329193E-06
 0.640000E+02  0.202478422145105E-06
 0.650000E+02  0.000000000000000E+00
 0.660000E+02  0.000000000000000E+00
 0.670000E+02  0.000000000000000E+00
 0.680000E+02  0.000000000000000E+00
 0.690000E+02  0.000000000000000E+00
 0.700000E+02  0.000000000000000E+00
 0.710000E+02  0.000000000000000E+00
 0.720000E+02  0.000000000000000E+00
 0.730000E+02  0.000000000000000E+00
 0.740000E+02  0.000000000000000E+00
 0.750000E+02  0.000000000000000E+00
 0.760000E+02  0.000000000000000E+00
 0.770000E+02  0.000000000000000E+00
 0.780000E+02  0.000000000000000E+00
 0.790000E+02  0.000000000000000E+00
 0.800000E+02  0.000000000000000E+00
 0.810000E+02  0.000000000000000E+00
 0.820000E+02  0.000000000000000E+00
 0.830000E+02  0.000000000000000E+00
 0.840000E+02  0.000000000000000E+00
 0.850000E+02  0.000000000000000E+00
 0.860000E+02  0.000000000000000E+00
 0.870000E+02  0.000000000000000E+00
 0.880000E+02  0.000000000000000E+00
 0.890000E+02  0.000000000000000E+00
 0.900000E+02  0.000000000000000E+00
 0.910000E+02  0.000000000000000E+00
 0.920000E+02  0.000000000000000E+00
 0.930000E+02  0.000000000000000E+00
 0.940000E+02  0.000000000000000E+00
 0.950000E+02  0.000000000000000E+00
 0.960000E+02  0.000000000000000E+00
 0.970000E+02  0.000000000000000E+00
