 0.100000E+01  0.113459303425486E+01
 0.200000E+01  0.738844447415193E-01
 0.300000E+01  0.317232608866033E-01
 0.400000E+01  0.368187003074550E-01
 0.500000E+01  0.178616764426557E-01
 0.600000E+01  0.127891848544875E-01
 0.700000E+01  0.758155333474850E-02
 0.800000E+01  0.831861198761182E-02
 0.900000E+01  0.835023638340083E-02
 0.100000E+02  0.522463327725837E-02
 0.110000E+02  0.406051644664369E-02
 0.120000E+02  0.278670748199307E-02
 0.130000E+02  0.314803900976504E-02
 0.140000E+02  0.233777181147410E-02
 0.150000E+02  0.158868014997203E-02
 0.160000E+02  0.143658093315929E-02
 0.170000E+02  0.111484496275213E-02
 0.180000E+02  0.790981094986728E-03
 0.190000E+02  0.667344352313934E-03
 0.200000E+02  0.485947570684597E-03
 0.210000E+02  0.456453238602898E-03
 0.220000E+02  0.332192969642386E-03
 0.230000E+02  0.262089794368614E-03
 0.240000E+02  0.234946979852243E-03
 0.250000E+02  0.193989060511079E-03
 0.260000E+02  0.192242864150224E-03
 0.270000E+02  0.146295622456061E-03
 0.280000E+02  0.121717388188209E-03
 0.290000E+02  0.102998678847419E-03
 0.300000E+02  0.831044072703813E-04
 0.310000E+02  0.779717237337940E-04
 0.320000E+02  0.633069391144048E-04
 0.330000E+02  0.545144697291224E-04
 0.340000E+02  0.505081474327737E-04
 0.350000E+02  0.398020782572898E-04
 0.360000E+02  0.375014429085510E-04
 0.370000E+02  0.300394528143461E-04
 0.380000E+02  0.291874949139063E-04
 0.390000E+02  0.239461323469826E-04
 0.400000E+02  0.195677414476001E-04
 0.410000E+02  0.170955357249146E-04
 0.420000E+02  0.143715969491481E-04
 0.430000E+02  0.136395777474030E-04
 0.440000E+02  0.109186518302538E-04
 0.450000E+02  0.962361365391640E-05
 0.460000E+02  0.828776264311669E-05
 0.470000E+02  0.741432659158240E-05
 0.480000E+02  0.610775138513164E-05
 0.490000E+02  0.510828991450144E-05
 0.500000E+02  0.470212357714938E-05
 0.510000E+02  0.397621774046549E-05
 0.520000E+02  0.342284827810651E-05
 0.530000E+02  0.316212603588342E-05
 0.540000E+02  0.242577761697634E-05
 0.550000E+02  0.241578453205070E-05
 0.560000E+02  0.207290747054068E-05
 0.570000E+02  0.182777663904858E-05
 0.580000E+02  0.162479593788038E-05
 0.590000E+02  0.148730758357911E-05
 0.600000E+02  0.127407896983567E-05
 0.610000E+02  0.110266342281243E-05
 0.620000E+02  0.912768411040286E-06
 0.630000E+02  0.726779611350359E-06
 0.640000E+02  0.241809522760051E-06
 0.650000E+02  0.000000000000000E+00
 0.660000E+02  0.000000000000000E+00
 0.670000E+02  0.000000000000000E+00
 0.680000E+02  0.000000000000000E+00
 0.690000E+02  0.000000000000000E+00
 0.700000E+02  0.000000000000000E+00
 0.710000E+02  0.000000000000000E+00
 0.720000E+02  0.000000000000000E+00
 0.730000E+02  0.000000000000000E+00
 0.740000E+02  0.000000000000000E+00
 0.750000E+02  0.000000000000000E+00
 0.760000E+02  0.000000000000000E+00
 0.770000E+02  0.000000000000000E+00
 0.780000E+02  0.000000000000000E+00
 0.790000E+02  0.000000000000000E+00
 0.800000E+02  0.000000000000000E+00
 0.810000E+02  0.000000000000000E+00
 0.820000E+02  0.000000000000000E+00
 0.830000E+02  0.000000000000000E+00
 0.840000E+02  0.000000000000000E+00
 0.850000E+02  0.000000000000000E+00
 0.860000E+02  0.000000000000000E+00
 0.870000E+02  0.000000000000000E+00
 0.880000E+02  0.000000000000000E+00
 0.890000E+02  0.000000000000000E+00
 0.900000E+02  0.000000000000000E+00
 0.910000E+02  0.000000000000000E+00
 0.920000E+02  0.000000000000000E+00
 0.930000E+02  0.000000000000000E+00
 0.940000E+02  0.000000000000000E+00
 0.950000E+02  0.000000000000000E+00
 0.960000E+02  0.000000000000000E+00
 0.970000E+02  0.000000000000000E+00
