 0.000000E+00  0.774003915172403E-03  0.000000000000000E+00  0.000000000000000E+00
 0.100000E+01  0.615322082047709E+00  0.448985583439935E+00  0.166240040212870E+00
 0.200000E+01  0.599497761089839E-01  0.193683283214341E-02  0.571346981450915E-01
 0.300000E+01  0.207457164636667E-01  0.874470802955329E-03  0.179271391716611E-01
 0.400000E+01  0.176177816741531E-01  0.851995441280451E-03  0.142848621908342E-01
 0.500000E+01  0.316634135371274E-01  0.984325740887471E-03  0.259406088381411E-01
 0.600000E+01  0.116095876357985E-01  0.348376931924577E-03  0.682293105614917E-02
 0.700000E+01  0.135943119169542E-01  0.284117324611088E-03  0.773969263696017E-02
 0.800000E+01  0.848196037994232E-02  0.197962679663988E-03  0.378191953939222E-02
 0.900000E+01  0.532879334488411E-02  0.197709315528982E-03  0.245485612055063E-02
 0.100000E+02  0.524235970794458E-02  0.184445978405279E-03  0.287174313666227E-02
 0.110000E+02  0.290183862875777E-02  0.127982802261783E-03  0.129768946258935E-02
 0.120000E+02  0.296396838188156E-02  0.133216543649617E-03  0.989786925021718E-03
 0.130000E+02  0.250161679730656E-02  0.776330780671297E-04  0.866292624834841E-03
 0.140000E+02  0.141281617155583E-02  0.398445397920000E-04  0.338302973036164E-03
 0.150000E+02  0.135521637092797E-02  0.366514840623999E-04  0.507183196159389E-03
 0.160000E+02  0.100678084323905E-02  0.253279454032196E-04  0.307150501285491E-03
 0.170000E+02  0.871190415797239E-03  0.257132121515014E-04  0.247411163243783E-03
 0.180000E+02  0.660098847362953E-03  0.172146330716938E-04  0.200701677800730E-03
 0.190000E+02  0.495705788870828E-03  0.147161621457670E-04  0.123207001597514E-03
 0.200000E+02  0.425233900823837E-03  0.106847546132993E-04  0.125990470868587E-03
 0.210000E+02  0.363367073831370E-03  0.903353459669187E-05  0.865411442321218E-04
 0.220000E+02  0.280540155763182E-03  0.965981783994374E-05  0.648843326254145E-04
 0.230000E+02  0.226988987478547E-03  0.619399709700375E-05  0.527205954551496E-04
 0.240000E+02  0.207689291098201E-03  0.551517731928186E-05  0.431030977785796E-04
 0.250000E+02  0.196681722519871E-03  0.402712487901358E-05  0.469243211076442E-04
 0.260000E+02  0.151048947852258E-03  0.401694399441987E-05  0.286618751562107E-04
 0.270000E+02  0.111191453553578E-03  0.251026602088311E-05  0.244633613292189E-04
 0.280000E+02  0.975003856993563E-04  0.173668145825572E-05  0.211825190923332E-04
 0.290000E+02  0.883166964742353E-04  0.151508252462125E-05  0.144976880620228E-04
 0.300000E+02  0.791393831797805E-04  0.109080123485844E-05  0.181952999942503E-04
 0.310000E+02  0.639064706803045E-04  0.123845942602042E-05  0.955728185536575E-05
 0.320000E+02  0.510714263388573E-04  0.110240767381593E-05  0.767357513638267E-05
 0.330000E+02  0.439749731161582E-04  0.798057928748375E-06  0.616723896409987E-05
 0.340000E+02  0.400982520211126E-04  0.738213908908075E-06  0.469052899360056E-05
 0.350000E+02  0.298707385890468E-04  0.548454383960927E-06  0.366250683681013E-05
 0.360000E+02  0.287340341668174E-04  0.352055866720822E-06  0.304016892581360E-05
 0.370000E+02  0.223614847755944E-04  0.351881083555071E-06  0.206925339268915E-05
 0.380000E+02  0.221610531629668E-04  0.343367864258891E-06  0.188554938094707E-05
 0.390000E+02  0.177305505816997E-04  0.254027511528525E-06  0.126355442695708E-05
 0.400000E+02  0.141291668960524E-04  0.184543720405800E-06  0.836153247748411E-06
 0.410000E+02  0.145963934776688E-04  0.172046306645040E-06  0.955013799645854E-06
 0.420000E+02  0.112909895496966E-04  0.119044155796346E-06  0.654503840026230E-06
 0.430000E+02  0.110921085257792E-04  0.126062771994666E-06  0.586517916147805E-06
 0.440000E+02  0.866345029683466E-05  0.875734785651602E-07  0.462802656512121E-06
 0.450000E+02  0.761280724255801E-05  0.863094057163786E-07  0.368771401733445E-06
 0.460000E+02  0.675736611049779E-05  0.727034434731713E-07  0.319427975236340E-06
 0.470000E+02  0.541601328856165E-05  0.651559740927116E-07  0.293081236018514E-06
 0.480000E+02  0.529992779340794E-05  0.601868957704216E-07  0.276282891269663E-06
 0.490000E+02  0.441883318607993E-05  0.475286874001548E-07  0.228863682300712E-06
 0.500000E+02  0.399834247681596E-05  0.410592795855620E-07  0.198671939250633E-06
 0.510000E+02  0.364723229104208E-05  0.384062365410987E-07  0.149162192940354E-06
 0.520000E+02  0.312342089309052E-05  0.299968256442951E-07  0.116791749692511E-06
 0.530000E+02  0.281024652689060E-05  0.283763743647532E-07  0.108507116434850E-06
 0.540000E+02  0.248889590846502E-05  0.241206371303293E-07  0.107482591998106E-06
 0.550000E+02  0.243490861995556E-05  0.259436882712582E-07  0.999286589537050E-07
 0.560000E+02  0.182960967198952E-05  0.197191824361800E-07  0.841603557989192E-07
 0.570000E+02  0.166046528084422E-05  0.207014005323438E-07  0.822305189535251E-07
 0.580000E+02  0.145625292806033E-05  0.209705986408369E-07  0.911292573268704E-07
 0.590000E+02  0.123212688640021E-05  0.196047014807842E-07  0.828703845087058E-07
 0.600000E+02  0.110558419131608E-05  0.230199129759817E-07  0.694027907427648E-07
 0.610000E+02  0.866147625150903E-06  0.191989851531171E-07  0.652503177581869E-07
 0.620000E+02  0.665884431909908E-06  0.188143869138681E-07  0.699096756094728E-07
 0.630000E+02  0.373126196479844E-06  0.190288575998070E-07  0.793253477269135E-07
 0.640000E+02  0.185077763770018E-09  0.161467367959262E-09  0.236103958107560E-10
 0.650000E+02  0.000000000000000E+00  0.000000000000000E+00  0.000000000000000E+00
 0.660000E+02  0.000000000000000E+00  0.000000000000000E+00  0.000000000000000E+00
 0.670000E+02  0.000000000000000E+00  0.000000000000000E+00  0.000000000000000E+00
 0.680000E+02  0.000000000000000E+00  0.000000000000000E+00  0.000000000000000E+00
 0.690000E+02  0.000000000000000E+00  0.000000000000000E+00  0.000000000000000E+00
 0.700000E+02  0.000000000000000E+00  0.000000000000000E+00  0.000000000000000E+00
 0.710000E+02  0.000000000000000E+00  0.000000000000000E+00  0.000000000000000E+00
 0.720000E+02  0.000000000000000E+00  0.000000000000000E+00  0.000000000000000E+00
 0.730000E+02  0.000000000000000E+00  0.000000000000000E+00  0.000000000000000E+00
 0.740000E+02  0.000000000000000E+00  0.000000000000000E+00  0.000000000000000E+00
 0.750000E+02  0.000000000000000E+00  0.000000000000000E+00  0.000000000000000E+00
 0.760000E+02  0.000000000000000E+00  0.000000000000000E+00  0.000000000000000E+00
 0.770000E+02  0.000000000000000E+00  0.000000000000000E+00  0.000000000000000E+00
 0.780000E+02  0.000000000000000E+00  0.000000000000000E+00  0.000000000000000E+00
 0.790000E+02  0.000000000000000E+00  0.000000000000000E+00  0.000000000000000E+00
 0.800000E+02  0.000000000000000E+00  0.000000000000000E+00  0.000000000000000E+00
 0.810000E+02  0.000000000000000E+00  0.000000000000000E+00  0.000000000000000E+00
 0.820000E+02  0.000000000000000E+00  0.000000000000000E+00  0.000000000000000E+00
 0.830000E+02  0.000000000000000E+00  0.000000000000000E+00  0.000000000000000E+00
 0.840000E+02  0.000000000000000E+00  0.000000000000000E+00  0.000000000000000E+00
 0.850000E+02  0.000000000000000E+00  0.000000000000000E+00  0.000000000000000E+00
 0.860000E+02  0.000000000000000E+00  0.000000000000000E+00  0.000000000000000E+00
 0.870000E+02  0.000000000000000E+00  0.000000000000000E+00  0.000000000000000E+00
 0.880000E+02  0.000000000000000E+00  0.000000000000000E+00  0.000000000000000E+00
 0.890000E+02  0.000000000000000E+00  0.000000000000000E+00  0.000000000000000E+00
 0.900000E+02  0.000000000000000E+00  0.000000000000000E+00  0.000000000000000E+00
 0.910000E+02  0.000000000000000E+00  0.000000000000000E+00  0.000000000000000E+00
 0.920000E+02  0.000000000000000E+00  0.000000000000000E+00  0.000000000000000E+00
 0.930000E+02  0.000000000000000E+00  0.000000000000000E+00  0.000000000000000E+00
 0.940000E+02  0.000000000000000E+00  0.000000000000000E+00  0.000000000000000E+00
 0.950000E+02  0.000000000000000E+00  0.000000000000000E+00  0.000000000000000E+00
 0.960000E+02  0.000000000000000E+00  0.000000000000000E+00  0.000000000000000E+00
