 0.100000E+01  0.194520755092297E+00
 0.200000E+01  0.183656228375697E-01
 0.300000E+01  0.617959459261862E-02
 0.400000E+01  0.215795836098602E-02
 0.500000E+01  0.168185500028956E-03
 0.600000E+01  0.688793660953096E-04
 0.700000E+01  0.654814572441545E-05
 0.800000E+01  0.211940764304210E-05
 0.900000E+01  0.511426694407444E-06
 0.100000E+02  0.658149476646595E-07
 0.110000E+02  0.289708682447838E-07
 0.120000E+02  0.300575081362188E-08
 0.130000E+02  0.109171881548546E-08
 0.140000E+02  0.211979426121554E-09
 0.150000E+02  0.372646226308874E-10
 0.160000E+02  0.176663375674287E-10
 0.170000E+02  0.202958275212908E-11
 0.180000E+02  0.854541571455757E-12
 0.190000E+02  0.176457098945402E-12
 0.200000E+02  0.432241493844726E-13
 0.210000E+02  0.258642053448368E-13
 0.220000E+02  0.405676514432397E-14
 0.230000E+02  0.226291672561467E-14
 0.240000E+02  0.596088719650337E-15
 0.250000E+02  0.194266837604884E-15
 0.260000E+02  0.123873583739847E-15
 0.270000E+02  0.237269066698911E-16
 0.280000E+02  0.154149349403315E-16
 0.290000E+02  0.416931584720154E-17
 0.300000E+02  0.299710109693730E-17
 0.310000E+02  0.134827535885700E-17
 0.320000E+02  0.598113628858968E-18
 0.330000E+02  0.555904268228702E-18
 0.340000E+02  0.746847889323859E-18
 0.350000E+02  0.528159490191325E-18
 0.360000E+02  0.192862704340566E-18
 0.370000E+02  0.241936039042455E-18
 0.380000E+02  0.236081400929622E-18
 0.390000E+02  0.728492130896031E-19
 0.400000E+02  0.627650638119736E-19
 0.410000E+02  0.385116770574917E-19
 0.420000E+02  0.496520983858486E-19
 0.430000E+02  0.807781453865090E-19
 0.440000E+02  0.762941383185748E-19
 0.450000E+02  0.100412768948650E-18
 0.460000E+02  0.144769077577169E-18
 0.470000E+02  0.127765422525970E-18
 0.480000E+02  0.453081527326071E-19
 0.490000E+02  0.145081530396852E-18
 0.500000E+02  0.117053793566375E-18
 0.510000E+02  0.581514910046073E-19
 0.520000E+02  0.323994725605488E-19
 0.530000E+02  0.298582747519980E-19
 0.540000E+02  0.483927192296087E-19
 0.550000E+02  0.204128706387914E-19
 0.560000E+02  0.307946054197673E-19
 0.570000E+02  0.212583855153244E-19
 0.580000E+02  0.843916347588711E-19
 0.590000E+02  0.679426069296156E-19
 0.600000E+02  0.208493494744226E-19
 0.610000E+02  0.860818718241707E-19
 0.620000E+02  0.709905899382349E-19
 0.630000E+02  0.359670824907292E-19
 0.640000E+02  0.115227610129751E-20
 0.650000E+02  0.000000000000000E+00
 0.660000E+02  0.000000000000000E+00
 0.670000E+02  0.000000000000000E+00
 0.680000E+02  0.000000000000000E+00
 0.690000E+02  0.000000000000000E+00
 0.700000E+02  0.000000000000000E+00
 0.710000E+02  0.000000000000000E+00
 0.720000E+02  0.000000000000000E+00
 0.730000E+02  0.000000000000000E+00
 0.740000E+02  0.000000000000000E+00
 0.750000E+02  0.000000000000000E+00
 0.760000E+02  0.000000000000000E+00
 0.770000E+02  0.000000000000000E+00
 0.780000E+02  0.000000000000000E+00
 0.790000E+02  0.000000000000000E+00
 0.800000E+02  0.000000000000000E+00
 0.810000E+02  0.000000000000000E+00
 0.820000E+02  0.000000000000000E+00
 0.830000E+02  0.000000000000000E+00
 0.840000E+02  0.000000000000000E+00
 0.850000E+02  0.000000000000000E+00
 0.860000E+02  0.000000000000000E+00
 0.870000E+02  0.000000000000000E+00
 0.880000E+02  0.000000000000000E+00
 0.890000E+02  0.000000000000000E+00
 0.900000E+02  0.000000000000000E+00
 0.910000E+02  0.000000000000000E+00
 0.920000E+02  0.000000000000000E+00
 0.930000E+02  0.000000000000000E+00
 0.940000E+02  0.000000000000000E+00
 0.950000E+02  0.000000000000000E+00
 0.960000E+02  0.000000000000000E+00
 0.970000E+02  0.000000000000000E+00
