 0.000000E+00  0.391547275156078E-03  0.000000000000000E+00  0.000000000000000E+00
 0.100000E+01  0.505663086568284E+00  0.364236274378113E+00  0.141416585072875E+00
 0.200000E+01  0.568056549176982E-01  0.874866881023229E-08  0.567900856840424E-01
 0.300000E+01  0.129908557844147E-01  0.407507185938225E-08  0.129732807399705E-01
 0.400000E+01  0.994402491420152E-02  0.754351105886064E-08  0.992825243338302E-02
 0.500000E+01  0.101485304605008E-01  0.136587726753956E-07  0.101229403094294E-01
 0.600000E+01  0.448755739485067E-02  0.444068188091510E-08  0.447051398589338E-02
 0.700000E+01  0.461137884879299E-02  0.334884437845281E-08  0.459466645213524E-02
 0.800000E+01  0.269852064725956E-02  0.278765491744902E-08  0.268609070626696E-02
 0.900000E+01  0.146111629790418E-02  0.253522192497115E-08  0.145307050155208E-02
 0.100000E+02  0.153548573873682E-02  0.230006325124170E-08  0.152756323080405E-02
 0.110000E+02  0.920217845495267E-03  0.255038157752325E-08  0.914990728163909E-03
 0.120000E+02  0.912893602341495E-03  0.198549862537529E-08  0.908158011002861E-03
 0.130000E+02  0.649718256824199E-03  0.199359248966359E-08  0.645900476671303E-03
 0.140000E+02  0.414781553935904E-03  0.124104547219949E-08  0.412110035183085E-03
 0.150000E+02  0.496704197711860E-03  0.117664864200362E-08  0.494029642743395E-03
 0.160000E+02  0.275190480412122E-03  0.110711742859207E-08  0.273406425495820E-03
 0.170000E+02  0.314151827938926E-03  0.120209292040511E-08  0.311961745849101E-03
 0.180000E+02  0.198846674491952E-03  0.114698622140124E-08  0.197244601473863E-03
 0.190000E+02  0.128211505569011E-03  0.887803542831686E-09  0.127072822594982E-03
 0.200000E+02  0.154423245411125E-03  0.103571385763901E-08  0.153111953879392E-03
 0.210000E+02  0.893673255262464E-04  0.945723515116848E-09  0.884614689180877E-04
 0.220000E+02  0.865660440765322E-04  0.776554417400497E-09  0.856886920194274E-04
 0.230000E+02  0.635649506086718E-04  0.809597666341739E-09  0.628603846875515E-04
 0.240000E+02  0.417553386280507E-04  0.587105296545487E-09  0.412254681593544E-04
 0.250000E+02  0.509379105021359E-04  0.646636711920470E-09  0.503156642214818E-04
 0.260000E+02  0.272203799233340E-04  0.506886285101806E-09  0.268417983041418E-04
 0.270000E+02  0.272068644155481E-04  0.407258416732100E-09  0.268354742930833E-04
 0.280000E+02  0.205572491502922E-04  0.383211192957573E-09  0.202605993543416E-04
 0.290000E+02  0.139768778921393E-04  0.328385704964836E-09  0.137521159888414E-04
 0.300000E+02  0.162059881376562E-04  0.313657197337481E-09  0.159547470025452E-04
 0.310000E+02  0.865393854975875E-05  0.247678504344321E-09  0.850377285622942E-05
 0.320000E+02  0.869921540580237E-05  0.216534719796404E-09  0.854920604476860E-05
 0.330000E+02  0.657539281595794E-05  0.190049195699965E-09  0.645563955611697E-05
 0.340000E+02  0.468984826162807E-05  0.178541318723857E-09  0.459571043040412E-05
 0.350000E+02  0.481820569248053E-05  0.162676070162139E-09  0.472312989998759E-05
 0.360000E+02  0.268740233296042E-05  0.122016805293935E-09  0.262919512902138E-05
 0.370000E+02  0.263427905823038E-05  0.115637473175900E-09  0.257664380525229E-05
 0.380000E+02  0.200754005765463E-05  0.109381203664062E-09  0.196092239279450E-05
 0.390000E+02  0.134281018241956E-05  0.866075375954776E-10  0.130921125544964E-05
 0.400000E+02  0.135750320865956E-05  0.880466277544422E-10  0.132347473962315E-05
 0.410000E+02  0.761712916327865E-06  0.625666969719088E-10  0.740942191272720E-06
 0.420000E+02  0.719537264197970E-06  0.611501799663692E-10  0.699299234925897E-06
 0.430000E+02  0.532592716528491E-06  0.526369676633844E-10  0.517038744741006E-06
 0.440000E+02  0.350340846131168E-06  0.408330174713390E-10  0.339253953936834E-06
 0.450000E+02  0.338502951934515E-06  0.420136078476338E-10  0.327780374986453E-06
 0.460000E+02  0.190937516868775E-06  0.284433025243026E-10  0.184394571967254E-06
 0.470000E+02  0.171406842406021E-06  0.266890194818889E-10  0.165323983009984E-06
 0.480000E+02  0.125450889748793E-06  0.225309577044154E-10  0.120870700679668E-06
 0.490000E+02  0.806046894990741E-07  0.169032564308918E-10  0.774092186764955E-07
 0.500000E+02  0.744931092576979E-07  0.172083044799332E-10  0.715389374415787E-07
 0.510000E+02  0.420494416779693E-07  0.110430062117945E-10  0.402564073689281E-07
 0.520000E+02  0.359253183692216E-07  0.101091484332700E-10  0.343457801779860E-07
 0.530000E+02  0.260809371245171E-07  0.849825984583679E-11  0.248912770768190E-07
 0.540000E+02  0.164787288027292E-07  0.628755776952359E-11  0.156628696829841E-07
 0.550000E+02  0.147251614097501E-07  0.639841420275465E-11  0.139888164240427E-07
 0.560000E+02  0.775024478561187E-08  0.350205295936193E-11  0.734111754620378E-08
 0.570000E+02  0.713155555014061E-08  0.392020056912531E-11  0.673186310723567E-08
 0.580000E+02  0.497078963293592E-08  0.323104866025661E-11  0.467615064292437E-08
 0.590000E+02  0.283368279229795E-08  0.201935021387882E-11  0.265338869044044E-08
 0.600000E+02  0.288795667030920E-08  0.250091059462092E-11  0.269907402690801E-08
 0.610000E+02  0.126963804155897E-08  0.123716443360503E-11  0.117367390294390E-08
 0.620000E+02  0.159022091168655E-08  0.175822095670880E-11  0.147474588680834E-08
 0.630000E+02  0.169207021006218E-08  0.217160837298992E-11  0.155642693834357E-08
 0.640000E+02  0.127322774818914E-16  0.375821676725611E-19  0.126946953142188E-16
 0.650000E+02  0.000000000000000E+00  0.000000000000000E+00  0.000000000000000E+00
 0.660000E+02  0.000000000000000E+00  0.000000000000000E+00  0.000000000000000E+00
 0.670000E+02  0.000000000000000E+00  0.000000000000000E+00  0.000000000000000E+00
 0.680000E+02  0.000000000000000E+00  0.000000000000000E+00  0.000000000000000E+00
 0.690000E+02  0.000000000000000E+00  0.000000000000000E+00  0.000000000000000E+00
 0.700000E+02  0.000000000000000E+00  0.000000000000000E+00  0.000000000000000E+00
 0.710000E+02  0.000000000000000E+00  0.000000000000000E+00  0.000000000000000E+00
 0.720000E+02  0.000000000000000E+00  0.000000000000000E+00  0.000000000000000E+00
 0.730000E+02  0.000000000000000E+00  0.000000000000000E+00  0.000000000000000E+00
 0.740000E+02  0.000000000000000E+00  0.000000000000000E+00  0.000000000000000E+00
 0.750000E+02  0.000000000000000E+00  0.000000000000000E+00  0.000000000000000E+00
 0.760000E+02  0.000000000000000E+00  0.000000000000000E+00  0.000000000000000E+00
 0.770000E+02  0.000000000000000E+00  0.000000000000000E+00  0.000000000000000E+00
 0.780000E+02  0.000000000000000E+00  0.000000000000000E+00  0.000000000000000E+00
 0.790000E+02  0.000000000000000E+00  0.000000000000000E+00  0.000000000000000E+00
 0.800000E+02  0.000000000000000E+00  0.000000000000000E+00  0.000000000000000E+00
 0.810000E+02  0.000000000000000E+00  0.000000000000000E+00  0.000000000000000E+00
 0.820000E+02  0.000000000000000E+00  0.000000000000000E+00  0.000000000000000E+00
 0.830000E+02  0.000000000000000E+00  0.000000000000000E+00  0.000000000000000E+00
 0.840000E+02  0.000000000000000E+00  0.000000000000000E+00  0.000000000000000E+00
 0.850000E+02  0.000000000000000E+00  0.000000000000000E+00  0.000000000000000E+00
 0.860000E+02  0.000000000000000E+00  0.000000000000000E+00  0.000000000000000E+00
 0.870000E+02  0.000000000000000E+00  0.000000000000000E+00  0.000000000000000E+00
 0.880000E+02  0.000000000000000E+00  0.000000000000000E+00  0.000000000000000E+00
 0.890000E+02  0.000000000000000E+00  0.000000000000000E+00  0.000000000000000E+00
 0.900000E+02  0.000000000000000E+00  0.000000000000000E+00  0.000000000000000E+00
 0.910000E+02  0.000000000000000E+00  0.000000000000000E+00  0.000000000000000E+00
 0.920000E+02  0.000000000000000E+00  0.000000000000000E+00  0.000000000000000E+00
 0.930000E+02  0.000000000000000E+00  0.000000000000000E+00  0.000000000000000E+00
 0.940000E+02  0.000000000000000E+00  0.000000000000000E+00  0.000000000000000E+00
 0.950000E+02  0.000000000000000E+00  0.000000000000000E+00  0.000000000000000E+00
 0.960000E+02  0.000000000000000E+00  0.000000000000000E+00  0.000000000000000E+00
