 0.100000E+01  0.326680785845394E+00
 0.200000E+01  0.286696187735934E-01
 0.300000E+01  0.185823599372620E-01
 0.400000E+01  0.986843016180984E-02
 0.500000E+01  0.153038215720175E-02
 0.600000E+01  0.104111260052974E-02
 0.700000E+01  0.185780971653280E-03
 0.800000E+01  0.109708532012716E-03
 0.900000E+01  0.435236968888309E-04
 0.100000E+02  0.107934809893915E-04
 0.110000E+02  0.789483656517375E-05
 0.120000E+02  0.145815898382697E-05
 0.130000E+02  0.902047466122219E-06
 0.140000E+02  0.276848634522179E-06
 0.150000E+02  0.841515554441424E-07
 0.160000E+02  0.622623374252001E-07
 0.170000E+02  0.116490595053030E-07
 0.180000E+02  0.756729539201474E-08
 0.190000E+02  0.208203934929996E-08
 0.200000E+02  0.742643091005850E-09
 0.210000E+02  0.578371177994281E-09
 0.220000E+02  0.114984048817288E-09
 0.230000E+02  0.831310546482673E-10
 0.240000E+02  0.230354467710852E-10
 0.250000E+02  0.115507305127134E-10
 0.260000E+02  0.686564233298833E-11
 0.270000E+02  0.198474594245517E-11
 0.280000E+02  0.166560990793513E-11
 0.290000E+02  0.482197008151841E-12
 0.300000E+02  0.334542347600091E-12
 0.310000E+02  0.130596870161825E-12
 0.320000E+02  0.546324552998786E-13
 0.330000E+02  0.483156746294996E-13
 0.340000E+02  0.132661151153819E-13
 0.350000E+02  0.986619974181866E-14
 0.360000E+02  0.347321655908547E-14
 0.370000E+02  0.172724952676413E-14
 0.380000E+02  0.112460221176066E-14
 0.390000E+02  0.343966457764734E-15
 0.400000E+02  0.263623922245561E-15
 0.410000E+02  0.863357785477299E-16
 0.420000E+02  0.461334533908584E-16
 0.430000E+02  0.262814922075309E-16
 0.440000E+02  0.849476679687671E-17
 0.450000E+02  0.674925187818806E-17
 0.460000E+02  0.203632981482383E-17
 0.470000E+02  0.132230945523004E-17
 0.480000E+02  0.680523339973932E-18
 0.490000E+02  0.388184474719075E-18
 0.500000E+02  0.329456733804106E-18
 0.510000E+02  0.160962877911767E-18
 0.520000E+02  0.939760779860505E-19
 0.530000E+02  0.855394304998167E-19
 0.540000E+02  0.628136725949024E-19
 0.550000E+02  0.447390026546700E-19
 0.560000E+02  0.569531111276479E-19
 0.570000E+02  0.379125244026892E-19
 0.580000E+02  0.656529525510708E-19
 0.590000E+02  0.745385329571692E-19
 0.600000E+02  0.404087507548648E-19
 0.610000E+02  0.740406164749177E-19
 0.620000E+02  0.496765451389154E-19
 0.630000E+02  0.550970753911902E-19
 0.640000E+02  0.772708322574168E-20
 0.650000E+02  0.000000000000000E+00
 0.660000E+02  0.000000000000000E+00
 0.670000E+02  0.000000000000000E+00
 0.680000E+02  0.000000000000000E+00
 0.690000E+02  0.000000000000000E+00
 0.700000E+02  0.000000000000000E+00
 0.710000E+02  0.000000000000000E+00
 0.720000E+02  0.000000000000000E+00
 0.730000E+02  0.000000000000000E+00
 0.740000E+02  0.000000000000000E+00
 0.750000E+02  0.000000000000000E+00
 0.760000E+02  0.000000000000000E+00
 0.770000E+02  0.000000000000000E+00
 0.780000E+02  0.000000000000000E+00
 0.790000E+02  0.000000000000000E+00
 0.800000E+02  0.000000000000000E+00
 0.810000E+02  0.000000000000000E+00
 0.820000E+02  0.000000000000000E+00
 0.830000E+02  0.000000000000000E+00
 0.840000E+02  0.000000000000000E+00
 0.850000E+02  0.000000000000000E+00
 0.860000E+02  0.000000000000000E+00
 0.870000E+02  0.000000000000000E+00
 0.880000E+02  0.000000000000000E+00
 0.890000E+02  0.000000000000000E+00
 0.900000E+02  0.000000000000000E+00
 0.910000E+02  0.000000000000000E+00
 0.920000E+02  0.000000000000000E+00
 0.930000E+02  0.000000000000000E+00
 0.940000E+02  0.000000000000000E+00
 0.950000E+02  0.000000000000000E+00
 0.960000E+02  0.000000000000000E+00
 0.970000E+02  0.000000000000000E+00
