 0.100000E+01  0.335313113082081E+00
 0.200000E+01  0.337382462674392E-01
 0.300000E+01  0.147971364597464E-01
 0.400000E+01  0.250320488991443E-01
 0.500000E+01  0.751685121216213E-02
 0.600000E+01  0.900584889005501E-02
 0.700000E+01  0.699406609918517E-02
 0.800000E+01  0.307254099282746E-02
 0.900000E+01  0.375506135308792E-02
 0.100000E+02  0.153823632715862E-02
 0.110000E+02  0.964611316823406E-03
 0.120000E+02  0.893097006844770E-03
 0.130000E+02  0.754626582580405E-03
 0.140000E+02  0.463785864368151E-03
 0.150000E+02  0.252519106471983E-03
 0.160000E+02  0.164548671433345E-03
 0.170000E+02  0.151998181202814E-03
 0.180000E+02  0.722936283247911E-04
 0.190000E+02  0.491011602396711E-04
 0.200000E+02  0.453969017643921E-04
 0.210000E+02  0.371814232656260E-04
 0.220000E+02  0.291892609261052E-04
 0.230000E+02  0.162264060484727E-04
 0.240000E+02  0.112727527611211E-04
 0.250000E+02  0.984866376321702E-05
 0.260000E+02  0.103530809242029E-04
 0.270000E+02  0.609343917746996E-05
 0.280000E+02  0.469031746920063E-05
 0.290000E+02  0.310139798364991E-05
 0.300000E+02  0.231080238636620E-05
 0.310000E+02  0.256457455415277E-05
 0.320000E+02  0.120592001514237E-05
 0.330000E+02  0.101584078974907E-05
 0.340000E+02  0.866361683592465E-06
 0.350000E+02  0.442852103884540E-06
 0.360000E+02  0.518225910149277E-06
 0.370000E+02  0.234546582641389E-06
 0.380000E+02  0.180812985799101E-06
 0.390000E+02  0.171744607930871E-06
 0.400000E+02  0.889162086809225E-07
 0.410000E+02  0.638633957231305E-07
 0.420000E+02  0.422330745062750E-07
 0.430000E+02  0.282093538806430E-07
 0.440000E+02  0.265752417967791E-07
 0.450000E+02  0.120783303706711E-07
 0.460000E+02  0.825567863404162E-08
 0.470000E+02  0.597558441691154E-08
 0.480000E+02  0.409984205383492E-08
 0.490000E+02  0.317318383366716E-08
 0.500000E+02  0.148232715391992E-08
 0.510000E+02  0.983792243764997E-09
 0.520000E+02  0.813890603244964E-09
 0.530000E+02  0.330475466922892E-09
 0.540000E+02  0.304505828574824E-09
 0.550000E+02  0.159738652275101E-09
 0.560000E+02  0.103554479777188E-09
 0.570000E+02  0.779412221662958E-10
 0.580000E+02  0.324284113524778E-10
 0.590000E+02  0.256186975851717E-10
 0.600000E+02  0.146638575455677E-10
 0.610000E+02  0.102960517554380E-10
 0.620000E+02  0.699265134634499E-11
 0.630000E+02  0.369188097123864E-11
 0.640000E+02  0.320069178568144E-11
 0.650000E+02  0.000000000000000E+00
 0.660000E+02  0.000000000000000E+00
 0.670000E+02  0.000000000000000E+00
 0.680000E+02  0.000000000000000E+00
 0.690000E+02  0.000000000000000E+00
 0.700000E+02  0.000000000000000E+00
 0.710000E+02  0.000000000000000E+00
 0.720000E+02  0.000000000000000E+00
 0.730000E+02  0.000000000000000E+00
 0.740000E+02  0.000000000000000E+00
 0.750000E+02  0.000000000000000E+00
 0.760000E+02  0.000000000000000E+00
 0.770000E+02  0.000000000000000E+00
 0.780000E+02  0.000000000000000E+00
 0.790000E+02  0.000000000000000E+00
 0.800000E+02  0.000000000000000E+00
 0.810000E+02  0.000000000000000E+00
 0.820000E+02  0.000000000000000E+00
 0.830000E+02  0.000000000000000E+00
 0.840000E+02  0.000000000000000E+00
 0.850000E+02  0.000000000000000E+00
 0.860000E+02  0.000000000000000E+00
 0.870000E+02  0.000000000000000E+00
 0.880000E+02  0.000000000000000E+00
 0.890000E+02  0.000000000000000E+00
 0.900000E+02  0.000000000000000E+00
 0.910000E+02  0.000000000000000E+00
 0.920000E+02  0.000000000000000E+00
 0.930000E+02  0.000000000000000E+00
 0.940000E+02  0.000000000000000E+00
 0.950000E+02  0.000000000000000E+00
 0.960000E+02  0.000000000000000E+00
 0.970000E+02  0.000000000000000E+00
