 0.000000E+00  0.832932017154879E+00  0.487564202776961E+00  0.345367814377918E+00
 0.100000E+01  0.211447766054488E-01  0.129503955114918E-01  0.819438109395694E-02
 0.200000E+01  0.681301311108862E-02  0.433450597809862E-02  0.247850713299000E-02
 0.300000E+01  0.362944938059904E-02  0.232405567490165E-02  0.130539370569739E-02
 0.400000E+01  0.197051739761588E-02  0.130482296211303E-02  0.665694435502850E-03
 0.500000E+01  0.972589068639357E-03  0.660112671938097E-03  0.312476396701259E-03
 0.600000E+01  0.583739924144341E-03  0.394527873380210E-03  0.189212050764131E-03
 0.700000E+01  0.361032095655820E-03  0.251515875650000E-03  0.109516220005820E-03
 0.800000E+01  0.224974602659832E-03  0.154502008168334E-03  0.704725944914976E-04
 0.900000E+01  0.171533613497287E-03  0.118254317603463E-03  0.532792958938235E-04
 0.100000E+02  0.119571183018918E-03  0.823890151856988E-04  0.371821678332195E-04
 0.110000E+02  0.788334908580753E-04  0.526768742581884E-04  0.261566165998869E-04
 0.120000E+02  0.574529808734502E-04  0.393706363133793E-04  0.180823445600709E-04
 0.130000E+02  0.336468503164975E-04  0.237269059892267E-04  0.991994432727072E-05
 0.140000E+02  0.228733536041053E-04  0.166316790450234E-04  0.624167455908192E-05
 0.150000E+02  0.102246535958502E-04  0.735416016161530E-05  0.287049343423488E-05
 0.160000E+02  0.668360644606736E-09  0.668360644606736E-09  0.000000000000000E+00
 0.170000E+02  0.000000000000000E+00  0.000000000000000E+00  0.000000000000000E+00
 0.180000E+02  0.000000000000000E+00  0.000000000000000E+00  0.000000000000000E+00
 0.190000E+02  0.000000000000000E+00  0.000000000000000E+00  0.000000000000000E+00
 0.200000E+02  0.000000000000000E+00  0.000000000000000E+00  0.000000000000000E+00
 0.210000E+02  0.000000000000000E+00  0.000000000000000E+00  0.000000000000000E+00
 0.220000E+02  0.000000000000000E+00  0.000000000000000E+00  0.000000000000000E+00
 0.230000E+02  0.000000000000000E+00  0.000000000000000E+00  0.000000000000000E+00
 0.240000E+02  0.000000000000000E+00  0.000000000000000E+00  0.000000000000000E+00
