 0.000000E+00  0.434079838039768E+00  0.157124048666970E+00  0.276955789372802E+00
 0.100000E+01  0.770195445882021E-03  0.606474282723405E-03  0.163721163158616E-03
 0.200000E+01  0.553509094056777E-06  0.313594623066621E-06  0.239914470990158E-06
 0.300000E+01  0.965378705733394E-09  0.599516582262676E-09  0.365862123470719E-09
 0.400000E+01  0.219579143067341E-11  0.143401222850898E-11  0.761779202164435E-12
 0.500000E+01  0.201136683161179E-13  0.144682592749863E-13  0.564540904113169E-14
 0.600000E+01  0.398269109504824E-15  0.302616458437246E-15  0.956526510675785E-16
 0.700000E+01  0.136846812696799E-16  0.100218482902676E-16  0.366283297941226E-17
 0.800000E+01  0.153912889384579E-16  0.120167356215839E-16  0.337455331687402E-17
 0.900000E+01  0.396790871301558E-17  0.285374051898503E-17  0.111416819403054E-17
 0.100000E+02  0.485069348155225E-17  0.372490225590066E-17  0.112579122565159E-17
 0.110000E+02  0.271248214269538E-17  0.203881781149701E-17  0.673664331198365E-18
 0.120000E+02  0.152517735362284E-16  0.124407433022387E-16  0.281103023398974E-17
 0.130000E+02  0.224117381146190E-17  0.171048505098802E-17  0.530688760473876E-18
 0.140000E+02  0.305525503601030E-17  0.244759579196272E-17  0.607659244047580E-18
 0.150000E+02  0.182106332267294E-17  0.148093057124022E-17  0.340132751432719E-18
 0.160000E+02  0.935571322718165E-19  0.935571322718165E-19  0.000000000000000E+00
 0.170000E+02  0.000000000000000E+00  0.000000000000000E+00  0.000000000000000E+00
 0.180000E+02  0.000000000000000E+00  0.000000000000000E+00  0.000000000000000E+00
 0.190000E+02  0.000000000000000E+00  0.000000000000000E+00  0.000000000000000E+00
 0.200000E+02  0.000000000000000E+00  0.000000000000000E+00  0.000000000000000E+00
 0.210000E+02  0.000000000000000E+00  0.000000000000000E+00  0.000000000000000E+00
 0.220000E+02  0.000000000000000E+00  0.000000000000000E+00  0.000000000000000E+00
 0.230000E+02  0.000000000000000E+00  0.000000000000000E+00  0.000000000000000E+00
 0.240000E+02  0.000000000000000E+00  0.000000000000000E+00  0.000000000000000E+00
