 0.000000E+00  0.148577235669324E+01  0.114343744989811E+01  0.342334906795132E+00
 0.100000E+01  0.202623544887849E-01  0.112979816500712E-01  0.896437283871381E-02
 0.200000E+01  0.428408452921840E-02  0.267459368148549E-02  0.160949084773292E-02
 0.300000E+01  0.135375667560420E-02  0.801414065967013E-03  0.552342609637188E-03
 0.400000E+01  0.603924787286645E-03  0.390266107633040E-03  0.213658679653605E-03
 0.500000E+01  0.290888849225242E-03  0.196228150522375E-03  0.946606987028671E-04
 0.600000E+01  0.124424709172794E-03  0.816199181969988E-04  0.428047909757950E-04
 0.700000E+01  0.639468573100481E-04  0.426784938950928E-04  0.212683634149553E-04
 0.800000E+01  0.354751284369965E-04  0.240536682917014E-04  0.114214601452951E-04
 0.900000E+01  0.200069475173708E-04  0.138829055802667E-04  0.612404193710410E-05
 0.100000E+02  0.129624771640801E-04  0.917525036309537E-05  0.378722680098474E-05
 0.110000E+02  0.844094358332110E-05  0.606199597719028E-05  0.237894760613082E-05
 0.120000E+02  0.520630753915342E-05  0.383457560895707E-05  0.137173193019635E-05
 0.130000E+02  0.259881464299763E-05  0.197686604906801E-05  0.621948593929616E-06
 0.140000E+02  0.107274666802406E-05  0.842144991619435E-06  0.230601676404620E-06
 0.150000E+02  0.266338952526053E-06  0.207524805705247E-06  0.588141468208059E-07
 0.160000E+02  0.294396070021907E-10  0.294396070021907E-10  0.000000000000000E+00
 0.170000E+02  0.000000000000000E+00  0.000000000000000E+00  0.000000000000000E+00
 0.180000E+02  0.000000000000000E+00  0.000000000000000E+00  0.000000000000000E+00
 0.190000E+02  0.000000000000000E+00  0.000000000000000E+00  0.000000000000000E+00
 0.200000E+02  0.000000000000000E+00  0.000000000000000E+00  0.000000000000000E+00
 0.210000E+02  0.000000000000000E+00  0.000000000000000E+00  0.000000000000000E+00
 0.220000E+02  0.000000000000000E+00  0.000000000000000E+00  0.000000000000000E+00
 0.230000E+02  0.000000000000000E+00  0.000000000000000E+00  0.000000000000000E+00
 0.240000E+02  0.000000000000000E+00  0.000000000000000E+00  0.000000000000000E+00
