 0.000000E+00  0.498443190907767E+00  0.297499914602160E+00  0.200943276305608E+00
 0.100000E+01  0.466879928916428E-03  0.452517913269683E-03  0.143620156467499E-04
 0.200000E+01  0.606604781412713E-08  0.393842382827354E-08  0.212762398585372E-08
 0.300000E+01  0.197622249238519E-11  0.116794158118882E-11  0.808280911196348E-12
 0.400000E+01  0.151335334581989E-14  0.865008764437065E-15  0.648344581382819E-15
 0.500000E+01  0.231687260613406E-17  0.150665252578026E-17  0.810220080353798E-18
 0.600000E+01  0.184850900700762E-17  0.140992599318154E-17  0.438583013826087E-18
 0.700000E+01  0.851380854225297E-18  0.608770587753023E-18  0.242610266472274E-18
 0.800000E+01  0.154386400585170E-17  0.127385716365821E-17  0.270006842193485E-18
 0.900000E+01  0.823214491068629E-18  0.625809926067383E-18  0.197404565001246E-18
 0.100000E+02  0.108045332341879E-17  0.862581043180316E-18  0.217872280238477E-18
 0.110000E+02  0.606586798715520E-18  0.457916788130461E-18  0.148670010585059E-18
 0.120000E+02  0.232957658985571E-17  0.207039751346815E-17  0.259179076387561E-18
 0.130000E+02  0.524076913916967E-18  0.410693933319209E-18  0.113382980597758E-18
 0.140000E+02  0.798145072491475E-18  0.689102125035282E-18  0.109042947456194E-18
 0.150000E+02  0.378835048500756E-18  0.319399870609735E-18  0.594351778910204E-19
 0.160000E+02  0.164601801002921E-19  0.164601801002921E-19  0.000000000000000E+00
 0.170000E+02  0.000000000000000E+00  0.000000000000000E+00  0.000000000000000E+00
 0.180000E+02  0.000000000000000E+00  0.000000000000000E+00  0.000000000000000E+00
 0.190000E+02  0.000000000000000E+00  0.000000000000000E+00  0.000000000000000E+00
 0.200000E+02  0.000000000000000E+00  0.000000000000000E+00  0.000000000000000E+00
 0.210000E+02  0.000000000000000E+00  0.000000000000000E+00  0.000000000000000E+00
 0.220000E+02  0.000000000000000E+00  0.000000000000000E+00  0.000000000000000E+00
 0.230000E+02  0.000000000000000E+00  0.000000000000000E+00  0.000000000000000E+00
 0.240000E+02  0.000000000000000E+00  0.000000000000000E+00  0.000000000000000E+00
