 0.000000E+00  0.889706477409769E-04  0.000000000000000E+00  0.000000000000000E+00
 0.100000E+01  0.233956690702141E+00  0.307777021094211E-01  0.203177173621953E+00
 0.200000E+01  0.203917218136417E-01  0.113813858731564E-10  0.203908577386755E-01
 0.300000E+01  0.155644562307901E-02  0.178181530402673E-10  0.155604097437845E-02
 0.400000E+01  0.347894667645408E-03  0.101655438563778E-10  0.347698681707698E-03
 0.500000E+01  0.132796721138542E-03  0.871112509514026E-11  0.132671463723588E-03
 0.600000E+01  0.896005320532386E-05  0.184209304074413E-11  0.894380262828759E-05
 0.700000E+01  0.336442516306033E-05  0.150285181213778E-11  0.335482003390610E-05
 0.800000E+01  0.347021476529969E-06  0.276899885962572E-12  0.345416970468115E-06
 0.900000E+01  0.857780448508114E-07  0.121008426028294E-12  0.850963230073140E-07
 0.100000E+02  0.210437055351901E-07  0.390299166264139E-13  0.207804740311067E-07
 0.110000E+02  0.237083211388941E-08  0.541002163711750E-14  0.232328464973541E-08
 0.120000E+02  0.953543584778126E-09  0.277290151651575E-14  0.925487517650617E-09
 0.130000E+02  0.101401795708005E-09  0.487853494081692E-15  0.965650270798765E-10
 0.140000E+02  0.293390114181372E-10  0.209617989805909E-15  0.272848289371544E-10
 0.150000E+02  0.594174524211129E-11  0.594952942947697E-16  0.523813410898696E-11
 0.160000E+02  0.974466212348056E-12  0.194838155189649E-16  0.806117741168869E-12
 0.170000E+02  0.329749539720679E-12  0.108170359359994E-16  0.238541457726501E-12
 0.180000E+02  0.480219031905520E-13  0.372860996862623E-17  0.287763809735108E-13
 0.190000E+02  0.183707718932725E-13  0.335879107053744E-17  0.858482801987419E-14
 0.200000E+02  0.442147914732485E-14  0.131686631539278E-17  0.132873925744604E-14
 0.210000E+02  0.117827642242755E-14  0.526316974768820E-18  0.242099261528833E-15
 0.220000E+02  0.502692794000905E-15  0.743851114947787E-18  0.566286131458256E-16
 0.230000E+02  0.108443871936068E-15  0.572176932767919E-18  0.764722450250462E-17
 0.240000E+02  0.561150323277825E-16  0.123301132510693E-18  0.244371797444044E-17
 0.250000E+02  0.158287452178867E-16  0.644509007692580E-18  0.854422275850298E-18
 0.260000E+02  0.543059989149934E-17  0.371074271471421E-18  0.192768687625758E-18
 0.270000E+02  0.220983960942777E-17  0.221219079589842E-18  0.661276334209582E-19
 0.280000E+02  0.627572385937989E-18  0.119784592776323E-18  0.309796523085143E-19
 0.290000E+02  0.583911249625147E-18  0.250067911373451E-18  0.586915142307686E-19
 0.300000E+02  0.135692999926516E-17  0.110797726521429E-17  0.155295571164528E-18
 0.310000E+02  0.568788653321248E-18  0.331368738920150E-18  0.176055853235017E-18
 0.320000E+02  0.305058578060188E-18  0.123501255345519E-18  0.136060591650370E-18
 0.330000E+02  0.374668211601024E-18  0.225193744003729E-18  0.109215046987597E-18
 0.340000E+02  0.451775617277456E-18  0.362450041209302E-18  0.481345830114216E-19
 0.350000E+02  0.407433213500704E-18  0.334366161173227E-18  0.376649032566357E-19
 0.360000E+02  0.101637852968778E-18  0.630656166800729E-19  0.121113217316656E-19
 0.370000E+02  0.223826547207507E-18  0.126023371712123E-18  0.702805028412710E-19
 0.380000E+02  0.213218683574974E-18  0.172725069044602E-18  0.140070973889414E-19
 0.390000E+02  0.782268234597771E-19  0.359154860704691E-19  0.639890488837718E-20
 0.400000E+02  0.734355077093008E-19  0.214219829917927E-19  0.183668823541027E-19
 0.410000E+02  0.548639185709111E-19  0.146459433290728E-19  0.719095990699962E-20
 0.420000E+02  0.392759766591411E-19  0.181086533807045E-19  0.396261773959914E-20
 0.430000E+02  0.613993707737162E-19  0.433701443654223E-19  0.292650674056083E-20
 0.440000E+02  0.544740762713713E-19  0.364859225338549E-19  0.449165410283206E-20
 0.450000E+02  0.836536663724356E-19  0.633885236580582E-19  0.519493826284347E-20
 0.460000E+02  0.136592043235296E-18  0.103223782451430E-18  0.121996306972806E-19
 0.470000E+02  0.185384514700065E-18  0.127070847025733E-18  0.335079143862493E-19
 0.480000E+02  0.448565145453777E-19  0.156878772822942E-19  0.107202582028919E-19
 0.490000E+02  0.172968124124348E-18  0.117717070067719E-18  0.318326680459814E-19
 0.500000E+02  0.122594524513422E-18  0.956389971556410E-19  0.877704619281627E-20
 0.510000E+02  0.423369196639073E-19  0.264443188669566E-19  0.410494340410757E-20
 0.520000E+02  0.270871293957931E-19  0.162662582703950E-19  0.121117977740329E-20
 0.530000E+02  0.249284214920021E-19  0.151515309075051E-19  0.100703917322607E-20
 0.540000E+02  0.540238175030643E-19  0.371433559166021E-19  0.866092460500241E-20
 0.550000E+02  0.277114035454785E-19  0.128950104350433E-19  0.336018118724641E-20
 0.560000E+02  0.316222468201674E-19  0.908760475537890E-20  0.124424955719821E-19
 0.570000E+02  0.227592393490034E-19  0.108119923626188E-19  0.299115902767240E-20
 0.580000E+02  0.733857278837456E-19  0.601705385857105E-19  0.684326159745286E-20
 0.590000E+02  0.596217158713119E-19  0.472485537612630E-19  0.669659303949893E-20
 0.600000E+02  0.153969350152994E-19  0.108129379129635E-19  0.902986302067585E-21
 0.610000E+02  0.848850866438997E-19  0.752958737718146E-19  0.568243138260352E-20
 0.620000E+02  0.726626637595582E-19  0.599412997074294E-19  0.983860908656373E-20
 0.630000E+02  0.408013288405346E-19  0.239915772760261E-19  0.149874727381706E-19
 0.640000E+02  0.511908532215555E-22  0.460486836254330E-22  0.514216959612247E-23
 0.650000E+02  0.000000000000000E+00  0.000000000000000E+00  0.000000000000000E+00
 0.660000E+02  0.000000000000000E+00  0.000000000000000E+00  0.000000000000000E+00
 0.670000E+02  0.000000000000000E+00  0.000000000000000E+00  0.000000000000000E+00
 0.680000E+02  0.000000000000000E+00  0.000000000000000E+00  0.000000000000000E+00
 0.690000E+02  0.000000000000000E+00  0.000000000000000E+00  0.000000000000000E+00
 0.700000E+02  0.000000000000000E+00  0.000000000000000E+00  0.000000000000000E+00
 0.710000E+02  0.000000000000000E+00  0.000000000000000E+00  0.000000000000000E+00
 0.720000E+02  0.000000000000000E+00  0.000000000000000E+00  0.000000000000000E+00
 0.730000E+02  0.000000000000000E+00  0.000000000000000E+00  0.000000000000000E+00
 0.740000E+02  0.000000000000000E+00  0.000000000000000E+00  0.000000000000000E+00
 0.750000E+02  0.000000000000000E+00  0.000000000000000E+00  0.000000000000000E+00
 0.760000E+02  0.000000000000000E+00  0.000000000000000E+00  0.000000000000000E+00
 0.770000E+02  0.000000000000000E+00  0.000000000000000E+00  0.000000000000000E+00
 0.780000E+02  0.000000000000000E+00  0.000000000000000E+00  0.000000000000000E+00
 0.790000E+02  0.000000000000000E+00  0.000000000000000E+00  0.000000000000000E+00
 0.800000E+02  0.000000000000000E+00  0.000000000000000E+00  0.000000000000000E+00
 0.810000E+02  0.000000000000000E+00  0.000000000000000E+00  0.000000000000000E+00
 0.820000E+02  0.000000000000000E+00  0.000000000000000E+00  0.000000000000000E+00
 0.830000E+02  0.000000000000000E+00  0.000000000000000E+00  0.000000000000000E+00
 0.840000E+02  0.000000000000000E+00  0.000000000000000E+00  0.000000000000000E+00
 0.850000E+02  0.000000000000000E+00  0.000000000000000E+00  0.000000000000000E+00
 0.860000E+02  0.000000000000000E+00  0.000000000000000E+00  0.000000000000000E+00
 0.870000E+02  0.000000000000000E+00  0.000000000000000E+00  0.000000000000000E+00
 0.880000E+02  0.000000000000000E+00  0.000000000000000E+00  0.000000000000000E+00
 0.890000E+02  0.000000000000000E+00  0.000000000000000E+00  0.000000000000000E+00
 0.900000E+02  0.000000000000000E+00  0.000000000000000E+00  0.000000000000000E+00
 0.910000E+02  0.000000000000000E+00  0.000000000000000E+00  0.000000000000000E+00
 0.920000E+02  0.000000000000000E+00  0.000000000000000E+00  0.000000000000000E+00
 0.930000E+02  0.000000000000000E+00  0.000000000000000E+00  0.000000000000000E+00
 0.940000E+02  0.000000000000000E+00  0.000000000000000E+00  0.000000000000000E+00
 0.950000E+02  0.000000000000000E+00  0.000000000000000E+00  0.000000000000000E+00
 0.960000E+02  0.000000000000000E+00  0.000000000000000E+00  0.000000000000000E+00
