 0.000000E+00  0.143849292251723E+01  0.109659716212072E+01  0.341895760396511E+00
 0.100000E+01  0.287567130107935E-01  0.192581238487870E-01  0.949858916200656E-02
 0.200000E+01  0.566265765812995E-02  0.348731974151552E-02  0.217533791661442E-02
 0.300000E+01  0.210261390535120E-02  0.143678224548937E-02  0.665831659861838E-03
 0.400000E+01  0.928262466080757E-03  0.602918041436570E-03  0.325344424644187E-03
 0.500000E+01  0.530471014608954E-03  0.364484971064617E-03  0.165986043544338E-03
 0.600000E+01  0.284239291764540E-03  0.199083574480844E-03  0.851557172836959E-04
 0.700000E+01  0.183687735346714E-03  0.134058349430391E-03  0.496293859163239E-04
 0.800000E+01  0.102812958423092E-03  0.702692384654766E-04  0.325437199576151E-04
 0.900000E+01  0.563517548750381E-04  0.374689898639069E-04  0.188827650111312E-04
 0.100000E+02  0.367352962801858E-04  0.249107991029358E-04  0.118244971772499E-04
 0.110000E+02  0.244649594021045E-04  0.174953930537731E-04  0.696956634833143E-05
 0.120000E+02  0.170294053903779E-04  0.124560176160430E-04  0.457338777433493E-05
 0.130000E+02  0.724248379743163E-05  0.535260844337218E-05  0.188987535405945E-05
 0.140000E+02  0.303610661798846E-05  0.234046898275268E-05  0.695637635235786E-06
 0.150000E+02  0.464771773633357E-06  0.360401188536632E-06  0.104370585096725E-06
 0.160000E+02  0.203906572182611E-09  0.203906572182611E-09  0.000000000000000E+00
 0.170000E+02  0.000000000000000E+00  0.000000000000000E+00  0.000000000000000E+00
 0.180000E+02  0.000000000000000E+00  0.000000000000000E+00  0.000000000000000E+00
 0.190000E+02  0.000000000000000E+00  0.000000000000000E+00  0.000000000000000E+00
 0.200000E+02  0.000000000000000E+00  0.000000000000000E+00  0.000000000000000E+00
 0.210000E+02  0.000000000000000E+00  0.000000000000000E+00  0.000000000000000E+00
 0.220000E+02  0.000000000000000E+00  0.000000000000000E+00  0.000000000000000E+00
 0.230000E+02  0.000000000000000E+00  0.000000000000000E+00  0.000000000000000E+00
 0.240000E+02  0.000000000000000E+00  0.000000000000000E+00  0.000000000000000E+00
