 0.100000E+01  0.100931339730010E+00
 0.200000E+01  0.110944288743426E-05
 0.300000E+01  0.688266775682659E-08
 0.400000E+01  0.479106315072255E-10
 0.500000E+01  0.309862214824434E-14
 0.600000E+01  0.178630983485730E-16
 0.700000E+01  0.816674133260545E-19
 0.800000E+01  0.281916162168506E-20
 0.900000E+01  0.288976427097977E-19
 0.100000E+02  0.437801610263501E-20
 0.110000E+02  0.677039185608117E-19
 0.120000E+02  0.605624724938592E-20
 0.130000E+02  0.359308729540360E-19
 0.140000E+02  0.442831441922908E-20
 0.150000E+02  0.112940258650027E-19
 0.160000E+02  0.159058814646801E-20
 0.170000E+02  0.302593334621062E-19
 0.180000E+02  0.128096708438187E-20
 0.190000E+02  0.262553562479323E-20
 0.200000E+02  0.974638047969946E-21
 0.210000E+02  0.119240918308551E-20
 0.220000E+02  0.747380736645199E-21
 0.230000E+02  0.224292619229987E-19
 0.240000E+02  0.157674685186047E-20
 0.250000E+02  0.420152001344395E-19
 0.260000E+02  0.152909467898500E-20
 0.270000E+02  0.869883514590064E-21
 0.280000E+02  0.679059828633164E-21
 0.290000E+02  0.964043363391642E-21
 0.300000E+02  0.661730436201492E-21
 0.310000E+02  0.141585547927454E-19
 0.320000E+02  0.886160877462864E-21
 0.330000E+02  0.211107408439584E-20
 0.340000E+02  0.537130289948506E-21
 0.350000E+02  0.683878561058055E-20
 0.360000E+02  0.696212346747706E-21
 0.370000E+02  0.596360526381642E-20
 0.380000E+02  0.594154828655973E-21
 0.390000E+02  0.100398049810689E-20
 0.400000E+02  0.399898182043545E-21
 0.410000E+02  0.161239443849538E-20
 0.420000E+02  0.377539058457957E-21
 0.430000E+02  0.424898127870229E-21
 0.440000E+02  0.264491881551207E-21
 0.450000E+02  0.247979060584333E-21
 0.460000E+02  0.239968791215757E-21
 0.470000E+02  0.444583680474528E-20
 0.480000E+02  0.747001597352963E-21
 0.490000E+02  0.464245836611708E-20
 0.500000E+02  0.370487974940183E-21
 0.510000E+02  0.190813876741653E-21
 0.520000E+02  0.186592313503892E-21
 0.530000E+02  0.208798613811348E-21
 0.540000E+02  0.198007627308886E-21
 0.550000E+02  0.142987635966676E-20
 0.560000E+02  0.180299884880057E-21
 0.570000E+02  0.119942917747923E-20
 0.580000E+02  0.134654073907495E-21
 0.590000E+02  0.801181386340052E-21
 0.600000E+02  0.110893017716083E-21
 0.610000E+02  0.114961873603035E-20
 0.620000E+02  0.779974246564676E-22
 0.630000E+02  0.423838912657976E-21
 0.640000E+02  0.605409027997126E-23
 0.650000E+02  0.000000000000000E+00
 0.660000E+02  0.000000000000000E+00
 0.670000E+02  0.000000000000000E+00
 0.680000E+02  0.000000000000000E+00
 0.690000E+02  0.000000000000000E+00
 0.700000E+02  0.000000000000000E+00
 0.710000E+02  0.000000000000000E+00
 0.720000E+02  0.000000000000000E+00
 0.730000E+02  0.000000000000000E+00
 0.740000E+02  0.000000000000000E+00
 0.750000E+02  0.000000000000000E+00
 0.760000E+02  0.000000000000000E+00
 0.770000E+02  0.000000000000000E+00
 0.780000E+02  0.000000000000000E+00
 0.790000E+02  0.000000000000000E+00
 0.800000E+02  0.000000000000000E+00
 0.810000E+02  0.000000000000000E+00
 0.820000E+02  0.000000000000000E+00
 0.830000E+02  0.000000000000000E+00
 0.840000E+02  0.000000000000000E+00
 0.850000E+02  0.000000000000000E+00
 0.860000E+02  0.000000000000000E+00
 0.870000E+02  0.000000000000000E+00
 0.880000E+02  0.000000000000000E+00
 0.890000E+02  0.000000000000000E+00
 0.900000E+02  0.000000000000000E+00
 0.910000E+02  0.000000000000000E+00
 0.920000E+02  0.000000000000000E+00
 0.930000E+02  0.000000000000000E+00
 0.940000E+02  0.000000000000000E+00
 0.950000E+02  0.000000000000000E+00
 0.960000E+02  0.000000000000000E+00
 0.970000E+02  0.000000000000000E+00
