 0.000000E+00  0.107867780809441E-02  0.000000000000000E+00  0.000000000000000E+00
 0.100000E+01  0.681083299359906E+00  0.465414839214645E+00  0.215562779456377E+00
 0.200000E+01  0.595325569863138E-01  0.177704245652421E-02  0.568314603297040E-01
 0.300000E+01  0.223171931588944E-01  0.106095848241239E-02  0.196489568625111E-01
 0.400000E+01  0.104980520218098E-01  0.817518608869250E-03  0.712217677687477E-02
 0.500000E+01  0.272721129447964E-01  0.935117834387711E-03  0.219847890375604E-01
 0.600000E+01  0.125264458459802E-01  0.586811277344168E-03  0.700868431476920E-02
 0.700000E+01  0.147369694435183E-01  0.459272082707685E-03  0.828414072020678E-02
 0.800000E+01  0.100516406198671E-01  0.271444163360002E-03  0.503456230319443E-02
 0.900000E+01  0.489240443699418E-02  0.172705860087774E-03  0.196968929844843E-02
 0.100000E+02  0.498000776920802E-02  0.179516222473808E-03  0.200436371801516E-02
 0.110000E+02  0.294164176527997E-02  0.859159562374145E-04  0.115673002274974E-02
 0.120000E+02  0.310062377978427E-02  0.119876453922529E-03  0.101104992243961E-02
 0.130000E+02  0.281954074604688E-02  0.902377335201265E-04  0.120874679445571E-02
 0.140000E+02  0.176914645834984E-02  0.533718817873341E-04  0.561092276651465E-03
 0.150000E+02  0.157961022653695E-02  0.505362039220358E-04  0.520346649063086E-03
 0.160000E+02  0.109568265828059E-02  0.258987191958937E-04  0.295877703631930E-03
 0.170000E+02  0.106302082801416E-02  0.307674298269944E-04  0.235419829698658E-03
 0.180000E+02  0.832597075319240E-03  0.175726277250599E-04  0.182305913400960E-03
 0.190000E+02  0.614860295429031E-03  0.175839550617951E-04  0.112636635283492E-03
 0.200000E+02  0.492341818434860E-03  0.132527700134055E-04  0.101600892124409E-03
 0.210000E+02  0.460208972253421E-03  0.100703270162761E-04  0.748841252560251E-04
 0.220000E+02  0.360219665385169E-03  0.696834872019117E-05  0.644623508752051E-04
 0.230000E+02  0.285724175255548E-03  0.663840582415531E-05  0.447240448067099E-04
 0.240000E+02  0.251129398733200E-03  0.535992995864820E-05  0.408826162314746E-04
 0.250000E+02  0.213051181717842E-03  0.442760730340330E-05  0.299314352252278E-04
 0.260000E+02  0.181876134851065E-03  0.358651729899517E-05  0.279416284222345E-04
 0.270000E+02  0.145160257269263E-03  0.254159189541636E-05  0.230946679338762E-04
 0.280000E+02  0.118212332305523E-03  0.221555911140286E-05  0.180187080347227E-04
 0.290000E+02  0.116434806252105E-03  0.211759555702063E-05  0.157721359122995E-04
 0.300000E+02  0.893981403203786E-04  0.143242254354962E-05  0.145020854499522E-04
 0.310000E+02  0.817509100708868E-04  0.139229645011729E-05  0.116331203577624E-04
 0.320000E+02  0.614067730892772E-04  0.929980749603265E-06  0.799140376095409E-05
 0.330000E+02  0.535703124210945E-04  0.777010118076932E-06  0.719810098426255E-05
 0.340000E+02  0.476901454678261E-04  0.601839408830018E-06  0.640538066152261E-05
 0.350000E+02  0.391640199363692E-04  0.394452675717138E-06  0.541947167501805E-05
 0.360000E+02  0.379292042283019E-04  0.401670602300820E-06  0.456556287227808E-05
 0.370000E+02  0.305577603368956E-04  0.294596759660426E-06  0.352894710895293E-05
 0.380000E+02  0.299481724957112E-04  0.358062642359398E-06  0.284858345564812E-05
 0.390000E+02  0.239952076051458E-04  0.250560585397363E-06  0.232478654107506E-05
 0.400000E+02  0.198753821449727E-04  0.219290367123011E-06  0.180715828067279E-05
 0.410000E+02  0.203389967484039E-04  0.201996563424685E-06  0.172467945594793E-05
 0.420000E+02  0.165485079435541E-04  0.156330521344414E-06  0.136093936441151E-05
 0.430000E+02  0.150814430936971E-04  0.118710403904337E-06  0.111963153327267E-05
 0.440000E+02  0.124761283388387E-04  0.114239901915505E-06  0.991392937677721E-06
 0.450000E+02  0.107056493386765E-04  0.981872449370286E-07  0.820426148616295E-06
 0.460000E+02  0.103011559108800E-04  0.101865854621255E-06  0.760154763196005E-06
 0.470000E+02  0.819755209908145E-05  0.704449930171705E-07  0.532408043218057E-06
 0.480000E+02  0.800689731219499E-05  0.866361102126799E-07  0.498001830138940E-06
 0.490000E+02  0.695348559181909E-05  0.680371935893407E-07  0.359980248382798E-06
 0.500000E+02  0.570113618495169E-05  0.466464322176701E-07  0.279687906447681E-06
 0.510000E+02  0.521690335933133E-05  0.471524829479480E-07  0.231398298445500E-06
 0.520000E+02  0.466364103699846E-05  0.328879073648971E-07  0.161945388254051E-06
 0.530000E+02  0.387898588929556E-05  0.350881667779510E-07  0.146123850081363E-06
 0.540000E+02  0.323716046280153E-05  0.272682447903810E-07  0.143657241811947E-06
 0.550000E+02  0.329220836535960E-05  0.274904223053507E-07  0.115996809958572E-06
 0.560000E+02  0.255657951836508E-05  0.194577306432929E-07  0.909466534330591E-07
 0.570000E+02  0.236565576573894E-05  0.224694152132100E-07  0.667750408357183E-07
 0.580000E+02  0.203114559663853E-05  0.176137565961206E-07  0.827906741474559E-07
 0.590000E+02  0.167981108336040E-05  0.159842727666496E-07  0.721049233976022E-07
 0.600000E+02  0.154244894717971E-05  0.156833154244993E-07  0.956288293681119E-07
 0.610000E+02  0.107641883741403E-05  0.152573506540714E-07  0.897507747085345E-07
 0.620000E+02  0.789518003074425E-06  0.138372865128832E-07  0.711750154287240E-07
 0.630000E+02  0.526386323931713E-06  0.185832904713826E-07  0.105134722456200E-06
 0.640000E+02  0.610459325776046E-10  0.383927819549122E-10  0.226531506226924E-10
 0.650000E+02  0.000000000000000E+00  0.000000000000000E+00  0.000000000000000E+00
 0.660000E+02  0.000000000000000E+00  0.000000000000000E+00  0.000000000000000E+00
 0.670000E+02  0.000000000000000E+00  0.000000000000000E+00  0.000000000000000E+00
 0.680000E+02  0.000000000000000E+00  0.000000000000000E+00  0.000000000000000E+00
 0.690000E+02  0.000000000000000E+00  0.000000000000000E+00  0.000000000000000E+00
 0.700000E+02  0.000000000000000E+00  0.000000000000000E+00  0.000000000000000E+00
 0.710000E+02  0.000000000000000E+00  0.000000000000000E+00  0.000000000000000E+00
 0.720000E+02  0.000000000000000E+00  0.000000000000000E+00  0.000000000000000E+00
 0.730000E+02  0.000000000000000E+00  0.000000000000000E+00  0.000000000000000E+00
 0.740000E+02  0.000000000000000E+00  0.000000000000000E+00  0.000000000000000E+00
 0.750000E+02  0.000000000000000E+00  0.000000000000000E+00  0.000000000000000E+00
 0.760000E+02  0.000000000000000E+00  0.000000000000000E+00  0.000000000000000E+00
 0.770000E+02  0.000000000000000E+00  0.000000000000000E+00  0.000000000000000E+00
 0.780000E+02  0.000000000000000E+00  0.000000000000000E+00  0.000000000000000E+00
 0.790000E+02  0.000000000000000E+00  0.000000000000000E+00  0.000000000000000E+00
 0.800000E+02  0.000000000000000E+00  0.000000000000000E+00  0.000000000000000E+00
 0.810000E+02  0.000000000000000E+00  0.000000000000000E+00  0.000000000000000E+00
 0.820000E+02  0.000000000000000E+00  0.000000000000000E+00  0.000000000000000E+00
 0.830000E+02  0.000000000000000E+00  0.000000000000000E+00  0.000000000000000E+00
 0.840000E+02  0.000000000000000E+00  0.000000000000000E+00  0.000000000000000E+00
 0.850000E+02  0.000000000000000E+00  0.000000000000000E+00  0.000000000000000E+00
 0.860000E+02  0.000000000000000E+00  0.000000000000000E+00  0.000000000000000E+00
 0.870000E+02  0.000000000000000E+00  0.000000000000000E+00  0.000000000000000E+00
 0.880000E+02  0.000000000000000E+00  0.000000000000000E+00  0.000000000000000E+00
 0.890000E+02  0.000000000000000E+00  0.000000000000000E+00  0.000000000000000E+00
 0.900000E+02  0.000000000000000E+00  0.000000000000000E+00  0.000000000000000E+00
 0.910000E+02  0.000000000000000E+00  0.000000000000000E+00  0.000000000000000E+00
 0.920000E+02  0.000000000000000E+00  0.000000000000000E+00  0.000000000000000E+00
 0.930000E+02  0.000000000000000E+00  0.000000000000000E+00  0.000000000000000E+00
 0.940000E+02  0.000000000000000E+00  0.000000000000000E+00  0.000000000000000E+00
 0.950000E+02  0.000000000000000E+00  0.000000000000000E+00  0.000000000000000E+00
 0.960000E+02  0.000000000000000E+00  0.000000000000000E+00  0.000000000000000E+00
