 0.000000E+00  0.221300518958468E+00  0.229939074352839E-01  0.198306611523184E+00
 0.100000E+01  0.169757497563807E-03  0.167712656614209E-03  0.204484094959878E-05
 0.200000E+01  0.473356346111471E-09  0.343661713014325E-09  0.129694633097170E-09
 0.300000E+01  0.679479267652775E-13  0.520271395394130E-13  0.159207872258645E-13
 0.400000E+01  0.168067297343929E-16  0.132588085994477E-16  0.354792113494518E-17
 0.500000E+01  0.596781215708495E-18  0.443579739747613E-18  0.153201475960882E-18
 0.600000E+01  0.992701147480536E-18  0.821952754466856E-18  0.170748393013679E-18
 0.700000E+01  0.445589831436644E-18  0.336957984353365E-18  0.108631847083279E-18
 0.800000E+01  0.416569118901792E-18  0.340669505740975E-18  0.758996131608169E-19
 0.900000E+01  0.362663218554756E-18  0.283140095205629E-18  0.795231233491261E-19
 0.100000E+02  0.526969987020702E-18  0.431030021973581E-18  0.959399650471209E-19
 0.110000E+02  0.327148292947187E-18  0.263089545933386E-18  0.640587470138014E-19
 0.120000E+02  0.946363367854757E-18  0.861562998082203E-18  0.848003697725547E-19
 0.130000E+02  0.277961915559906E-18  0.229174676082148E-18  0.487872394777579E-19
 0.140000E+02  0.382803937664738E-18  0.325366191876463E-18  0.574377457882746E-19
 0.150000E+02  0.240597939098395E-18  0.204787405549348E-18  0.358105335490476E-19
 0.160000E+02  0.364435017596193E-20  0.364435017596193E-20  0.000000000000000E+00
 0.170000E+02  0.000000000000000E+00  0.000000000000000E+00  0.000000000000000E+00
 0.180000E+02  0.000000000000000E+00  0.000000000000000E+00  0.000000000000000E+00
 0.190000E+02  0.000000000000000E+00  0.000000000000000E+00  0.000000000000000E+00
 0.200000E+02  0.000000000000000E+00  0.000000000000000E+00  0.000000000000000E+00
 0.210000E+02  0.000000000000000E+00  0.000000000000000E+00  0.000000000000000E+00
 0.220000E+02  0.000000000000000E+00  0.000000000000000E+00  0.000000000000000E+00
 0.230000E+02  0.000000000000000E+00  0.000000000000000E+00  0.000000000000000E+00
 0.240000E+02  0.000000000000000E+00  0.000000000000000E+00  0.000000000000000E+00
