 0.100000E+01  0.538735467306655E+00
 0.200000E+01  0.292779318688697E-01
 0.300000E+01  0.189448458735888E-01
 0.400000E+01  0.225947899188872E-01
 0.500000E+01  0.847687059678587E-02
 0.600000E+01  0.693613639910642E-02
 0.700000E+01  0.202349660997085E-02
 0.800000E+01  0.227290534315828E-02
 0.900000E+01  0.207512258839585E-02
 0.100000E+02  0.781483763960036E-03
 0.110000E+02  0.969161120169820E-03
 0.120000E+02  0.301402750423951E-03
 0.130000E+02  0.313396829103490E-03
 0.140000E+02  0.231892078054944E-03
 0.150000E+02  0.972067259708082E-04
 0.160000E+02  0.126009548876291E-03
 0.170000E+02  0.411968898499288E-04
 0.180000E+02  0.428838583621477E-04
 0.190000E+02  0.270957597407475E-04
 0.200000E+02  0.126175655564757E-04
 0.210000E+02  0.162524122683497E-04
 0.220000E+02  0.531421632215490E-05
 0.230000E+02  0.567950224845441E-05
 0.240000E+02  0.311124835373668E-05
 0.250000E+02  0.172408573850087E-05
 0.260000E+02  0.179173166071961E-05
 0.270000E+02  0.631586499596028E-06
 0.280000E+02  0.684095973188952E-06
 0.290000E+02  0.333147702742509E-06
 0.300000E+02  0.205920110852605E-06
 0.310000E+02  0.183917207751253E-06
 0.320000E+02  0.679041491970065E-07
 0.330000E+02  0.737915545261725E-07
 0.340000E+02  0.325943380640030E-07
 0.350000E+02  0.219642829853865E-07
 0.360000E+02  0.170151340524688E-07
 0.370000E+02  0.657767003113007E-08
 0.380000E+02  0.712921443360654E-08
 0.390000E+02  0.290338342022970E-08
 0.400000E+02  0.210186625370987E-08
 0.410000E+02  0.143473078839842E-08
 0.420000E+02  0.582660472184252E-09
 0.430000E+02  0.630749471609601E-09
 0.440000E+02  0.241458324113562E-09
 0.450000E+02  0.187472494180956E-09
 0.460000E+02  0.116076556785286E-09
 0.470000E+02  0.500878004428467E-10
 0.480000E+02  0.549525473896564E-10
 0.490000E+02  0.203281259024813E-10
 0.500000E+02  0.172174249895339E-10
 0.510000E+02  0.100391203598074E-10
 0.520000E+02  0.505199844299158E-11
 0.530000E+02  0.497305703550133E-11
 0.540000E+02  0.196459618051031E-11
 0.550000E+02  0.184208090514162E-11
 0.560000E+02  0.102820087250408E-11
 0.570000E+02  0.608264516463270E-12
 0.580000E+02  0.537821965904498E-12
 0.590000E+02  0.242545727909358E-12
 0.600000E+02  0.242952309276536E-12
 0.610000E+02  0.107094807946924E-12
 0.620000E+02  0.121361566488990E-12
 0.630000E+02  0.112782453746218E-12
 0.640000E+02  0.144319183959492E-13
 0.650000E+02  0.000000000000000E+00
 0.660000E+02  0.000000000000000E+00
 0.670000E+02  0.000000000000000E+00
 0.680000E+02  0.000000000000000E+00
 0.690000E+02  0.000000000000000E+00
 0.700000E+02  0.000000000000000E+00
 0.710000E+02  0.000000000000000E+00
 0.720000E+02  0.000000000000000E+00
 0.730000E+02  0.000000000000000E+00
 0.740000E+02  0.000000000000000E+00
 0.750000E+02  0.000000000000000E+00
 0.760000E+02  0.000000000000000E+00
 0.770000E+02  0.000000000000000E+00
 0.780000E+02  0.000000000000000E+00
 0.790000E+02  0.000000000000000E+00
 0.800000E+02  0.000000000000000E+00
 0.810000E+02  0.000000000000000E+00
 0.820000E+02  0.000000000000000E+00
 0.830000E+02  0.000000000000000E+00
 0.840000E+02  0.000000000000000E+00
 0.850000E+02  0.000000000000000E+00
 0.860000E+02  0.000000000000000E+00
 0.870000E+02  0.000000000000000E+00
 0.880000E+02  0.000000000000000E+00
 0.890000E+02  0.000000000000000E+00
 0.900000E+02  0.000000000000000E+00
 0.910000E+02  0.000000000000000E+00
 0.920000E+02  0.000000000000000E+00
 0.930000E+02  0.000000000000000E+00
 0.940000E+02  0.000000000000000E+00
 0.950000E+02  0.000000000000000E+00
 0.960000E+02  0.000000000000000E+00
 0.970000E+02  0.000000000000000E+00
