 0.000000E+00  0.550046861570040E+00  0.175024982655569E+00  0.375021878914480E+00
 0.100000E+01  0.773169926508619E-03  0.551718420069752E-03  0.221451506438869E-03
 0.200000E+01  0.293423944944466E-05  0.184691873255824E-05  0.108732071688642E-05
 0.300000E+01  0.208262236040971E-07  0.126436715637009E-07  0.818255204039639E-08
 0.400000E+01  0.257933119467628E-09  0.157979012404958E-09  0.999541070626696E-10
 0.500000E+01  0.557055765607765E-11  0.332727784520408E-11  0.224327981087359E-11
 0.600000E+01  0.152451449596700E-12  0.890532248194856E-13  0.633982247772145E-13
 0.700000E+01  0.439817876144714E-14  0.263138726625125E-14  0.176679149519590E-14
 0.800000E+01  0.135542426795869E-15  0.858393839795772E-16  0.497030428162918E-16
 0.900000E+01  0.677764385861373E-17  0.468598725415552E-17  0.209165660445821E-17
 0.100000E+02  0.417710884282059E-17  0.317515968603903E-17  0.100194915678156E-17
 0.110000E+02  0.268184557610100E-17  0.199962587534042E-17  0.682219700760577E-18
 0.120000E+02  0.152502023322783E-16  0.127990182457430E-16  0.245118408653534E-17
 0.130000E+02  0.220332856663276E-17  0.169391657118799E-17  0.509411995444765E-18
 0.140000E+02  0.294685681626747E-17  0.236806807495736E-17  0.578788741310117E-18
 0.150000E+02  0.179621403716686E-17  0.147262895076443E-17  0.323585086402431E-18
 0.160000E+02  0.318600115905192E-19  0.318600115905192E-19  0.000000000000000E+00
 0.170000E+02  0.000000000000000E+00  0.000000000000000E+00  0.000000000000000E+00
 0.180000E+02  0.000000000000000E+00  0.000000000000000E+00  0.000000000000000E+00
 0.190000E+02  0.000000000000000E+00  0.000000000000000E+00  0.000000000000000E+00
 0.200000E+02  0.000000000000000E+00  0.000000000000000E+00  0.000000000000000E+00
 0.210000E+02  0.000000000000000E+00  0.000000000000000E+00  0.000000000000000E+00
 0.220000E+02  0.000000000000000E+00  0.000000000000000E+00  0.000000000000000E+00
 0.230000E+02  0.000000000000000E+00  0.000000000000000E+00  0.000000000000000E+00
 0.240000E+02  0.000000000000000E+00  0.000000000000000E+00  0.000000000000000E+00
