 0.100000E+01  0.369007121229646E+00
 0.200000E+01  0.543752113904190E-02
 0.300000E+01  0.849549227616233E-03
 0.400000E+01  0.138002729316109E-03
 0.500000E+01  0.290247896925329E-05
 0.600000E+01  0.538379342171982E-06
 0.700000E+01  0.198250991112759E-07
 0.800000E+01  0.264155635930524E-08
 0.900000E+01  0.280856347955924E-09
 0.100000E+02  0.130471219471518E-10
 0.110000E+02  0.270158174325660E-11
 0.120000E+02  0.112829091031232E-12
 0.130000E+02  0.185353112393465E-13
 0.140000E+02  0.161337951871874E-14
 0.150000E+02  0.131870780068800E-15
 0.160000E+02  0.338979108677126E-16
 0.170000E+02  0.312565848940791E-17
 0.180000E+02  0.105668026679795E-17
 0.190000E+02  0.465512870195162E-18
 0.200000E+02  0.272466461651995E-18
 0.210000E+02  0.214558696861322E-18
 0.220000E+02  0.275910318426810E-18
 0.230000E+02  0.354664645089458E-18
 0.240000E+02  0.211304171003314E-18
 0.250000E+02  0.760899907036185E-18
 0.260000E+02  0.318403745405930E-18
 0.270000E+02  0.164837161057687E-18
 0.280000E+02  0.986620641089186E-19
 0.290000E+02  0.775532751274820E-19
 0.300000E+02  0.266588446873465E-18
 0.310000E+02  0.333467858793043E-18
 0.320000E+02  0.129461609106486E-18
 0.330000E+02  0.169828666435825E-18
 0.340000E+02  0.106779659776102E-18
 0.350000E+02  0.137225361385729E-18
 0.360000E+02  0.427059314964395E-19
 0.370000E+02  0.158296411697582E-18
 0.380000E+02  0.714843509373928E-19
 0.390000E+02  0.367842505012720E-19
 0.400000E+02  0.353987324532999E-19
 0.410000E+02  0.286210321735111E-19
 0.420000E+02  0.213577739009334E-19
 0.430000E+02  0.170824412258939E-19
 0.440000E+02  0.118547330529970E-19
 0.450000E+02  0.134835350652582E-19
 0.460000E+02  0.450626125483351E-19
 0.470000E+02  0.142761719501501E-18
 0.480000E+02  0.364622261151191E-19
 0.490000E+02  0.132906142943062E-18
 0.500000E+02  0.459488416159699E-19
 0.510000E+02  0.155222897609052E-19
 0.520000E+02  0.102221098313377E-19
 0.530000E+02  0.933644333323201E-20
 0.540000E+02  0.248710431341860E-19
 0.550000E+02  0.135788480245677E-19
 0.560000E+02  0.162913125314630E-19
 0.570000E+02  0.103559401291661E-19
 0.580000E+02  0.216766921051575E-19
 0.590000E+02  0.189581462672829E-19
 0.600000E+02  0.425408190008288E-20
 0.610000E+02  0.277917480970029E-19
 0.620000E+02  0.208663106145586E-19
 0.630000E+02  0.326829359564003E-19
 0.640000E+02  0.998542121777480E-21
 0.650000E+02  0.000000000000000E+00
 0.660000E+02  0.000000000000000E+00
 0.670000E+02  0.000000000000000E+00
 0.680000E+02  0.000000000000000E+00
 0.690000E+02  0.000000000000000E+00
 0.700000E+02  0.000000000000000E+00
 0.710000E+02  0.000000000000000E+00
 0.720000E+02  0.000000000000000E+00
 0.730000E+02  0.000000000000000E+00
 0.740000E+02  0.000000000000000E+00
 0.750000E+02  0.000000000000000E+00
 0.760000E+02  0.000000000000000E+00
 0.770000E+02  0.000000000000000E+00
 0.780000E+02  0.000000000000000E+00
 0.790000E+02  0.000000000000000E+00
 0.800000E+02  0.000000000000000E+00
 0.810000E+02  0.000000000000000E+00
 0.820000E+02  0.000000000000000E+00
 0.830000E+02  0.000000000000000E+00
 0.840000E+02  0.000000000000000E+00
 0.850000E+02  0.000000000000000E+00
 0.860000E+02  0.000000000000000E+00
 0.870000E+02  0.000000000000000E+00
 0.880000E+02  0.000000000000000E+00
 0.890000E+02  0.000000000000000E+00
 0.900000E+02  0.000000000000000E+00
 0.910000E+02  0.000000000000000E+00
 0.920000E+02  0.000000000000000E+00
 0.930000E+02  0.000000000000000E+00
 0.940000E+02  0.000000000000000E+00
 0.950000E+02  0.000000000000000E+00
 0.960000E+02  0.000000000000000E+00
 0.970000E+02  0.000000000000000E+00
