 0.000000E+00  0.245777902547858E-03  0.000000000000000E+00  0.000000000000000E+00
 0.100000E+01  0.110460296951009E+00  0.144830562640044E-01  0.959764425497269E-01
 0.200000E+01  0.870139228291329E-05  0.233790192141480E-13  0.869908267242536E-05
 0.300000E+01  0.350486835179854E-07  0.243062196268163E-15  0.350342195358511E-07
 0.400000E+01  0.121630868306530E-09  0.441684805507128E-17  0.121507432310784E-09
 0.500000E+01  0.101173441309342E-11  0.241362127792086E-18  0.101033432919925E-11
 0.600000E+01  0.786513396522521E-15  0.651381907986976E-20  0.783201919478568E-15
 0.700000E+01  0.753370383842853E-17  0.828227271527225E-19  0.740662893104897E-17
 0.800000E+01  0.466108320838046E-19  0.794994760532395E-20  0.362729234094327E-19
 0.900000E+01  0.752902308970207E-19  0.261154965156549E-19  0.463378803716098E-19
 0.100000E+02  0.889168149746434E-20  0.246457544368891E-20  0.448129508027664E-20
 0.110000E+02  0.185926864750424E-18  0.109684284107359E-18  0.698065123854522E-19
 0.120000E+02  0.998528328485201E-20  0.145045145197903E-20  0.335804928496329E-20
 0.130000E+02  0.872034423351911E-19  0.418216560753947E-19  0.405066173954012E-19
 0.140000E+02  0.502143342350992E-20  0.133944758248482E-20  0.209213252054493E-20
 0.150000E+02  0.235207920150047E-19  0.814071796521445E-20  0.129340863093684E-19
 0.160000E+02  0.415056388636779E-20  0.108009330108574E-20  0.175281685735765E-20
 0.170000E+02  0.637590018376437E-19  0.296235408332789E-19  0.312450605667698E-19
 0.180000E+02  0.411646242493979E-20  0.103483115826552E-20  0.147564716316270E-20
 0.190000E+02  0.681321877093888E-20  0.334269577215114E-20  0.141534384758284E-20
 0.200000E+02  0.243103192243484E-20  0.101018143175275E-21  0.150128201421242E-21
 0.210000E+02  0.267366404160363E-20  0.516119726767501E-21  0.299134335611549E-21
 0.220000E+02  0.223443013443116E-20  0.618009632754605E-21  0.379058192198758E-21
 0.230000E+02  0.315739594858879E-19  0.176966782868802E-19  0.105976504730037E-19
 0.240000E+02  0.441037389608273E-20  0.125831030699112E-20  0.108658351134153E-20
 0.250000E+02  0.669873825897365E-19  0.392489602128468E-19  0.238922471522639E-19
 0.260000E+02  0.332239695497497E-20  0.111584529761640E-20  0.978450594010740E-21
 0.270000E+02  0.170215440133531E-20  0.381945270846593E-21  0.127262041189795E-21
 0.280000E+02  0.118616749986365E-20  0.920347975700771E-22  0.411335642915778E-22
 0.290000E+02  0.216972980898159E-20  0.712971491836202E-21  0.316943513353718E-21
 0.300000E+02  0.225405975341496E-20  0.920954836898397E-21  0.297218406419173E-21
 0.310000E+02  0.221745395845983E-19  0.153645325440467E-19  0.506759189159127E-20
 0.320000E+02  0.194294918215587E-20  0.576468021096665E-21  0.457444094737003E-21
 0.330000E+02  0.341320284743379E-20  0.142524908303546E-20  0.867329108400083E-21
 0.340000E+02  0.115782280715007E-20  0.302886907114847E-21  0.716461724175255E-22
 0.350000E+02  0.163214982646885E-19  0.118526934234458E-19  0.317626109673554E-20
 0.360000E+02  0.110795086440330E-20  0.118575786409434E-21  0.755755803435719E-22
 0.370000E+02  0.145031980066220E-19  0.995228596416650E-20  0.326790195559519E-20
 0.380000E+02  0.807295666397276E-21  0.128941997112415E-21  0.105090882664234E-21
 0.390000E+02  0.193821308983577E-20  0.946603848458202E-21  0.326960133030972E-21
 0.400000E+02  0.699240543401090E-21  0.111919818537457E-21  0.558201343948499E-22
 0.410000E+02  0.259665557242746E-20  0.131125465870189E-20  0.613813333633522E-21
 0.420000E+02  0.675597325999054E-21  0.880689557629075E-22  0.344236029158477E-22
 0.430000E+02  0.814251131433123E-21  0.231761176516026E-21  0.474437325294075E-22
 0.440000E+02  0.467873127479083E-21  0.297618987534004E-22  0.586849920131702E-23
 0.450000E+02  0.466976711748277E-21  0.446966970158922E-22  0.139393360864769E-22
 0.460000E+02  0.502531472813519E-21  0.113695670234290E-21  0.147726179013592E-22
 0.470000E+02  0.831157947140864E-20  0.617471225658032E-20  0.126327454627896E-20
 0.480000E+02  0.888105826175926E-21  0.973052130544870E-22  0.281164065089217E-22
 0.490000E+02  0.719967470307563E-20  0.520223057609122E-20  0.123763243052407E-20
 0.500000E+02  0.431061008202549E-21  0.888917051385120E-22  0.197114947577583E-22
 0.510000E+02  0.351655956924660E-21  0.371290108460384E-22  0.599591783464785E-23
 0.520000E+02  0.270077653303628E-21  0.221211921269870E-22  0.277097806113406E-23
 0.530000E+02  0.345304841985844E-21  0.839678047615333E-22  0.140167614008807E-22
 0.540000E+02  0.418965658310305E-21  0.130216919714128E-21  0.309329380211318E-22
 0.550000E+02  0.239707690795224E-20  0.168150946211379E-20  0.396255757050585E-21
 0.560000E+02  0.327441038687923E-21  0.905127609389261E-22  0.407512391922484E-22
 0.570000E+02  0.173990279678006E-20  0.109931246854459E-20  0.394339734261623E-21
 0.580000E+02  0.314891507375949E-21  0.115040000517214E-21  0.389290476792193E-22
 0.590000E+02  0.164164270407662E-20  0.122416491631260E-20  0.194075507332311E-21
 0.600000E+02  0.177925233814127E-21  0.143852819405152E-22  0.214408077157078E-23
 0.610000E+02  0.258648934559930E-20  0.208446841021761E-20  0.335359299276101E-21
 0.620000E+02  0.161182751195429E-21  0.732652061715605E-22  0.150326147784577E-22
 0.630000E+02  0.631469093897882E-21  0.417568153281680E-21  0.143296576843846E-21
 0.640000E+02  0.938573698456673E-24  0.609244936140390E-24  0.329328762316283E-24
 0.650000E+02  0.000000000000000E+00  0.000000000000000E+00  0.000000000000000E+00
 0.660000E+02  0.000000000000000E+00  0.000000000000000E+00  0.000000000000000E+00
 0.670000E+02  0.000000000000000E+00  0.000000000000000E+00  0.000000000000000E+00
 0.680000E+02  0.000000000000000E+00  0.000000000000000E+00  0.000000000000000E+00
 0.690000E+02  0.000000000000000E+00  0.000000000000000E+00  0.000000000000000E+00
 0.700000E+02  0.000000000000000E+00  0.000000000000000E+00  0.000000000000000E+00
 0.710000E+02  0.000000000000000E+00  0.000000000000000E+00  0.000000000000000E+00
 0.720000E+02  0.000000000000000E+00  0.000000000000000E+00  0.000000000000000E+00
 0.730000E+02  0.000000000000000E+00  0.000000000000000E+00  0.000000000000000E+00
 0.740000E+02  0.000000000000000E+00  0.000000000000000E+00  0.000000000000000E+00
 0.750000E+02  0.000000000000000E+00  0.000000000000000E+00  0.000000000000000E+00
 0.760000E+02  0.000000000000000E+00  0.000000000000000E+00  0.000000000000000E+00
 0.770000E+02  0.000000000000000E+00  0.000000000000000E+00  0.000000000000000E+00
 0.780000E+02  0.000000000000000E+00  0.000000000000000E+00  0.000000000000000E+00
 0.790000E+02  0.000000000000000E+00  0.000000000000000E+00  0.000000000000000E+00
 0.800000E+02  0.000000000000000E+00  0.000000000000000E+00  0.000000000000000E+00
 0.810000E+02  0.000000000000000E+00  0.000000000000000E+00  0.000000000000000E+00
 0.820000E+02  0.000000000000000E+00  0.000000000000000E+00  0.000000000000000E+00
 0.830000E+02  0.000000000000000E+00  0.000000000000000E+00  0.000000000000000E+00
 0.840000E+02  0.000000000000000E+00  0.000000000000000E+00  0.000000000000000E+00
 0.850000E+02  0.000000000000000E+00  0.000000000000000E+00  0.000000000000000E+00
 0.860000E+02  0.000000000000000E+00  0.000000000000000E+00  0.000000000000000E+00
 0.870000E+02  0.000000000000000E+00  0.000000000000000E+00  0.000000000000000E+00
 0.880000E+02  0.000000000000000E+00  0.000000000000000E+00  0.000000000000000E+00
 0.890000E+02  0.000000000000000E+00  0.000000000000000E+00  0.000000000000000E+00
 0.900000E+02  0.000000000000000E+00  0.000000000000000E+00  0.000000000000000E+00
 0.910000E+02  0.000000000000000E+00  0.000000000000000E+00  0.000000000000000E+00
 0.920000E+02  0.000000000000000E+00  0.000000000000000E+00  0.000000000000000E+00
 0.930000E+02  0.000000000000000E+00  0.000000000000000E+00  0.000000000000000E+00
 0.940000E+02  0.000000000000000E+00  0.000000000000000E+00  0.000000000000000E+00
 0.950000E+02  0.000000000000000E+00  0.000000000000000E+00  0.000000000000000E+00
 0.960000E+02  0.000000000000000E+00  0.000000000000000E+00  0.000000000000000E+00
