 0.100000E+01  0.662710549717534E+00
 0.200000E+01  0.634364932867274E-01
 0.300000E+01  0.259184443420850E-01
 0.400000E+01  0.303585146262830E-01
 0.500000E+01  0.106118698761645E-01
 0.600000E+01  0.635980583658149E-02
 0.700000E+01  0.639523225446602E-02
 0.800000E+01  0.408469006325326E-02
 0.900000E+01  0.330261566648331E-02
 0.100000E+02  0.152493909148336E-02
 0.110000E+02  0.102468023103090E-02
 0.120000E+02  0.665599419812877E-03
 0.130000E+02  0.824116132351059E-03
 0.140000E+02  0.420686758060706E-03
 0.150000E+02  0.278477780148084E-03
 0.160000E+02  0.240504394486577E-03
 0.170000E+02  0.206567869573123E-03
 0.180000E+02  0.122672613961557E-03
 0.190000E+02  0.971458494562771E-04
 0.200000E+02  0.687347333761332E-04
 0.210000E+02  0.683416061723138E-04
 0.220000E+02  0.450111853541402E-04
 0.230000E+02  0.294962721989543E-04
 0.240000E+02  0.241198851635488E-04
 0.250000E+02  0.200408463414110E-04
 0.260000E+02  0.158531747092617E-04
 0.270000E+02  0.969596973192358E-05
 0.280000E+02  0.680466888088513E-05
 0.290000E+02  0.477936743540166E-05
 0.300000E+02  0.459494062835422E-05
 0.310000E+02  0.257338271751638E-05
 0.320000E+02  0.173591058105872E-05
 0.330000E+02  0.126304260984207E-05
 0.340000E+02  0.109794797937924E-05
 0.350000E+02  0.539651017396794E-06
 0.360000E+02  0.395872083140375E-06
 0.370000E+02  0.249792902119056E-06
 0.380000E+02  0.223630659310783E-06
 0.390000E+02  0.123631299354218E-06
 0.400000E+02  0.797090334402075E-07
 0.410000E+02  0.584990642668440E-07
 0.420000E+02  0.415575251921778E-07
 0.430000E+02  0.308024556174374E-07
 0.440000E+02  0.179167149921140E-07
 0.450000E+02  0.123246579042226E-07
 0.460000E+02  0.860148791816175E-08
 0.470000E+02  0.719593837091396E-08
 0.480000E+02  0.433886558863338E-08
 0.490000E+02  0.302155548291289E-08
 0.500000E+02  0.219630531538550E-08
 0.510000E+02  0.183156331721555E-08
 0.520000E+02  0.108390681147671E-08
 0.530000E+02  0.747321108680872E-09
 0.540000E+02  0.543733123581705E-09
 0.550000E+02  0.448355505170192E-09
 0.560000E+02  0.301053759975297E-09
 0.570000E+02  0.221609112184379E-09
 0.580000E+02  0.155404625988085E-09
 0.590000E+02  0.131741959814962E-09
 0.600000E+02  0.104743660974370E-09
 0.610000E+02  0.675493869390291E-10
 0.620000E+02  0.530325097843799E-10
 0.630000E+02  0.354516254468956E-10
 0.640000E+02  0.168119960577194E-10
 0.650000E+02  0.000000000000000E+00
 0.660000E+02  0.000000000000000E+00
 0.670000E+02  0.000000000000000E+00
 0.680000E+02  0.000000000000000E+00
 0.690000E+02  0.000000000000000E+00
 0.700000E+02  0.000000000000000E+00
 0.710000E+02  0.000000000000000E+00
 0.720000E+02  0.000000000000000E+00
 0.730000E+02  0.000000000000000E+00
 0.740000E+02  0.000000000000000E+00
 0.750000E+02  0.000000000000000E+00
 0.760000E+02  0.000000000000000E+00
 0.770000E+02  0.000000000000000E+00
 0.780000E+02  0.000000000000000E+00
 0.790000E+02  0.000000000000000E+00
 0.800000E+02  0.000000000000000E+00
 0.810000E+02  0.000000000000000E+00
 0.820000E+02  0.000000000000000E+00
 0.830000E+02  0.000000000000000E+00
 0.840000E+02  0.000000000000000E+00
 0.850000E+02  0.000000000000000E+00
 0.860000E+02  0.000000000000000E+00
 0.870000E+02  0.000000000000000E+00
 0.880000E+02  0.000000000000000E+00
 0.890000E+02  0.000000000000000E+00
 0.900000E+02  0.000000000000000E+00
 0.910000E+02  0.000000000000000E+00
 0.920000E+02  0.000000000000000E+00
 0.930000E+02  0.000000000000000E+00
 0.940000E+02  0.000000000000000E+00
 0.950000E+02  0.000000000000000E+00
 0.960000E+02  0.000000000000000E+00
 0.970000E+02  0.000000000000000E+00
