 0.000000E+00  0.270663649316360E-03  0.000000000000000E+00  0.000000000000000E+00
 0.100000E+01  0.353168771354303E+00  0.628151800484362E-01  0.290347224829020E+00
 0.200000E+01  0.208531647180273E-04  0.574119962878491E-13  0.208345918153441E-04
 0.300000E+01  0.831569931246626E-07  0.461827686649211E-14  0.829572773808351E-07
 0.400000E+01  0.391711410537763E-09  0.270529692070810E-15  0.386263274783274E-09
 0.500000E+01  0.703394362558903E-11  0.210743247995356E-16  0.685140277906574E-11
 0.600000E+01  0.755069244672936E-14  0.249043643213801E-18  0.530735847024121E-14
 0.700000E+01  0.138661007238440E-15  0.169587552573473E-17  0.103618007179126E-15
 0.800000E+01  0.105826762883383E-17  0.611241897752028E-19  0.532607431582838E-18
 0.900000E+01  0.881471721623700E-18  0.558756725148456E-18  0.277489190996848E-18
 0.100000E+02  0.948086143047460E-19  0.407571335111568E-19  0.219237055682941E-19
 0.110000E+02  0.251957502551876E-17  0.170114378392023E-17  0.783677634953505E-18
 0.120000E+02  0.628775643442924E-19  0.248741766369400E-19  0.109930457971008E-19
 0.130000E+02  0.103571966962965E-17  0.726550315910141E-18  0.277789713409303E-18
 0.140000E+02  0.342088549635941E-19  0.129043258541075E-19  0.379431530039431E-20
 0.150000E+02  0.215942011365239E-18  0.138096389024691E-18  0.554772022299271E-19
 0.160000E+02  0.322610448205273E-19  0.110668048675828E-19  0.488458243680712E-20
 0.170000E+02  0.803884054864548E-18  0.522436423929149E-18  0.257372219672769E-18
 0.180000E+02  0.276471087093625E-19  0.811576789307440E-20  0.376620996479430E-20
 0.190000E+02  0.702102917991193E-19  0.372766386106238E-19  0.184007735782504E-19
 0.200000E+02  0.145990930260441E-19  0.118345352071375E-20  0.345734989642823E-21
 0.210000E+02  0.256315036263867E-19  0.804505276424958E-20  0.271277488467843E-20
 0.220000E+02  0.193384841934656E-19  0.340721496933366E-20  0.146007052576020E-20
 0.230000E+02  0.250971648438624E-18  0.874394867880528E-19  0.130029263665349E-18
 0.240000E+02  0.363402004679930E-19  0.526584354125611E-20  0.273626257693615E-20
 0.250000E+02  0.688047783286206E-18  0.344555580546310E-18  0.312700867249357E-18
 0.260000E+02  0.211786473471140E-19  0.537865428631873E-20  0.195352992151055E-20
 0.270000E+02  0.151643724407072E-19  0.254363623184574E-20  0.128995834947272E-20
 0.280000E+02  0.122611233051047E-19  0.562806965114974E-21  0.106109994594467E-21
 0.290000E+02  0.201870575857902E-19  0.631838045577570E-20  0.280813257511289E-20
 0.300000E+02  0.173794302464938E-19  0.427273507544796E-20  0.116501576045923E-20
 0.310000E+02  0.234775234430232E-18  0.127326547470788E-18  0.933480317777537E-19
 0.320000E+02  0.131016699043508E-19  0.244728145482916E-20  0.115505023878091E-20
 0.330000E+02  0.408942073337786E-19  0.149693282150491E-19  0.157842026458873E-19
 0.340000E+02  0.114181460309000E-19  0.216209560121642E-20  0.467014200859898E-21
 0.350000E+02  0.191155930323943E-18  0.124400586206448E-18  0.535819911164967E-19
 0.360000E+02  0.122098502108286E-19  0.112768332293278E-20  0.665314257337368E-21
 0.370000E+02  0.152095739225264E-18  0.972587620179153E-19  0.429577290660554E-19
 0.380000E+02  0.856976774796857E-20  0.935622149896847E-21  0.488321574059418E-21
 0.390000E+02  0.183175271396395E-19  0.623212702708742E-20  0.287593983785407E-20
 0.400000E+02  0.714575559007523E-20  0.601667928375256E-21  0.255789070108469E-21
 0.410000E+02  0.250477883321347E-19  0.101553809727989E-19  0.574450391443387E-20
 0.420000E+02  0.775437454523447E-20  0.508103068679409E-21  0.130196758464377E-21
 0.430000E+02  0.741072502126073E-20  0.148894979029484E-20  0.574525838311521E-21
 0.440000E+02  0.489031862235409E-20  0.144872095101331E-21  0.354854651753275E-22
 0.450000E+02  0.522967940776330E-20  0.309902121480793E-21  0.134468028882360E-21
 0.460000E+02  0.529244310390766E-20  0.684897653610755E-21  0.193458751955093E-21
 0.470000E+02  0.554114206189035E-19  0.237238849980880E-19  0.216182355422718E-19
 0.480000E+02  0.110806236770129E-19  0.742998718644646E-21  0.224987073129693E-21
 0.490000E+02  0.810982794968887E-19  0.359998027206260E-19  0.349594846350780E-19
 0.500000E+02  0.443302149274521E-20  0.656033196557102E-21  0.148123824580694E-21
 0.510000E+02  0.392061036982919E-20  0.313467662677136E-21  0.970146808918418E-22
 0.520000E+02  0.323202134174798E-20  0.152556223177024E-21  0.278364153504477E-22
 0.530000E+02  0.417002687026173E-20  0.764082058206031E-21  0.304591865176701E-21
 0.540000E+02  0.394809811778324E-20  0.794836906685758E-21  0.182880056594540E-21
 0.550000E+02  0.242387070309559E-19  0.110044382316625E-19  0.851883397791677E-20
 0.560000E+02  0.303769864612247E-20  0.435919512514679E-21  0.211987111451684E-21
 0.570000E+02  0.181953293359747E-19  0.975229078293624E-20  0.505081714721598E-20
 0.580000E+02  0.244353133143680E-20  0.504070788240534E-21  0.133123296635971E-21
 0.590000E+02  0.144561436180842E-19  0.820298409898695E-20  0.393059933862674E-20
 0.600000E+02  0.231955592413275E-20  0.246668094253602E-21  0.374005643799608E-22
 0.610000E+02  0.345025555627676E-19  0.223612937568242E-19  0.100926202443964E-19
 0.620000E+02  0.148350155839314E-20  0.643237940134928E-21  0.116346364798317E-21
 0.630000E+02  0.944293129785930E-20  0.388575016908014E-20  0.438724767693641E-20
 0.640000E+02  0.830908142416461E-23  0.822880906467598E-23  0.802723594886316E-25
 0.650000E+02  0.000000000000000E+00  0.000000000000000E+00  0.000000000000000E+00
 0.660000E+02  0.000000000000000E+00  0.000000000000000E+00  0.000000000000000E+00
 0.670000E+02  0.000000000000000E+00  0.000000000000000E+00  0.000000000000000E+00
 0.680000E+02  0.000000000000000E+00  0.000000000000000E+00  0.000000000000000E+00
 0.690000E+02  0.000000000000000E+00  0.000000000000000E+00  0.000000000000000E+00
 0.700000E+02  0.000000000000000E+00  0.000000000000000E+00  0.000000000000000E+00
 0.710000E+02  0.000000000000000E+00  0.000000000000000E+00  0.000000000000000E+00
 0.720000E+02  0.000000000000000E+00  0.000000000000000E+00  0.000000000000000E+00
 0.730000E+02  0.000000000000000E+00  0.000000000000000E+00  0.000000000000000E+00
 0.740000E+02  0.000000000000000E+00  0.000000000000000E+00  0.000000000000000E+00
 0.750000E+02  0.000000000000000E+00  0.000000000000000E+00  0.000000000000000E+00
 0.760000E+02  0.000000000000000E+00  0.000000000000000E+00  0.000000000000000E+00
 0.770000E+02  0.000000000000000E+00  0.000000000000000E+00  0.000000000000000E+00
 0.780000E+02  0.000000000000000E+00  0.000000000000000E+00  0.000000000000000E+00
 0.790000E+02  0.000000000000000E+00  0.000000000000000E+00  0.000000000000000E+00
 0.800000E+02  0.000000000000000E+00  0.000000000000000E+00  0.000000000000000E+00
 0.810000E+02  0.000000000000000E+00  0.000000000000000E+00  0.000000000000000E+00
 0.820000E+02  0.000000000000000E+00  0.000000000000000E+00  0.000000000000000E+00
 0.830000E+02  0.000000000000000E+00  0.000000000000000E+00  0.000000000000000E+00
 0.840000E+02  0.000000000000000E+00  0.000000000000000E+00  0.000000000000000E+00
 0.850000E+02  0.000000000000000E+00  0.000000000000000E+00  0.000000000000000E+00
 0.860000E+02  0.000000000000000E+00  0.000000000000000E+00  0.000000000000000E+00
 0.870000E+02  0.000000000000000E+00  0.000000000000000E+00  0.000000000000000E+00
 0.880000E+02  0.000000000000000E+00  0.000000000000000E+00  0.000000000000000E+00
 0.890000E+02  0.000000000000000E+00  0.000000000000000E+00  0.000000000000000E+00
 0.900000E+02  0.000000000000000E+00  0.000000000000000E+00  0.000000000000000E+00
 0.910000E+02  0.000000000000000E+00  0.000000000000000E+00  0.000000000000000E+00
 0.920000E+02  0.000000000000000E+00  0.000000000000000E+00  0.000000000000000E+00
 0.930000E+02  0.000000000000000E+00  0.000000000000000E+00  0.000000000000000E+00
 0.940000E+02  0.000000000000000E+00  0.000000000000000E+00  0.000000000000000E+00
 0.950000E+02  0.000000000000000E+00  0.000000000000000E+00  0.000000000000000E+00
 0.960000E+02  0.000000000000000E+00  0.000000000000000E+00  0.000000000000000E+00
