 0.100000E+01  0.535391033404586E+00
 0.200000E+01  0.102966803808638E+00
 0.300000E+01  0.316072136870103E-01
 0.400000E+01  0.382699535293748E-01
 0.500000E+01  0.205671502985888E-01
 0.600000E+01  0.199807135664064E-01
 0.700000E+01  0.126396383976795E-01
 0.800000E+01  0.779739960157581E-02
 0.900000E+01  0.799752732320389E-02
 0.100000E+02  0.331780094450307E-02
 0.110000E+02  0.278621478285660E-02
 0.120000E+02  0.181722821724468E-02
 0.130000E+02  0.139945144651313E-02
 0.140000E+02  0.115860254352737E-02
 0.150000E+02  0.701386931178871E-03
 0.160000E+02  0.614854600324031E-03
 0.170000E+02  0.572531334060680E-03
 0.180000E+02  0.399190533103279E-03
 0.190000E+02  0.346647078220010E-03
 0.200000E+02  0.268019550380240E-03
 0.210000E+02  0.234429127154015E-03
 0.220000E+02  0.196640169114300E-03
 0.230000E+02  0.143629874041015E-03
 0.240000E+02  0.127660260945835E-03
 0.250000E+02  0.987664007559186E-04
 0.260000E+02  0.979192083481171E-04
 0.270000E+02  0.753593869861177E-04
 0.280000E+02  0.572458670278229E-04
 0.290000E+02  0.456268436538441E-04
 0.300000E+02  0.409513133537320E-04
 0.310000E+02  0.339274739358266E-04
 0.320000E+02  0.262518191517376E-04
 0.330000E+02  0.242544972408661E-04
 0.340000E+02  0.209289939543468E-04
 0.350000E+02  0.169452448249080E-04
 0.360000E+02  0.145500660687034E-04
 0.370000E+02  0.123081388530969E-04
 0.380000E+02  0.112184671884701E-04
 0.390000E+02  0.913227330397331E-05
 0.400000E+02  0.793445262471383E-05
 0.410000E+02  0.691317171313022E-05
 0.420000E+02  0.615358816344670E-05
 0.430000E+02  0.556786597506903E-05
 0.440000E+02  0.471724862651911E-05
 0.450000E+02  0.422530916124112E-05
 0.460000E+02  0.373648230050543E-05
 0.470000E+02  0.338671283318428E-05
 0.480000E+02  0.284477226289741E-05
 0.490000E+02  0.245618513299462E-05
 0.500000E+02  0.233926175718449E-05
 0.510000E+02  0.195902036747176E-05
 0.520000E+02  0.183850265032589E-05
 0.530000E+02  0.166739308722483E-05
 0.540000E+02  0.126837464553641E-05
 0.550000E+02  0.115730200978909E-05
 0.560000E+02  0.102653609506105E-05
 0.570000E+02  0.930856715451462E-06
 0.580000E+02  0.834710573565956E-06
 0.590000E+02  0.798100325035231E-06
 0.600000E+02  0.723587826762322E-06
 0.610000E+02  0.655135939981748E-06
 0.620000E+02  0.576064127368268E-06
 0.630000E+02  0.364140233602977E-06
 0.640000E+02  0.642329329083035E-07
 0.650000E+02  0.000000000000000E+00
 0.660000E+02  0.000000000000000E+00
 0.670000E+02  0.000000000000000E+00
 0.680000E+02  0.000000000000000E+00
 0.690000E+02  0.000000000000000E+00
 0.700000E+02  0.000000000000000E+00
 0.710000E+02  0.000000000000000E+00
 0.720000E+02  0.000000000000000E+00
 0.730000E+02  0.000000000000000E+00
 0.740000E+02  0.000000000000000E+00
 0.750000E+02  0.000000000000000E+00
 0.760000E+02  0.000000000000000E+00
 0.770000E+02  0.000000000000000E+00
 0.780000E+02  0.000000000000000E+00
 0.790000E+02  0.000000000000000E+00
 0.800000E+02  0.000000000000000E+00
 0.810000E+02  0.000000000000000E+00
 0.820000E+02  0.000000000000000E+00
 0.830000E+02  0.000000000000000E+00
 0.840000E+02  0.000000000000000E+00
 0.850000E+02  0.000000000000000E+00
 0.860000E+02  0.000000000000000E+00
 0.870000E+02  0.000000000000000E+00
 0.880000E+02  0.000000000000000E+00
 0.890000E+02  0.000000000000000E+00
 0.900000E+02  0.000000000000000E+00
 0.910000E+02  0.000000000000000E+00
 0.920000E+02  0.000000000000000E+00
 0.930000E+02  0.000000000000000E+00
 0.940000E+02  0.000000000000000E+00
 0.950000E+02  0.000000000000000E+00
 0.960000E+02  0.000000000000000E+00
 0.970000E+02  0.000000000000000E+00
