 0.100000E+01  0.348804436961961E+00
 0.200000E+01  0.152151919697642E-02
 0.300000E+01  0.110179240458839E-03
 0.400000E+01  0.879563873435755E-05
 0.500000E+01  0.562399109569159E-07
 0.600000E+01  0.532213890906106E-08
 0.700000E+01  0.903548847955306E-10
 0.800000E+01  0.490221283909082E-11
 0.900000E+01  0.244524896556939E-12
 0.100000E+02  0.373770889514228E-14
 0.110000E+02  0.372100368862749E-15
 0.120000E+02  0.100738164138589E-16
 0.130000E+02  0.321566425866204E-17
 0.140000E+02  0.123431996837387E-17
 0.150000E+02  0.712484443242323E-18
 0.160000E+02  0.600145218701748E-18
 0.170000E+02  0.100979810593335E-17
 0.180000E+02  0.498144783159900E-18
 0.190000E+02  0.306127382768472E-18
 0.200000E+02  0.157715638048696E-18
 0.210000E+02  0.117528339518839E-18
 0.220000E+02  0.153582529196757E-18
 0.230000E+02  0.346659156516732E-18
 0.240000E+02  0.177670517719196E-18
 0.250000E+02  0.835187013633576E-18
 0.260000E+02  0.364752711950524E-18
 0.270000E+02  0.168936263225149E-18
 0.280000E+02  0.823279171856435E-19
 0.290000E+02  0.597021688113747E-19
 0.300000E+02  0.145444751003466E-18
 0.310000E+02  0.309214859914648E-18
 0.320000E+02  0.990537799585178E-19
 0.330000E+02  0.148753540669089E-18
 0.340000E+02  0.645863820587595E-19
 0.350000E+02  0.164260165912987E-18
 0.360000E+02  0.392948229425915E-19
 0.370000E+02  0.171372658282371E-18
 0.380000E+02  0.645443987047202E-19
 0.390000E+02  0.434481510466412E-19
 0.400000E+02  0.282786060495051E-19
 0.410000E+02  0.296165962511639E-19
 0.420000E+02  0.186808827138951E-19
 0.430000E+02  0.133619924957754E-19
 0.440000E+02  0.913635462110640E-20
 0.450000E+02  0.838327530563548E-20
 0.460000E+02  0.239750180027116E-19
 0.470000E+02  0.122464950964469E-18
 0.480000E+02  0.251272370798930E-19
 0.490000E+02  0.129414405314657E-18
 0.500000E+02  0.311561019391286E-19
 0.510000E+02  0.929178293658715E-20
 0.520000E+02  0.613484378106711E-20
 0.530000E+02  0.653353978700133E-20
 0.540000E+02  0.156596090306738E-19
 0.550000E+02  0.185847528919409E-19
 0.560000E+02  0.123011514319087E-19
 0.570000E+02  0.167335274703806E-19
 0.580000E+02  0.146157628730381E-19
 0.590000E+02  0.180158629540730E-19
 0.600000E+02  0.320998134884600E-20
 0.610000E+02  0.253563974418374E-19
 0.620000E+02  0.112184858036060E-19
 0.630000E+02  0.168211185540854E-19
 0.640000E+02  0.670650668546161E-21
 0.650000E+02  0.000000000000000E+00
 0.660000E+02  0.000000000000000E+00
 0.670000E+02  0.000000000000000E+00
 0.680000E+02  0.000000000000000E+00
 0.690000E+02  0.000000000000000E+00
 0.700000E+02  0.000000000000000E+00
 0.710000E+02  0.000000000000000E+00
 0.720000E+02  0.000000000000000E+00
 0.730000E+02  0.000000000000000E+00
 0.740000E+02  0.000000000000000E+00
 0.750000E+02  0.000000000000000E+00
 0.760000E+02  0.000000000000000E+00
 0.770000E+02  0.000000000000000E+00
 0.780000E+02  0.000000000000000E+00
 0.790000E+02  0.000000000000000E+00
 0.800000E+02  0.000000000000000E+00
 0.810000E+02  0.000000000000000E+00
 0.820000E+02  0.000000000000000E+00
 0.830000E+02  0.000000000000000E+00
 0.840000E+02  0.000000000000000E+00
 0.850000E+02  0.000000000000000E+00
 0.860000E+02  0.000000000000000E+00
 0.870000E+02  0.000000000000000E+00
 0.880000E+02  0.000000000000000E+00
 0.890000E+02  0.000000000000000E+00
 0.900000E+02  0.000000000000000E+00
 0.910000E+02  0.000000000000000E+00
 0.920000E+02  0.000000000000000E+00
 0.930000E+02  0.000000000000000E+00
 0.940000E+02  0.000000000000000E+00
 0.950000E+02  0.000000000000000E+00
 0.960000E+02  0.000000000000000E+00
 0.970000E+02  0.000000000000000E+00
