 0.100000E+01  0.127425023826471E+01
 0.200000E+01  0.614797073619188E-01
 0.300000E+01  0.247403010749946E-01
 0.400000E+01  0.307602614660722E-01
 0.500000E+01  0.187299582574279E-01
 0.600000E+01  0.159445545669025E-01
 0.700000E+01  0.106863523268015E-01
 0.800000E+01  0.808932347645558E-02
 0.900000E+01  0.577249313951710E-02
 0.100000E+02  0.408014296286360E-02
 0.110000E+02  0.340837731373630E-02
 0.120000E+02  0.272940794067925E-02
 0.130000E+02  0.312443384866192E-02
 0.140000E+02  0.189641931089421E-02
 0.150000E+02  0.169771526632068E-02
 0.160000E+02  0.165788996430922E-02
 0.170000E+02  0.144103606351409E-02
 0.180000E+02  0.116087148406130E-02
 0.190000E+02  0.935743242999829E-03
 0.200000E+02  0.725524003384666E-03
 0.210000E+02  0.726182800614004E-03
 0.220000E+02  0.535119802411537E-03
 0.230000E+02  0.395890926798034E-03
 0.240000E+02  0.340150938336356E-03
 0.250000E+02  0.315723746513007E-03
 0.260000E+02  0.276078983464912E-03
 0.270000E+02  0.207417790780338E-03
 0.280000E+02  0.168223689130204E-03
 0.290000E+02  0.135444421021144E-03
 0.300000E+02  0.116778584690167E-03
 0.310000E+02  0.969726468407743E-04
 0.320000E+02  0.768816807697053E-04
 0.330000E+02  0.665834806575859E-04
 0.340000E+02  0.598284184325024E-04
 0.350000E+02  0.477543894306392E-04
 0.360000E+02  0.424821835269392E-04
 0.370000E+02  0.337107774539712E-04
 0.380000E+02  0.315475298686936E-04
 0.390000E+02  0.263070059723648E-04
 0.400000E+02  0.241389224911632E-04
 0.410000E+02  0.208214250776144E-04
 0.420000E+02  0.175040032880192E-04
 0.430000E+02  0.153300195546315E-04
 0.440000E+02  0.135175939483296E-04
 0.450000E+02  0.119523479504276E-04
 0.460000E+02  0.103500386216449E-04
 0.470000E+02  0.952031171216270E-05
 0.480000E+02  0.823401558269859E-05
 0.490000E+02  0.746228980327086E-05
 0.500000E+02  0.680066667306346E-05
 0.510000E+02  0.563076482484905E-05
 0.520000E+02  0.460924491996160E-05
 0.530000E+02  0.432898231124705E-05
 0.540000E+02  0.347017115014550E-05
 0.550000E+02  0.307786579221194E-05
 0.560000E+02  0.271391283891012E-05
 0.570000E+02  0.225012362573649E-05
 0.580000E+02  0.195379425122444E-05
 0.590000E+02  0.169528064016924E-05
 0.600000E+02  0.143438442878770E-05
 0.610000E+02  0.119740539709786E-05
 0.620000E+02  0.948388790570106E-06
 0.630000E+02  0.678878922894477E-06
 0.640000E+02  0.224696067305706E-06
 0.650000E+02  0.000000000000000E+00
 0.660000E+02  0.000000000000000E+00
 0.670000E+02  0.000000000000000E+00
 0.680000E+02  0.000000000000000E+00
 0.690000E+02  0.000000000000000E+00
 0.700000E+02  0.000000000000000E+00
 0.710000E+02  0.000000000000000E+00
 0.720000E+02  0.000000000000000E+00
 0.730000E+02  0.000000000000000E+00
 0.740000E+02  0.000000000000000E+00
 0.750000E+02  0.000000000000000E+00
 0.760000E+02  0.000000000000000E+00
 0.770000E+02  0.000000000000000E+00
 0.780000E+02  0.000000000000000E+00
 0.790000E+02  0.000000000000000E+00
 0.800000E+02  0.000000000000000E+00
 0.810000E+02  0.000000000000000E+00
 0.820000E+02  0.000000000000000E+00
 0.830000E+02  0.000000000000000E+00
 0.840000E+02  0.000000000000000E+00
 0.850000E+02  0.000000000000000E+00
 0.860000E+02  0.000000000000000E+00
 0.870000E+02  0.000000000000000E+00
 0.880000E+02  0.000000000000000E+00
 0.890000E+02  0.000000000000000E+00
 0.900000E+02  0.000000000000000E+00
 0.910000E+02  0.000000000000000E+00
 0.920000E+02  0.000000000000000E+00
 0.930000E+02  0.000000000000000E+00
 0.940000E+02  0.000000000000000E+00
 0.950000E+02  0.000000000000000E+00
 0.960000E+02  0.000000000000000E+00
 0.970000E+02  0.000000000000000E+00
