 0.000000E+00  0.279377843021988E-03  0.000000000000000E+00  0.000000000000000E+00
 0.100000E+01  0.141612996210665E+01  0.131380272046954E+01  0.102045624516904E+00
 0.200000E+01  0.845973962786758E-01  0.158524033986396E-02  0.816824592953793E-01
 0.300000E+01  0.204748368630720E-01  0.283975816364546E-02  0.156586753109877E-01
 0.400000E+01  0.253618978139443E-01  0.114492421062096E-02  0.216187212768091E-01
 0.500000E+01  0.202743584062483E-01  0.974608337855898E-03  0.152180907357433E-01
 0.600000E+01  0.101810410427995E-01  0.433243845293418E-03  0.672157221652014E-02
 0.700000E+01  0.105113334890965E-01  0.449977701407533E-03  0.647742639557691E-02
 0.800000E+01  0.612092856965304E-02  0.196354346623906E-03  0.304964497433957E-02
 0.900000E+01  0.366108495224152E-02  0.188050100305759E-03  0.142480371670217E-02
 0.100000E+02  0.377170657015650E-02  0.208101497875646E-03  0.157436128722566E-02
 0.110000E+02  0.292195549321359E-02  0.167680888338850E-03  0.114812594499369E-02
 0.120000E+02  0.304119216694292E-02  0.129923577041779E-03  0.137584698319415E-02
 0.130000E+02  0.259786334856269E-02  0.117202728009858E-03  0.113475140819852E-02
 0.140000E+02  0.162433308288625E-02  0.734873588230656E-04  0.617188426847548E-03
 0.150000E+02  0.161849424486326E-02  0.446664550510789E-04  0.689681577213719E-03
 0.160000E+02  0.117467549666145E-02  0.273533716175223E-04  0.451512447625424E-03
 0.170000E+02  0.121778157542295E-02  0.273581332468353E-04  0.517408650039686E-03
 0.180000E+02  0.885078354691571E-03  0.243428100692444E-04  0.316595769266126E-03
 0.190000E+02  0.597076188657485E-03  0.210951438068818E-04  0.159443515281410E-03
 0.200000E+02  0.513497421178883E-03  0.114222752968240E-04  0.168165146732679E-03
 0.210000E+02  0.516823457422485E-03  0.134622867411505E-04  0.209938107274210E-03
 0.220000E+02  0.346247787816561E-03  0.918658276466422E-05  0.100787151514625E-03
 0.230000E+02  0.296831292227678E-03  0.525900554970704E-05  0.816567115257683E-04
 0.240000E+02  0.235919006306442E-03  0.471371710181190E-05  0.657933052398627E-04
 0.250000E+02  0.219776876555364E-03  0.441947375916241E-05  0.616504147261665E-04
 0.260000E+02  0.190540201310595E-03  0.324886851311990E-05  0.520412294173767E-04
 0.270000E+02  0.137257862956307E-03  0.233244051422998E-05  0.310166442035326E-04
 0.280000E+02  0.121442314364061E-03  0.174906396968946E-05  0.307455149087532E-04
 0.290000E+02  0.113381386922266E-03  0.164777761262839E-05  0.308684999658082E-04
 0.300000E+02  0.966340072010803E-04  0.146234629730402E-05  0.274719325232820E-04
 0.310000E+02  0.856778143565711E-04  0.134294266771438E-05  0.234282813938863E-04
 0.320000E+02  0.671753090571637E-04  0.918235530944500E-06  0.175020406808987E-04
 0.330000E+02  0.606616842762669E-04  0.853893047755849E-06  0.150463846489424E-04
 0.340000E+02  0.619193513011381E-04  0.646807031219609E-06  0.205431961676876E-04
 0.350000E+02  0.417736257044253E-04  0.496226156231766E-06  0.106961287483047E-04
 0.360000E+02  0.418261854716510E-04  0.429664384521931E-06  0.116677293160276E-04
 0.370000E+02  0.350961843042718E-04  0.372261539763157E-06  0.111174626009720E-04
 0.380000E+02  0.337422956409807E-04  0.411209054538945E-06  0.932837161431535E-05
 0.390000E+02  0.262650827302360E-04  0.285262865025795E-06  0.570783534287883E-05
 0.400000E+02  0.207846867380727E-04  0.246574413490918E-06  0.433631767874504E-05
 0.410000E+02  0.189887347971005E-04  0.205329178454977E-06  0.327382414399419E-05
 0.420000E+02  0.162173296844092E-04  0.174151996464814E-06  0.400807011001481E-05
 0.430000E+02  0.140918382499201E-04  0.159406601073567E-06  0.241478030300370E-05
 0.440000E+02  0.117779591558380E-04  0.112365650544594E-06  0.246330175448923E-05
 0.450000E+02  0.100219783059584E-04  0.947997701227572E-07  0.202176332443887E-05
 0.460000E+02  0.900348976943655E-05  0.840626138769954E-07  0.144278282338678E-05
 0.470000E+02  0.807846430669238E-05  0.667333393546439E-07  0.179198829891028E-05
 0.480000E+02  0.757052881941910E-05  0.498056326967431E-07  0.126637038520318E-05
 0.490000E+02  0.606115491381825E-05  0.441717222726744E-07  0.971614195813351E-06
 0.500000E+02  0.544832195221834E-05  0.393915735564750E-07  0.863314704591632E-06
 0.510000E+02  0.508448235368203E-05  0.355635765777757E-07  0.875298601051120E-06
 0.520000E+02  0.398317345531101E-05  0.289977720073302E-07  0.554444504656548E-06
 0.530000E+02  0.361518059310729E-05  0.273359678554155E-07  0.472978174883520E-06
 0.540000E+02  0.305488239239218E-05  0.189854216349830E-07  0.376542016245482E-06
 0.550000E+02  0.313034066082778E-05  0.228488957384467E-07  0.446945167495623E-06
 0.560000E+02  0.242350946824317E-05  0.206438807532835E-07  0.239051728451901E-06
 0.570000E+02  0.223948005867076E-05  0.196068365965717E-07  0.223711154325791E-06
 0.580000E+02  0.182068120596022E-05  0.186528910141868E-07  0.172973637081750E-06
 0.590000E+02  0.163062604928175E-05  0.182750844184725E-07  0.199996051333416E-06
 0.600000E+02  0.149170831819773E-05  0.182287605231778E-07  0.220195346736936E-06
 0.610000E+02  0.121475441874779E-05  0.180983218223487E-07  0.152426490269270E-06
 0.620000E+02  0.924623009916168E-06  0.152869859819816E-07  0.169763421742060E-06
 0.630000E+02  0.641589538249280E-06  0.140967105516257E-07  0.214994832360379E-06
 0.640000E+02  0.214001022469119E-09  0.541754403924483E-10  0.159825582076670E-09
 0.650000E+02  0.000000000000000E+00  0.000000000000000E+00  0.000000000000000E+00
 0.660000E+02  0.000000000000000E+00  0.000000000000000E+00  0.000000000000000E+00
 0.670000E+02  0.000000000000000E+00  0.000000000000000E+00  0.000000000000000E+00
 0.680000E+02  0.000000000000000E+00  0.000000000000000E+00  0.000000000000000E+00
 0.690000E+02  0.000000000000000E+00  0.000000000000000E+00  0.000000000000000E+00
 0.700000E+02  0.000000000000000E+00  0.000000000000000E+00  0.000000000000000E+00
 0.710000E+02  0.000000000000000E+00  0.000000000000000E+00  0.000000000000000E+00
 0.720000E+02  0.000000000000000E+00  0.000000000000000E+00  0.000000000000000E+00
 0.730000E+02  0.000000000000000E+00  0.000000000000000E+00  0.000000000000000E+00
 0.740000E+02  0.000000000000000E+00  0.000000000000000E+00  0.000000000000000E+00
 0.750000E+02  0.000000000000000E+00  0.000000000000000E+00  0.000000000000000E+00
 0.760000E+02  0.000000000000000E+00  0.000000000000000E+00  0.000000000000000E+00
 0.770000E+02  0.000000000000000E+00  0.000000000000000E+00  0.000000000000000E+00
 0.780000E+02  0.000000000000000E+00  0.000000000000000E+00  0.000000000000000E+00
 0.790000E+02  0.000000000000000E+00  0.000000000000000E+00  0.000000000000000E+00
 0.800000E+02  0.000000000000000E+00  0.000000000000000E+00  0.000000000000000E+00
 0.810000E+02  0.000000000000000E+00  0.000000000000000E+00  0.000000000000000E+00
 0.820000E+02  0.000000000000000E+00  0.000000000000000E+00  0.000000000000000E+00
 0.830000E+02  0.000000000000000E+00  0.000000000000000E+00  0.000000000000000E+00
 0.840000E+02  0.000000000000000E+00  0.000000000000000E+00  0.000000000000000E+00
 0.850000E+02  0.000000000000000E+00  0.000000000000000E+00  0.000000000000000E+00
 0.860000E+02  0.000000000000000E+00  0.000000000000000E+00  0.000000000000000E+00
 0.870000E+02  0.000000000000000E+00  0.000000000000000E+00  0.000000000000000E+00
 0.880000E+02  0.000000000000000E+00  0.000000000000000E+00  0.000000000000000E+00
 0.890000E+02  0.000000000000000E+00  0.000000000000000E+00  0.000000000000000E+00
 0.900000E+02  0.000000000000000E+00  0.000000000000000E+00  0.000000000000000E+00
 0.910000E+02  0.000000000000000E+00  0.000000000000000E+00  0.000000000000000E+00
 0.920000E+02  0.000000000000000E+00  0.000000000000000E+00  0.000000000000000E+00
 0.930000E+02  0.000000000000000E+00  0.000000000000000E+00  0.000000000000000E+00
 0.940000E+02  0.000000000000000E+00  0.000000000000000E+00  0.000000000000000E+00
 0.950000E+02  0.000000000000000E+00  0.000000000000000E+00  0.000000000000000E+00
 0.960000E+02  0.000000000000000E+00  0.000000000000000E+00  0.000000000000000E+00
