 0.000000E+00  0.110468233053165E+00  0.144830562640280E-01  0.959851767891374E-01
 0.100000E+01  0.246578317219289E-03  0.246378029670322E-03  0.200287548968031E-06
 0.200000E+01  0.344979453770120E-10  0.305652242630623E-10  0.393272111395202E-11
 0.300000E+01  0.480094854213819E-15  0.455177020693850E-15  0.249178335199663E-16
 0.400000E+01  0.126700884514180E-19  0.106111616842182E-19  0.205892676719987E-20
 0.500000E+01  0.101256022972759E-19  0.810723244330023E-20  0.201836985397566E-20
 0.600000E+01  0.168330905619405E-19  0.149056516649182E-19  0.192743889702239E-20
 0.700000E+01  0.116108560317238E-19  0.980921082232763E-20  0.180164520939618E-20
 0.800000E+01  0.668268741746863E-20  0.518301890580699E-20  0.149966851166164E-20
 0.900000E+01  0.103715951020222E-19  0.890119491828611E-20  0.147040018373611E-20
 0.100000E+02  0.103057932076885E-19  0.883590936860987E-20  0.146988383907865E-20
 0.110000E+02  0.711557857281175E-20  0.592335077313377E-20  0.119222779967798E-20
 0.120000E+02  0.157271650962176E-19  0.144588442692542E-19  0.126832082696340E-20
 0.130000E+02  0.753489724201002E-20  0.658931000013662E-20  0.945587241873402E-21
 0.140000E+02  0.112608478340217E-19  0.105517218944264E-19  0.709125939595296E-21
 0.150000E+02  0.610169376601995E-20  0.572852875287783E-20  0.373165013142114E-21
 0.160000E+02  0.374899140121447E-22  0.374899140121447E-22  0.000000000000000E+00
 0.170000E+02  0.000000000000000E+00  0.000000000000000E+00  0.000000000000000E+00
 0.180000E+02  0.000000000000000E+00  0.000000000000000E+00  0.000000000000000E+00
 0.190000E+02  0.000000000000000E+00  0.000000000000000E+00  0.000000000000000E+00
 0.200000E+02  0.000000000000000E+00  0.000000000000000E+00  0.000000000000000E+00
 0.210000E+02  0.000000000000000E+00  0.000000000000000E+00  0.000000000000000E+00
 0.220000E+02  0.000000000000000E+00  0.000000000000000E+00  0.000000000000000E+00
 0.230000E+02  0.000000000000000E+00  0.000000000000000E+00  0.000000000000000E+00
 0.240000E+02  0.000000000000000E+00  0.000000000000000E+00  0.000000000000000E+00
