 0.000000E+00  0.822071897861069E-03  0.000000000000000E+00  0.000000000000000E+00
 0.100000E+01  0.661893321437825E+00  0.409253612276554E+00  0.252626271918416E+00
 0.200000E+01  0.784025858477474E-01  0.230818455904114E-06  0.783626103075221E-01
 0.300000E+01  0.216859709128825E-01  0.451290132374993E-06  0.215945569289033E-01
 0.400000E+01  0.196775372212629E-01  0.672378383193006E-06  0.195373221577029E-01
 0.500000E+01  0.129647484545022E-01  0.163286190346668E-05  0.127184352668337E-01
 0.600000E+01  0.731272318371033E-02  0.145875289936370E-05  0.714918564699474E-02
 0.700000E+01  0.451824144562655E-02  0.248820345699619E-05  0.427096592466114E-02
 0.800000E+01  0.443049063938033E-02  0.240628387770947E-05  0.416331345246590E-02
 0.900000E+01  0.183025003855103E-02  0.189011618845214E-05  0.164909124677237E-02
 0.100000E+02  0.144031976049428E-02  0.212326339255053E-05  0.129655426675512E-02
 0.110000E+02  0.108783083531995E-02  0.178257622918121E-05  0.999212865320231E-03
 0.120000E+02  0.680920943003525E-03  0.238065125757192E-05  0.599251791603805E-03
 0.130000E+02  0.703299228492676E-03  0.213601884974102E-05  0.627771188751680E-03
 0.140000E+02  0.321228917075084E-03  0.133271471894347E-05  0.268418256327584E-03
 0.150000E+02  0.251285070544859E-03  0.122564257882402E-05  0.207701741734234E-03
 0.160000E+02  0.202340550128942E-03  0.871406978103506E-06  0.172901336078668E-03
 0.170000E+02  0.182625682272801E-03  0.102983578011834E-05  0.161876590300120E-03
 0.180000E+02  0.125999235194258E-03  0.636162792930217E-06  0.110549758301770E-03
 0.190000E+02  0.820382420298175E-04  0.453833335536946E-06  0.706260555440597E-04
 0.200000E+02  0.655065812526138E-04  0.264273781968921E-06  0.557790065021651E-04
 0.210000E+02  0.632815580177255E-04  0.176806912205191E-06  0.553297207302045E-04
 0.220000E+02  0.358158717754591E-04  0.110810033793131E-06  0.309077142750802E-04
 0.230000E+02  0.287048411964288E-04  0.819075953537723E-07  0.248557642256592E-04
 0.240000E+02  0.195309856860775E-04  0.503082593158880E-07  0.166615468384680E-04
 0.250000E+02  0.196693773777336E-04  0.293356652806415E-07  0.170799833072279E-04
 0.260000E+02  0.120470510184298E-04  0.133193178165339E-07  0.102993215644561E-04
 0.270000E+02  0.768970155269874E-05  0.970555239778945E-08  0.648937005755940E-05
 0.280000E+02  0.617391832803818E-05  0.825125194743332E-08  0.517139333571816E-05
 0.290000E+02  0.458327556280454E-05  0.652468675160604E-08  0.384829386578184E-05
 0.300000E+02  0.369015726341420E-05  0.521770215157783E-08  0.315966283266232E-05
 0.310000E+02  0.220016352199498E-05  0.582891559218273E-08  0.181432934299812E-05
 0.320000E+02  0.138881285507863E-05  0.426788090671199E-08  0.111718397103708E-05
 0.330000E+02  0.994748907567765E-06  0.408593143424625E-08  0.794999292825821E-06
 0.340000E+02  0.951036809958108E-06  0.372708274416190E-08  0.775394387411569E-06
 0.350000E+02  0.428038660643433E-06  0.187156687305244E-08  0.330767527656952E-06
 0.360000E+02  0.333728613690913E-06  0.173670213660509E-08  0.250935788791542E-06
 0.370000E+02  0.228733688059101E-06  0.117310506173371E-08  0.169290214437061E-06
 0.380000E+02  0.195252025059724E-06  0.110592554540544E-08  0.146576040285575E-06
 0.390000E+02  0.102063295606638E-06  0.568885771353243E-09  0.705117606144605E-07
 0.400000E+02  0.638244254817962E-07  0.318130034793028E-09  0.429153727959106E-07
 0.410000E+02  0.462019083882381E-07  0.263434714708818E-09  0.290448571754074E-07
 0.420000E+02  0.389830050433061E-07  0.269692114615611E-09  0.254262703175607E-07
 0.430000E+02  0.219339897946025E-07  0.175872127069077E-09  0.131607589723344E-07
 0.440000E+02  0.149130904192328E-07  0.138492089033389E-09  0.811357732247498E-08
 0.450000E+02  0.106879551843825E-07  0.993513492859298E-10  0.575778262944836E-08
 0.460000E+02  0.800400796649501E-08  0.100398465240339E-09  0.408207252574398E-08
 0.470000E+02  0.606688165829072E-08  0.951462742899168E-10  0.315517090028243E-08
 0.480000E+02  0.362584408506352E-08  0.745201378087416E-10  0.162783240325221E-08
 0.490000E+02  0.243966151527605E-08  0.519454257987957E-10  0.982286850283734E-09
 0.500000E+02  0.188003884891972E-08  0.372699331075066E-10  0.673034491191478E-09
 0.510000E+02  0.148699204774643E-08  0.311505288772941E-10  0.562975098386402E-09
 0.520000E+02  0.843675903956655E-09  0.198184917976832E-10  0.255198304637942E-09
 0.530000E+02  0.673592634080014E-09  0.154927879504885E-10  0.188210829599575E-09
 0.540000E+02  0.466657645822964E-09  0.102507773624972E-10  0.126614808747961E-09
 0.550000E+02  0.411927009600628E-09  0.881203751996069E-11  0.110538371237456E-09
 0.560000E+02  0.250211592589622E-09  0.627509697657560E-11  0.516132546992968E-10
 0.570000E+02  0.186818720207063E-09  0.461289314427765E-11  0.356519182460237E-10
 0.580000E+02  0.139528066539361E-09  0.363237395719760E-11  0.269391735865039E-10
 0.590000E+02  0.114140837604284E-09  0.290485861227663E-11  0.204739970887007E-10
 0.600000E+02  0.888028366731045E-10  0.244241321390802E-11  0.160848793122964E-10
 0.610000E+02  0.582321063890383E-10  0.187554090205711E-11  0.897285067130811E-11
 0.620000E+02  0.414279727508119E-10  0.168755165412250E-11  0.734711489114546E-11
 0.630000E+02  0.342991990130904E-10  0.237572854206992E-11  0.957835444380954E-11
 0.640000E+02  0.175244133314593E-16  0.294287607831397E-17  0.145815372531454E-16
 0.650000E+02  0.000000000000000E+00  0.000000000000000E+00  0.000000000000000E+00
 0.660000E+02  0.000000000000000E+00  0.000000000000000E+00  0.000000000000000E+00
 0.670000E+02  0.000000000000000E+00  0.000000000000000E+00  0.000000000000000E+00
 0.680000E+02  0.000000000000000E+00  0.000000000000000E+00  0.000000000000000E+00
 0.690000E+02  0.000000000000000E+00  0.000000000000000E+00  0.000000000000000E+00
 0.700000E+02  0.000000000000000E+00  0.000000000000000E+00  0.000000000000000E+00
 0.710000E+02  0.000000000000000E+00  0.000000000000000E+00  0.000000000000000E+00
 0.720000E+02  0.000000000000000E+00  0.000000000000000E+00  0.000000000000000E+00
 0.730000E+02  0.000000000000000E+00  0.000000000000000E+00  0.000000000000000E+00
 0.740000E+02  0.000000000000000E+00  0.000000000000000E+00  0.000000000000000E+00
 0.750000E+02  0.000000000000000E+00  0.000000000000000E+00  0.000000000000000E+00
 0.760000E+02  0.000000000000000E+00  0.000000000000000E+00  0.000000000000000E+00
 0.770000E+02  0.000000000000000E+00  0.000000000000000E+00  0.000000000000000E+00
 0.780000E+02  0.000000000000000E+00  0.000000000000000E+00  0.000000000000000E+00
 0.790000E+02  0.000000000000000E+00  0.000000000000000E+00  0.000000000000000E+00
 0.800000E+02  0.000000000000000E+00  0.000000000000000E+00  0.000000000000000E+00
 0.810000E+02  0.000000000000000E+00  0.000000000000000E+00  0.000000000000000E+00
 0.820000E+02  0.000000000000000E+00  0.000000000000000E+00  0.000000000000000E+00
 0.830000E+02  0.000000000000000E+00  0.000000000000000E+00  0.000000000000000E+00
 0.840000E+02  0.000000000000000E+00  0.000000000000000E+00  0.000000000000000E+00
 0.850000E+02  0.000000000000000E+00  0.000000000000000E+00  0.000000000000000E+00
 0.860000E+02  0.000000000000000E+00  0.000000000000000E+00  0.000000000000000E+00
 0.870000E+02  0.000000000000000E+00  0.000000000000000E+00  0.000000000000000E+00
 0.880000E+02  0.000000000000000E+00  0.000000000000000E+00  0.000000000000000E+00
 0.890000E+02  0.000000000000000E+00  0.000000000000000E+00  0.000000000000000E+00
 0.900000E+02  0.000000000000000E+00  0.000000000000000E+00  0.000000000000000E+00
 0.910000E+02  0.000000000000000E+00  0.000000000000000E+00  0.000000000000000E+00
 0.920000E+02  0.000000000000000E+00  0.000000000000000E+00  0.000000000000000E+00
 0.930000E+02  0.000000000000000E+00  0.000000000000000E+00  0.000000000000000E+00
 0.940000E+02  0.000000000000000E+00  0.000000000000000E+00  0.000000000000000E+00
 0.950000E+02  0.000000000000000E+00  0.000000000000000E+00  0.000000000000000E+00
 0.960000E+02  0.000000000000000E+00  0.000000000000000E+00  0.000000000000000E+00
