 0.000000E+00  0.120390010500845E-03  0.000000000000000E+00  0.000000000000000E+00
 0.100000E+01  0.535273555011999E+00  0.386937198584747E+00  0.148320780135691E+00
 0.200000E+01  0.126269199841331E+00  0.152096508145405E-03  0.126008268591249E+00
 0.300000E+01  0.223718230569571E-01  0.180082975930418E-03  0.216999043732358E-01
 0.400000E+01  0.249635259146578E-01  0.188542289834004E-03  0.229851835483714E-01
 0.500000E+01  0.300159574632310E-01  0.245485801656287E-03  0.243455175868803E-01
 0.600000E+01  0.123478077533217E-01  0.161954143557352E-03  0.622246961847850E-02
 0.700000E+01  0.129193398425951E-01  0.124998645208763E-03  0.761089935988934E-02
 0.800000E+01  0.889916083649793E-02  0.837880842330385E-04  0.612771440611937E-02
 0.900000E+01  0.468741383917733E-02  0.482665162913065E-04  0.306154512463763E-02
 0.100000E+02  0.415391358806103E-02  0.476422557653677E-04  0.281178994205789E-02
 0.110000E+02  0.196904861879544E-02  0.422566486477649E-04  0.109780964657347E-02
 0.120000E+02  0.172077311999171E-02  0.458379036771817E-04  0.771272613533824E-03
 0.130000E+02  0.136864983873454E-02  0.383647835613399E-04  0.590779981033629E-03
 0.140000E+02  0.928253239466137E-03  0.202501740255157E-04  0.369460124983512E-03
 0.150000E+02  0.744904542996668E-03  0.141868222993669E-04  0.326010035941238E-03
 0.160000E+02  0.518312045565566E-03  0.814076159916244E-05  0.191001838748095E-03
 0.170000E+02  0.492271495118526E-03  0.723865226076592E-05  0.184003900827623E-03
 0.180000E+02  0.418016951569378E-03  0.444661282328340E-05  0.178649286407317E-03
 0.190000E+02  0.286005709333822E-03  0.386880681468860E-05  0.896552756484148E-04
 0.200000E+02  0.244453348794740E-03  0.313053739253721E-05  0.853767535312633E-04
 0.210000E+02  0.224373038192021E-03  0.270628859466021E-05  0.838133003500663E-04
 0.220000E+02  0.163036563054217E-03  0.217839223728977E-05  0.571853991019910E-04
 0.230000E+02  0.144338406234972E-03  0.189662049834144E-05  0.544460118731271E-04
 0.240000E+02  0.112806537769255E-03  0.174588419137381E-05  0.329938882382974E-04
 0.250000E+02  0.102012954032861E-03  0.161507999265134E-05  0.315886973245444E-04
 0.260000E+02  0.887057101782791E-04  0.114024505162846E-05  0.324068465605287E-04
 0.270000E+02  0.589006854166451E-04  0.951681688829420E-06  0.165808007427763E-04
 0.280000E+02  0.501359460296419E-04  0.777662843228638E-06  0.142433279032017E-04
 0.290000E+02  0.450629825448469E-04  0.733620670611418E-06  0.970087739987635E-05
 0.300000E+02  0.349679317178057E-04  0.600242801300672E-06  0.783867559822626E-05
 0.310000E+02  0.323754017316453E-04  0.468158396135831E-06  0.713939327846511E-05
 0.320000E+02  0.237543234711562E-04  0.365516696237446E-06  0.377328233307911E-05
 0.330000E+02  0.221355659874297E-04  0.261130032099335E-06  0.499321452509388E-05
 0.340000E+02  0.197494240622458E-04  0.215764085867518E-06  0.459511518187752E-05
 0.350000E+02  0.139542423924695E-04  0.147688785387921E-06  0.264294766878087E-05
 0.360000E+02  0.140123996196911E-04  0.140494846699460E-06  0.269811563495537E-05
 0.370000E+02  0.109728174794808E-04  0.107680845999968E-06  0.175379311602615E-05
 0.380000E+02  0.108021936925622E-04  0.864630430043832E-07  0.181876872542078E-05
 0.390000E+02  0.819382396643129E-05  0.735599250075748E-07  0.123138764672459E-05
 0.400000E+02  0.668803050066867E-05  0.491102860447542E-07  0.102237264897054E-05
 0.410000E+02  0.699588522764698E-05  0.520705191371391E-07  0.918724594968669E-06
 0.420000E+02  0.557877421496524E-05  0.379609665684044E-07  0.548328645273168E-06
 0.430000E+02  0.517497568809628E-05  0.322531525646821E-07  0.526274611581563E-06
 0.440000E+02  0.431212545983501E-05  0.232390081003828E-07  0.414637418064145E-06
 0.450000E+02  0.376312866312424E-05  0.175365389969574E-07  0.311931894865980E-06
 0.460000E+02  0.353742222211904E-05  0.157857936991176E-07  0.306097993431559E-06
 0.470000E+02  0.282177061101653E-05  0.139532048444710E-07  0.206390650219575E-06
 0.480000E+02  0.263004324791379E-05  0.106347328761172E-07  0.195062371585423E-06
 0.490000E+02  0.234484012108285E-05  0.778817585599725E-08  0.142414606416541E-06
 0.500000E+02  0.213559684986083E-05  0.683017629827658E-08  0.126872105296865E-06
 0.510000E+02  0.193194747223540E-05  0.570662058840127E-08  0.109964964058618E-06
 0.520000E+02  0.155449308165029E-05  0.439566612571627E-08  0.730686759292529E-07
 0.530000E+02  0.127787991783664E-05  0.443408616396958E-08  0.692668980840395E-07
 0.540000E+02  0.111814846369207E-05  0.403637772352148E-08  0.566864101672994E-07
 0.550000E+02  0.109596023518532E-05  0.444972529290375E-08  0.483600945464088E-07
 0.560000E+02  0.878116242995505E-06  0.384911323194603E-08  0.406784375562219E-07
 0.570000E+02  0.846135354696396E-06  0.297925137076159E-08  0.388689872960228E-07
 0.580000E+02  0.767941043202619E-06  0.262701609678150E-08  0.381288894037139E-07
 0.590000E+02  0.707576490855183E-06  0.270345067443771E-08  0.371836295293948E-07
 0.600000E+02  0.687096809516506E-06  0.320348303851740E-08  0.402116892877621E-07
 0.610000E+02  0.623216054252155E-06  0.341692401786035E-08  0.505238306284790E-07
 0.620000E+02  0.461822186957811E-06  0.420277574181399E-08  0.550389580888337E-07
 0.630000E+02  0.251058565175003E-06  0.442482333432333E-08  0.568830017565841E-07
 0.640000E+02  0.141260739550064E-08  0.983877323129022E-12  0.141162351817751E-08
 0.650000E+02  0.000000000000000E+00  0.000000000000000E+00  0.000000000000000E+00
 0.660000E+02  0.000000000000000E+00  0.000000000000000E+00  0.000000000000000E+00
 0.670000E+02  0.000000000000000E+00  0.000000000000000E+00  0.000000000000000E+00
 0.680000E+02  0.000000000000000E+00  0.000000000000000E+00  0.000000000000000E+00
 0.690000E+02  0.000000000000000E+00  0.000000000000000E+00  0.000000000000000E+00
 0.700000E+02  0.000000000000000E+00  0.000000000000000E+00  0.000000000000000E+00
 0.710000E+02  0.000000000000000E+00  0.000000000000000E+00  0.000000000000000E+00
 0.720000E+02  0.000000000000000E+00  0.000000000000000E+00  0.000000000000000E+00
 0.730000E+02  0.000000000000000E+00  0.000000000000000E+00  0.000000000000000E+00
 0.740000E+02  0.000000000000000E+00  0.000000000000000E+00  0.000000000000000E+00
 0.750000E+02  0.000000000000000E+00  0.000000000000000E+00  0.000000000000000E+00
 0.760000E+02  0.000000000000000E+00  0.000000000000000E+00  0.000000000000000E+00
 0.770000E+02  0.000000000000000E+00  0.000000000000000E+00  0.000000000000000E+00
 0.780000E+02  0.000000000000000E+00  0.000000000000000E+00  0.000000000000000E+00
 0.790000E+02  0.000000000000000E+00  0.000000000000000E+00  0.000000000000000E+00
 0.800000E+02  0.000000000000000E+00  0.000000000000000E+00  0.000000000000000E+00
 0.810000E+02  0.000000000000000E+00  0.000000000000000E+00  0.000000000000000E+00
 0.820000E+02  0.000000000000000E+00  0.000000000000000E+00  0.000000000000000E+00
 0.830000E+02  0.000000000000000E+00  0.000000000000000E+00  0.000000000000000E+00
 0.840000E+02  0.000000000000000E+00  0.000000000000000E+00  0.000000000000000E+00
 0.850000E+02  0.000000000000000E+00  0.000000000000000E+00  0.000000000000000E+00
 0.860000E+02  0.000000000000000E+00  0.000000000000000E+00  0.000000000000000E+00
 0.870000E+02  0.000000000000000E+00  0.000000000000000E+00  0.000000000000000E+00
 0.880000E+02  0.000000000000000E+00  0.000000000000000E+00  0.000000000000000E+00
 0.890000E+02  0.000000000000000E+00  0.000000000000000E+00  0.000000000000000E+00
 0.900000E+02  0.000000000000000E+00  0.000000000000000E+00  0.000000000000000E+00
 0.910000E+02  0.000000000000000E+00  0.000000000000000E+00  0.000000000000000E+00
 0.920000E+02  0.000000000000000E+00  0.000000000000000E+00  0.000000000000000E+00
 0.930000E+02  0.000000000000000E+00  0.000000000000000E+00  0.000000000000000E+00
 0.940000E+02  0.000000000000000E+00  0.000000000000000E+00  0.000000000000000E+00
 0.950000E+02  0.000000000000000E+00  0.000000000000000E+00  0.000000000000000E+00
 0.960000E+02  0.000000000000000E+00  0.000000000000000E+00  0.000000000000000E+00
