 0.000000E+00  0.122649471518445E+01  0.931496414691062E+00  0.294998300493393E+00
 0.100000E+01  0.196217537646803E-01  0.114912647115694E-01  0.813048905311080E-02
 0.200000E+01  0.462718886946957E-02  0.289458686513449E-02  0.173260200433508E-02
 0.300000E+01  0.196867528302788E-02  0.129654347319328E-02  0.672131809834600E-03
 0.400000E+01  0.791760484506528E-03  0.521725319705919E-03  0.270035164800609E-03
 0.500000E+01  0.336435746576716E-03  0.218851433114869E-03  0.117584313461848E-03
 0.600000E+01  0.161722290119338E-03  0.107505038890782E-03  0.542172512285560E-04
 0.700000E+01  0.814701318877869E-04  0.542790427032957E-04  0.271910891844912E-04
 0.800000E+01  0.465664912901309E-04  0.311751027935531E-04  0.153913884965778E-04
 0.900000E+01  0.239395483359772E-04  0.160186254329262E-04  0.792092290305093E-05
 0.100000E+02  0.158832589664094E-04  0.109497301266435E-04  0.493352883976587E-05
 0.110000E+02  0.926484191881673E-05  0.659780493922460E-05  0.266703697959213E-05
 0.120000E+02  0.602191357490801E-05  0.414595466541865E-05  0.187595890948935E-05
 0.130000E+02  0.336358445933785E-05  0.234097759052883E-05  0.102260686880902E-05
 0.140000E+02  0.180045067759075E-05  0.129361266857590E-05  0.506838009014855E-06
 0.150000E+02  0.635349250680379E-06  0.493618166936324E-06  0.141731083744055E-06
 0.160000E+02  0.819580167621403E-10  0.819580167621403E-10  0.000000000000000E+00
 0.170000E+02  0.000000000000000E+00  0.000000000000000E+00  0.000000000000000E+00
 0.180000E+02  0.000000000000000E+00  0.000000000000000E+00  0.000000000000000E+00
 0.190000E+02  0.000000000000000E+00  0.000000000000000E+00  0.000000000000000E+00
 0.200000E+02  0.000000000000000E+00  0.000000000000000E+00  0.000000000000000E+00
 0.210000E+02  0.000000000000000E+00  0.000000000000000E+00  0.000000000000000E+00
 0.220000E+02  0.000000000000000E+00  0.000000000000000E+00  0.000000000000000E+00
 0.230000E+02  0.000000000000000E+00  0.000000000000000E+00  0.000000000000000E+00
 0.240000E+02  0.000000000000000E+00  0.000000000000000E+00  0.000000000000000E+00
