 0.000000E+00  0.679783921556687E+00  0.432850837189299E+00  0.246933084367405E+00
 0.100000E+01  0.613503839343784E-03  0.512890829449493E-03  0.100613009894290E-03
 0.200000E+01  0.302067454212770E-06  0.150464581152845E-06  0.151602873059925E-06
 0.300000E+01  0.594175395246266E-09  0.328772276938553E-09  0.265403118307713E-09
 0.400000E+01  0.130306125039651E-11  0.829459974989302E-12  0.473601275407209E-12
 0.500000E+01  0.300182152690550E-14  0.217503753507388E-14  0.826783991831626E-15
 0.600000E+01  0.301519676302923E-16  0.206687417624430E-16  0.948322586784928E-17
 0.700000E+01  0.828386532968862E-17  0.566092054799321E-17  0.262294478169541E-17
 0.800000E+01  0.157111061811729E-16  0.115397261790626E-16  0.417138000211032E-17
 0.900000E+01  0.495656712581318E-17  0.350487414771387E-17  0.145169297809931E-17
 0.100000E+02  0.609458422950763E-17  0.467980137804443E-17  0.141478285146319E-17
 0.110000E+02  0.347954639313200E-17  0.252048482458179E-17  0.959061568550210E-18
 0.120000E+02  0.148714687664479E-16  0.120887928862299E-16  0.278267588021799E-17
 0.130000E+02  0.258130903248751E-17  0.194033553739495E-17  0.640973495092559E-18
 0.140000E+02  0.351740006872152E-17  0.281202572820181E-17  0.705374340519713E-18
 0.150000E+02  0.189947991727651E-17  0.153954811386642E-17  0.359931803410097E-18
 0.160000E+02  0.657605614299331E-19  0.657605614299331E-19  0.000000000000000E+00
 0.170000E+02  0.000000000000000E+00  0.000000000000000E+00  0.000000000000000E+00
 0.180000E+02  0.000000000000000E+00  0.000000000000000E+00  0.000000000000000E+00
 0.190000E+02  0.000000000000000E+00  0.000000000000000E+00  0.000000000000000E+00
 0.200000E+02  0.000000000000000E+00  0.000000000000000E+00  0.000000000000000E+00
 0.210000E+02  0.000000000000000E+00  0.000000000000000E+00  0.000000000000000E+00
 0.220000E+02  0.000000000000000E+00  0.000000000000000E+00  0.000000000000000E+00
 0.230000E+02  0.000000000000000E+00  0.000000000000000E+00  0.000000000000000E+00
 0.240000E+02  0.000000000000000E+00  0.000000000000000E+00  0.000000000000000E+00
