 0.000000E+00  0.158541858343328E+01  0.132252230328721E+01  0.262896280146070E+00
 0.100000E+01  0.247616321184000E-01  0.155568846622464E-01  0.920474745615355E-02
 0.200000E+01  0.575080795075518E-02  0.345105699363599E-02  0.229975095711917E-02
 0.300000E+01  0.253695023216927E-02  0.171728571308835E-02  0.819664519080920E-03
 0.400000E+01  0.950673512334252E-03  0.670454872469837E-03  0.280218639864416E-03
 0.500000E+01  0.502670346930984E-03  0.364377347060039E-03  0.138292999870945E-03
 0.600000E+01  0.229372880714428E-03  0.158565052388513E-03  0.708078283259148E-04
 0.700000E+01  0.121253509680274E-03  0.842951882329172E-04  0.369583214473570E-04
 0.800000E+01  0.655772132854500E-04  0.450149558722248E-04  0.205622574132252E-04
 0.900000E+01  0.420281482638591E-04  0.298328209446925E-04  0.121953273191666E-04
 0.100000E+02  0.273153327172417E-04  0.191138049725365E-04  0.820152774470517E-05
 0.110000E+02  0.177285535664055E-04  0.123386276262295E-04  0.538992594017595E-05
 0.120000E+02  0.117177910095080E-04  0.854205244700328E-05  0.317573856250470E-05
 0.130000E+02  0.536636751126242E-05  0.394742690234921E-05  0.141894060891321E-05
 0.140000E+02  0.186460196284719E-05  0.137062978676343E-05  0.493972176083763E-06
 0.150000E+02  0.620570304380787E-06  0.458175244304475E-06  0.162395060076312E-06
 0.160000E+02  0.113299404580491E-09  0.113299404580491E-09  0.000000000000000E+00
 0.170000E+02  0.000000000000000E+00  0.000000000000000E+00  0.000000000000000E+00
 0.180000E+02  0.000000000000000E+00  0.000000000000000E+00  0.000000000000000E+00
 0.190000E+02  0.000000000000000E+00  0.000000000000000E+00  0.000000000000000E+00
 0.200000E+02  0.000000000000000E+00  0.000000000000000E+00  0.000000000000000E+00
 0.210000E+02  0.000000000000000E+00  0.000000000000000E+00  0.000000000000000E+00
 0.220000E+02  0.000000000000000E+00  0.000000000000000E+00  0.000000000000000E+00
 0.230000E+02  0.000000000000000E+00  0.000000000000000E+00  0.000000000000000E+00
 0.240000E+02  0.000000000000000E+00  0.000000000000000E+00  0.000000000000000E+00
