 0.100000E+01  0.478396199488349E+00
 0.200000E+01  0.246349578529177E-01
 0.300000E+01  0.273175438863185E-01
 0.400000E+01  0.195868228906014E-01
 0.500000E+01  0.531306423213705E-02
 0.600000E+01  0.557206979258397E-02
 0.700000E+01  0.148091521613047E-02
 0.800000E+01  0.142919741534199E-02
 0.900000E+01  0.690608543939353E-03
 0.100000E+02  0.290386411281273E-03
 0.110000E+02  0.332211777754068E-03
 0.120000E+02  0.937888110774109E-04
 0.130000E+02  0.965340541520525E-04
 0.140000E+02  0.367762527052573E-04
 0.150000E+02  0.195425445821974E-04
 0.160000E+02  0.221015847232096E-04
 0.170000E+02  0.618401913128322E-05
 0.180000E+02  0.657465787497309E-05
 0.190000E+02  0.216590688291567E-05
 0.200000E+02  0.125703032007998E-05
 0.210000E+02  0.140166202260205E-05
 0.220000E+02  0.381216119362199E-06
 0.230000E+02  0.407971927351711E-06
 0.240000E+02  0.122038378447840E-06
 0.250000E+02  0.107920859656988E-06
 0.260000E+02  0.471994065901159E-07
 0.270000E+02  0.216033034959022E-07
 0.280000E+02  0.231664052447583E-07
 0.290000E+02  0.655240414877520E-08
 0.300000E+02  0.631775962062276E-08
 0.310000E+02  0.229194089706040E-08
 0.320000E+02  0.120586908683669E-08
 0.330000E+02  0.132414807708665E-08
 0.340000E+02  0.371862905219141E-09
 0.350000E+02  0.389401347219236E-09
 0.360000E+02  0.130717416350520E-09
 0.370000E+02  0.869445668077134E-10
 0.380000E+02  0.791335705275822E-10
 0.390000E+02  0.257497707544956E-10
 0.400000E+02  0.290567303097738E-10
 0.410000E+02  0.953966173406318E-11
 0.420000E+02  0.735143231366503E-11
 0.430000E+02  0.602550811697178E-11
 0.440000E+02  0.216034995420389E-11
 0.450000E+02  0.254727535634147E-11
 0.460000E+02  0.800361530733396E-12
 0.470000E+02  0.705358477025918E-12
 0.480000E+02  0.488518483604162E-12
 0.490000E+02  0.194642967061913E-12
 0.500000E+02  0.230464591322430E-12
 0.510000E+02  0.710047925234077E-13
 0.520000E+02  0.688709967671287E-13
 0.530000E+02  0.382975518916005E-13
 0.540000E+02  0.208538977871419E-13
 0.550000E+02  0.169283448388073E-13
 0.560000E+02  0.622356168079324E-14
 0.570000E+02  0.689818176569092E-14
 0.580000E+02  0.242787692221678E-14
 0.590000E+02  0.198125156260538E-14
 0.600000E+02  0.132780546728125E-14
 0.610000E+02  0.522015851473132E-15
 0.620000E+02  0.672528919186776E-15
 0.630000E+02  0.242215957484446E-15
 0.640000E+02  0.224183564248605E-15
 0.650000E+02  0.000000000000000E+00
 0.660000E+02  0.000000000000000E+00
 0.670000E+02  0.000000000000000E+00
 0.680000E+02  0.000000000000000E+00
 0.690000E+02  0.000000000000000E+00
 0.700000E+02  0.000000000000000E+00
 0.710000E+02  0.000000000000000E+00
 0.720000E+02  0.000000000000000E+00
 0.730000E+02  0.000000000000000E+00
 0.740000E+02  0.000000000000000E+00
 0.750000E+02  0.000000000000000E+00
 0.760000E+02  0.000000000000000E+00
 0.770000E+02  0.000000000000000E+00
 0.780000E+02  0.000000000000000E+00
 0.790000E+02  0.000000000000000E+00
 0.800000E+02  0.000000000000000E+00
 0.810000E+02  0.000000000000000E+00
 0.820000E+02  0.000000000000000E+00
 0.830000E+02  0.000000000000000E+00
 0.840000E+02  0.000000000000000E+00
 0.850000E+02  0.000000000000000E+00
 0.860000E+02  0.000000000000000E+00
 0.870000E+02  0.000000000000000E+00
 0.880000E+02  0.000000000000000E+00
 0.890000E+02  0.000000000000000E+00
 0.900000E+02  0.000000000000000E+00
 0.910000E+02  0.000000000000000E+00
 0.920000E+02  0.000000000000000E+00
 0.930000E+02  0.000000000000000E+00
 0.940000E+02  0.000000000000000E+00
 0.950000E+02  0.000000000000000E+00
 0.960000E+02  0.000000000000000E+00
 0.970000E+02  0.000000000000000E+00
