 0.000000E+00  0.355605901658234E-03  0.000000000000000E+00  0.000000000000000E+00
 0.100000E+01  0.130715808048939E+01  0.116100186895346E+01  0.145985194598325E+00
 0.200000E+01  0.108667329318424E+00  0.400875863306283E-02  0.103505355480593E+00
 0.300000E+01  0.412915273503140E-01  0.131340222867493E-02  0.388406956626568E-01
 0.400000E+01  0.211509965269668E-01  0.139416421870919E-02  0.181478757785953E-01
 0.500000E+01  0.168838846160580E-01  0.130876240967837E-02  0.130054847334122E-01
 0.600000E+01  0.783777541794571E-02  0.790794643847903E-03  0.514281315827247E-02
 0.700000E+01  0.618423609003966E-02  0.613882237303187E-03  0.338935967951493E-02
 0.800000E+01  0.540679231551983E-02  0.431796021160835E-03  0.295877361648422E-02
 0.900000E+01  0.277769735532485E-02  0.211302807876734E-03  0.111935249503858E-02
 0.100000E+02  0.275292670930544E-02  0.947407231848274E-04  0.115510953222042E-02
 0.110000E+02  0.217011523641601E-02  0.108707562091581E-03  0.827455838674496E-03
 0.120000E+02  0.225200017575814E-02  0.119206926710191E-03  0.992107040719503E-03
 0.130000E+02  0.216834113382677E-02  0.816994593666465E-04  0.111614536332993E-02
 0.140000E+02  0.148918653349799E-02  0.539839733102454E-04  0.599297256607123E-03
 0.150000E+02  0.115908201572366E-02  0.337251138713413E-04  0.518025895279273E-03
 0.160000E+02  0.954873357598341E-03  0.407224182810140E-04  0.443521653952672E-03
 0.170000E+02  0.942733071540198E-03  0.368990773942368E-04  0.424906440185779E-03
 0.180000E+02  0.730440655291309E-03  0.274497314878275E-04  0.310117599520154E-03
 0.190000E+02  0.587583439302741E-03  0.184713688980986E-04  0.248916510733999E-03
 0.200000E+02  0.483166968794049E-03  0.136531003513962E-04  0.184542448717018E-03
 0.210000E+02  0.400962238971318E-03  0.124249636090923E-04  0.135672729696834E-03
 0.220000E+02  0.265933541124646E-03  0.959116179632957E-05  0.803937616762340E-04
 0.230000E+02  0.252283868576620E-03  0.826092017339186E-05  0.854761992821196E-04
 0.240000E+02  0.215440466927340E-03  0.640082634462136E-05  0.692302607844253E-04
 0.250000E+02  0.200964007616858E-03  0.567792759120778E-05  0.703653436989748E-04
 0.260000E+02  0.160675964230374E-03  0.384093033883870E-05  0.526928285268236E-04
 0.270000E+02  0.132791575291720E-03  0.293018465072521E-05  0.490952951908152E-04
 0.280000E+02  0.121919207979023E-03  0.240921320937212E-05  0.485670846398500E-04
 0.290000E+02  0.104375917516660E-03  0.235089897782093E-05  0.377520729979292E-04
 0.300000E+02  0.887222810138495E-04  0.190038868799758E-05  0.322526779905907E-04
 0.310000E+02  0.758296701399011E-04  0.154086040787815E-05  0.251218249186710E-04
 0.320000E+02  0.561558169462292E-04  0.124401324150605E-05  0.163357185927471E-04
 0.330000E+02  0.522011353981351E-04  0.114033115699262E-05  0.145060195132288E-04
 0.340000E+02  0.525988808114967E-04  0.632232243138325E-06  0.171156550072618E-04
 0.350000E+02  0.348282662569912E-04  0.525762878526761E-06  0.975099511146826E-05
 0.360000E+02  0.337559818739046E-04  0.504543888238396E-06  0.904710049167388E-05
 0.370000E+02  0.248651948729397E-04  0.349900377213941E-06  0.613039761733318E-05
 0.380000E+02  0.248417748100180E-04  0.308329775184127E-06  0.564524848124456E-05
 0.390000E+02  0.199730864540060E-04  0.232273383271933E-06  0.447183333647516E-05
 0.400000E+02  0.147952790842094E-04  0.177733903448032E-06  0.250625709041948E-05
 0.410000E+02  0.141031449563884E-04  0.178068335354855E-06  0.252738982379694E-05
 0.420000E+02  0.110421047326696E-04  0.146346478850081E-06  0.168917763540555E-05
 0.430000E+02  0.978076783813404E-05  0.117937034254116E-06  0.154219733352755E-05
 0.440000E+02  0.816774310521390E-05  0.100680192958438E-06  0.139594552472574E-05
 0.450000E+02  0.652446229117569E-05  0.751644732916367E-07  0.938211401926153E-06
 0.460000E+02  0.604975188143824E-05  0.697264315363457E-07  0.821790121224218E-06
 0.470000E+02  0.487110371514767E-05  0.553851662563097E-07  0.574299894029462E-06
 0.480000E+02  0.436727283364858E-05  0.649284366901364E-07  0.512786493425655E-06
 0.490000E+02  0.364403677690030E-05  0.402873759559105E-07  0.437859924517494E-06
 0.500000E+02  0.329180710339241E-05  0.331186425623319E-07  0.353745835689570E-06
 0.510000E+02  0.272745243341525E-05  0.235727027376060E-07  0.300306719443308E-06
 0.520000E+02  0.218716807966301E-05  0.212471597022153E-07  0.225228332254111E-06
 0.530000E+02  0.202929450106371E-05  0.227809366305892E-07  0.190938776202889E-06
 0.540000E+02  0.156944776947612E-05  0.148694137903956E-07  0.134934369909145E-06
 0.550000E+02  0.156083110725585E-05  0.160997972490859E-07  0.123226058676754E-06
 0.560000E+02  0.122854593833051E-05  0.143634707854215E-07  0.116377585563554E-06
 0.570000E+02  0.104967143381292E-05  0.126526917190305E-07  0.790586631383970E-07
 0.580000E+02  0.870111732690004E-06  0.124037151340897E-07  0.646545326639402E-07
 0.590000E+02  0.705993871528515E-06  0.895260906925402E-08  0.618585943355874E-07
 0.600000E+02  0.648164557604315E-06  0.111333982106673E-07  0.604288751816480E-07
 0.610000E+02  0.528764740547815E-06  0.109825040010305E-07  0.530928435773029E-07
 0.620000E+02  0.392671668641200E-06  0.923023752870118E-08  0.428435018172191E-07
 0.630000E+02  0.268460717994148E-06  0.874256424349174E-08  0.394495352546933E-07
 0.640000E+02  0.664683311036164E-10  0.109887922735861E-11  0.653694518762578E-10
 0.650000E+02  0.000000000000000E+00  0.000000000000000E+00  0.000000000000000E+00
 0.660000E+02  0.000000000000000E+00  0.000000000000000E+00  0.000000000000000E+00
 0.670000E+02  0.000000000000000E+00  0.000000000000000E+00  0.000000000000000E+00
 0.680000E+02  0.000000000000000E+00  0.000000000000000E+00  0.000000000000000E+00
 0.690000E+02  0.000000000000000E+00  0.000000000000000E+00  0.000000000000000E+00
 0.700000E+02  0.000000000000000E+00  0.000000000000000E+00  0.000000000000000E+00
 0.710000E+02  0.000000000000000E+00  0.000000000000000E+00  0.000000000000000E+00
 0.720000E+02  0.000000000000000E+00  0.000000000000000E+00  0.000000000000000E+00
 0.730000E+02  0.000000000000000E+00  0.000000000000000E+00  0.000000000000000E+00
 0.740000E+02  0.000000000000000E+00  0.000000000000000E+00  0.000000000000000E+00
 0.750000E+02  0.000000000000000E+00  0.000000000000000E+00  0.000000000000000E+00
 0.760000E+02  0.000000000000000E+00  0.000000000000000E+00  0.000000000000000E+00
 0.770000E+02  0.000000000000000E+00  0.000000000000000E+00  0.000000000000000E+00
 0.780000E+02  0.000000000000000E+00  0.000000000000000E+00  0.000000000000000E+00
 0.790000E+02  0.000000000000000E+00  0.000000000000000E+00  0.000000000000000E+00
 0.800000E+02  0.000000000000000E+00  0.000000000000000E+00  0.000000000000000E+00
 0.810000E+02  0.000000000000000E+00  0.000000000000000E+00  0.000000000000000E+00
 0.820000E+02  0.000000000000000E+00  0.000000000000000E+00  0.000000000000000E+00
 0.830000E+02  0.000000000000000E+00  0.000000000000000E+00  0.000000000000000E+00
 0.840000E+02  0.000000000000000E+00  0.000000000000000E+00  0.000000000000000E+00
 0.850000E+02  0.000000000000000E+00  0.000000000000000E+00  0.000000000000000E+00
 0.860000E+02  0.000000000000000E+00  0.000000000000000E+00  0.000000000000000E+00
 0.870000E+02  0.000000000000000E+00  0.000000000000000E+00  0.000000000000000E+00
 0.880000E+02  0.000000000000000E+00  0.000000000000000E+00  0.000000000000000E+00
 0.890000E+02  0.000000000000000E+00  0.000000000000000E+00  0.000000000000000E+00
 0.900000E+02  0.000000000000000E+00  0.000000000000000E+00  0.000000000000000E+00
 0.910000E+02  0.000000000000000E+00  0.000000000000000E+00  0.000000000000000E+00
 0.920000E+02  0.000000000000000E+00  0.000000000000000E+00  0.000000000000000E+00
 0.930000E+02  0.000000000000000E+00  0.000000000000000E+00  0.000000000000000E+00
 0.940000E+02  0.000000000000000E+00  0.000000000000000E+00  0.000000000000000E+00
 0.950000E+02  0.000000000000000E+00  0.000000000000000E+00  0.000000000000000E+00
 0.960000E+02  0.000000000000000E+00  0.000000000000000E+00  0.000000000000000E+00
