 0.000000E+00  0.676911745462188E+00  0.348952649968370E+00  0.327959095493815E+00
 0.100000E+01  0.225892650264025E-01  0.137627647119316E-01  0.882650031447083E-02
 0.200000E+01  0.586066553422435E-02  0.371420329839421E-02  0.214646223583014E-02
 0.300000E+01  0.222998896465483E-02  0.133767595345357E-02  0.892313011201258E-03
 0.400000E+01  0.130478415577937E-02  0.844654328052994E-03  0.460129827726382E-03
 0.500000E+01  0.548114984207053E-03  0.370329616251135E-03  0.177785367955918E-03
 0.600000E+01  0.326957572155817E-03  0.230110667362570E-03  0.968469047932474E-04
 0.700000E+01  0.188281360665153E-03  0.133250851549797E-03  0.550305091153561E-04
 0.800000E+01  0.108087091818365E-03  0.773765314782300E-04  0.307105603401347E-04
 0.900000E+01  0.592142904011776E-04  0.432127037591744E-04  0.160015866420031E-04
 0.100000E+02  0.379442308870768E-04  0.282980996462374E-04  0.964613124083939E-05
 0.110000E+02  0.224605041723284E-04  0.167118440282129E-04  0.574866014411557E-05
 0.120000E+02  0.130230917607323E-04  0.985869852362527E-05  0.316439323710702E-05
 0.130000E+02  0.736958991408754E-05  0.539942057980325E-05  0.197016933428429E-05
 0.140000E+02  0.417614566839466E-05  0.318767656841651E-05  0.988469099978153E-06
 0.150000E+02  0.179597811481404E-05  0.142844777860102E-05  0.367530336213020E-06
 0.160000E+02  0.104083031082780E-08  0.104083031082780E-08  0.000000000000000E+00
 0.170000E+02  0.000000000000000E+00  0.000000000000000E+00  0.000000000000000E+00
 0.180000E+02  0.000000000000000E+00  0.000000000000000E+00  0.000000000000000E+00
 0.190000E+02  0.000000000000000E+00  0.000000000000000E+00  0.000000000000000E+00
 0.200000E+02  0.000000000000000E+00  0.000000000000000E+00  0.000000000000000E+00
 0.210000E+02  0.000000000000000E+00  0.000000000000000E+00  0.000000000000000E+00
 0.220000E+02  0.000000000000000E+00  0.000000000000000E+00  0.000000000000000E+00
 0.230000E+02  0.000000000000000E+00  0.000000000000000E+00  0.000000000000000E+00
 0.240000E+02  0.000000000000000E+00  0.000000000000000E+00  0.000000000000000E+00
