 0.000000E+00  0.258136714870685E-03  0.000000000000000E+00  0.000000000000000E+00
 0.100000E+01  0.105468612717146E+01  0.921764700207859E+00  0.132729528471828E+00
 0.200000E+01  0.101910677599599E+00  0.174130470463751E-02  0.990263365674764E-01
 0.300000E+01  0.275911411063276E-01  0.173996372177498E-02  0.246174809217337E-01
 0.400000E+01  0.964459773054445E-02  0.167440395080121E-02  0.646953826617391E-02
 0.500000E+01  0.132988760319185E-01  0.165464950964633E-02  0.911692312365631E-02
 0.600000E+01  0.653403829049296E-02  0.764760080073756E-03  0.382160412090116E-02
 0.700000E+01  0.764022387714922E-02  0.677359280189194E-03  0.426213107476769E-02
 0.800000E+01  0.668102676957713E-02  0.352042499073946E-03  0.431817831872650E-02
 0.900000E+01  0.397145967993406E-02  0.194834753689754E-03  0.207096163882170E-02
 0.100000E+02  0.390372863254094E-02  0.229710319800347E-03  0.188146040881065E-02
 0.110000E+02  0.275212865038606E-02  0.123677045827719E-03  0.124903438907609E-02
 0.120000E+02  0.266777572559994E-02  0.125446046467470E-03  0.108554809557404E-02
 0.130000E+02  0.252282591314585E-02  0.900737590399103E-04  0.106776406371978E-02
 0.140000E+02  0.168564433155785E-02  0.567949941396861E-04  0.601133265071496E-03
 0.150000E+02  0.155784842064727E-02  0.619420695446848E-04  0.639779011585517E-03
 0.160000E+02  0.105730693281219E-02  0.405688334312870E-04  0.393887717501595E-03
 0.170000E+02  0.100638952646830E-02  0.391246050601701E-04  0.300921703979995E-03
 0.180000E+02  0.879023188379891E-03  0.362914432372463E-04  0.332998273437468E-03
 0.190000E+02  0.626840791890713E-03  0.288015356036189E-04  0.176933385895417E-03
 0.200000E+02  0.531111781128578E-03  0.181416584603689E-04  0.166523277256303E-03
 0.210000E+02  0.530458051688721E-03  0.144430147870356E-04  0.165527435537771E-03
 0.220000E+02  0.355328116422715E-03  0.132573515073120E-04  0.101792729501948E-03
 0.230000E+02  0.300122077615593E-03  0.117217866151681E-04  0.835536802217263E-04
 0.240000E+02  0.240355995249884E-03  0.796298604477386E-05  0.509668304131683E-04
 0.250000E+02  0.228450553523429E-03  0.736635095650862E-05  0.531804813448389E-04
 0.260000E+02  0.174370668783653E-03  0.572927245304222E-05  0.344993401913962E-04
 0.270000E+02  0.134065575673888E-03  0.300086048508896E-05  0.265042829087347E-04
 0.280000E+02  0.122113114007308E-03  0.281805503998811E-05  0.272437971286094E-04
 0.290000E+02  0.104915146787544E-03  0.274212563602938E-05  0.191955418912867E-04
 0.300000E+02  0.924699373267232E-04  0.208361090141967E-05  0.236314180719621E-04
 0.310000E+02  0.793088691898777E-04  0.193277698287003E-05  0.157549428502768E-04
 0.320000E+02  0.608027181251200E-04  0.143052339797965E-05  0.113367420799815E-04
 0.330000E+02  0.537024403754343E-04  0.113556364694182E-05  0.934463469296626E-05
 0.340000E+02  0.515428433280180E-04  0.121171273601700E-05  0.103187216429976E-04
 0.350000E+02  0.360423511249013E-04  0.804660709830679E-06  0.628426313209734E-05
 0.360000E+02  0.333696692280307E-04  0.697314994922531E-06  0.585900454724841E-05
 0.370000E+02  0.257875211777872E-04  0.556082908366451E-06  0.437688469247244E-05
 0.380000E+02  0.254747743393662E-04  0.553552018742057E-06  0.475556417521908E-05
 0.390000E+02  0.198427185690838E-04  0.475297638324358E-06  0.287131262283885E-05
 0.400000E+02  0.154057244128358E-04  0.337425338071181E-06  0.215034865223146E-05
 0.410000E+02  0.149886845982835E-04  0.256862938365749E-06  0.189744121674093E-05
 0.420000E+02  0.120555375992239E-04  0.173760234202644E-06  0.166670046443124E-05
 0.430000E+02  0.108890497279461E-04  0.182007743836435E-06  0.141794194691205E-05
 0.440000E+02  0.901300341320468E-05  0.160209332964074E-06  0.937165124432690E-06
 0.450000E+02  0.736299623855601E-05  0.134311122659695E-06  0.747535283007750E-06
 0.460000E+02  0.684423674198723E-05  0.105393918299008E-06  0.612384226154894E-06
 0.470000E+02  0.556829477096397E-05  0.892926478997475E-07  0.542789328544444E-06
 0.480000E+02  0.509952573125536E-05  0.728668064176540E-07  0.406825595185853E-06
 0.490000E+02  0.434850128923287E-05  0.637268930158471E-07  0.351461534745749E-06
 0.500000E+02  0.383587014932257E-05  0.520993130680831E-07  0.289319613197884E-06
 0.510000E+02  0.333738350221885E-05  0.482979515059666E-07  0.276127493345751E-06
 0.520000E+02  0.273076333066424E-05  0.361233700272857E-07  0.216201652205960E-06
 0.530000E+02  0.252736652640424E-05  0.324568641093853E-07  0.209626025224131E-06
 0.540000E+02  0.212179522042662E-05  0.273743052416325E-07  0.155624204937251E-06
 0.550000E+02  0.208698248579249E-05  0.264518149847609E-07  0.159714186998179E-06
 0.560000E+02  0.158942503994631E-05  0.181123372496766E-07  0.102261476271021E-06
 0.570000E+02  0.137909461071559E-05  0.148936195285031E-07  0.850048586725159E-07
 0.580000E+02  0.123250469820495E-05  0.134615302893159E-07  0.777062513689303E-07
 0.590000E+02  0.101805172742939E-05  0.119853703647613E-07  0.813607378821670E-07
 0.600000E+02  0.892785896689488E-06  0.125093605056502E-07  0.713327195899231E-07
 0.610000E+02  0.707800883579259E-06  0.107580311974009E-07  0.722804443292399E-07
 0.620000E+02  0.429227387427434E-06  0.938333498153433E-08  0.466367872940350E-07
 0.630000E+02  0.280217425616954E-06  0.109765146452791E-07  0.625921655718407E-07
 0.640000E+02  0.440313173901839E-09  0.325502977029839E-10  0.407762876198856E-09
 0.650000E+02  0.000000000000000E+00  0.000000000000000E+00  0.000000000000000E+00
 0.660000E+02  0.000000000000000E+00  0.000000000000000E+00  0.000000000000000E+00
 0.670000E+02  0.000000000000000E+00  0.000000000000000E+00  0.000000000000000E+00
 0.680000E+02  0.000000000000000E+00  0.000000000000000E+00  0.000000000000000E+00
 0.690000E+02  0.000000000000000E+00  0.000000000000000E+00  0.000000000000000E+00
 0.700000E+02  0.000000000000000E+00  0.000000000000000E+00  0.000000000000000E+00
 0.710000E+02  0.000000000000000E+00  0.000000000000000E+00  0.000000000000000E+00
 0.720000E+02  0.000000000000000E+00  0.000000000000000E+00  0.000000000000000E+00
 0.730000E+02  0.000000000000000E+00  0.000000000000000E+00  0.000000000000000E+00
 0.740000E+02  0.000000000000000E+00  0.000000000000000E+00  0.000000000000000E+00
 0.750000E+02  0.000000000000000E+00  0.000000000000000E+00  0.000000000000000E+00
 0.760000E+02  0.000000000000000E+00  0.000000000000000E+00  0.000000000000000E+00
 0.770000E+02  0.000000000000000E+00  0.000000000000000E+00  0.000000000000000E+00
 0.780000E+02  0.000000000000000E+00  0.000000000000000E+00  0.000000000000000E+00
 0.790000E+02  0.000000000000000E+00  0.000000000000000E+00  0.000000000000000E+00
 0.800000E+02  0.000000000000000E+00  0.000000000000000E+00  0.000000000000000E+00
 0.810000E+02  0.000000000000000E+00  0.000000000000000E+00  0.000000000000000E+00
 0.820000E+02  0.000000000000000E+00  0.000000000000000E+00  0.000000000000000E+00
 0.830000E+02  0.000000000000000E+00  0.000000000000000E+00  0.000000000000000E+00
 0.840000E+02  0.000000000000000E+00  0.000000000000000E+00  0.000000000000000E+00
 0.850000E+02  0.000000000000000E+00  0.000000000000000E+00  0.000000000000000E+00
 0.860000E+02  0.000000000000000E+00  0.000000000000000E+00  0.000000000000000E+00
 0.870000E+02  0.000000000000000E+00  0.000000000000000E+00  0.000000000000000E+00
 0.880000E+02  0.000000000000000E+00  0.000000000000000E+00  0.000000000000000E+00
 0.890000E+02  0.000000000000000E+00  0.000000000000000E+00  0.000000000000000E+00
 0.900000E+02  0.000000000000000E+00  0.000000000000000E+00  0.000000000000000E+00
 0.910000E+02  0.000000000000000E+00  0.000000000000000E+00  0.000000000000000E+00
 0.920000E+02  0.000000000000000E+00  0.000000000000000E+00  0.000000000000000E+00
 0.930000E+02  0.000000000000000E+00  0.000000000000000E+00  0.000000000000000E+00
 0.940000E+02  0.000000000000000E+00  0.000000000000000E+00  0.000000000000000E+00
 0.950000E+02  0.000000000000000E+00  0.000000000000000E+00  0.000000000000000E+00
 0.960000E+02  0.000000000000000E+00  0.000000000000000E+00  0.000000000000000E+00
