 0.100000E+01  0.439580069331316E+00
 0.200000E+01  0.464450867024139E-01
 0.300000E+01  0.248821485975252E-01
 0.400000E+01  0.418311950602246E-01
 0.500000E+01  0.180418785765338E-01
 0.600000E+01  0.191865603246894E-01
 0.700000E+01  0.988224480423949E-02
 0.800000E+01  0.643177365799390E-02
 0.900000E+01  0.657234434296344E-02
 0.100000E+02  0.381270032548124E-02
 0.110000E+02  0.420623925110685E-02
 0.120000E+02  0.228397177821448E-02
 0.130000E+02  0.202884120274869E-02
 0.140000E+02  0.179911537863367E-02
 0.150000E+02  0.113695286652117E-02
 0.160000E+02  0.110088008948099E-02
 0.170000E+02  0.845788160684821E-03
 0.180000E+02  0.624116622197657E-03
 0.190000E+02  0.526154360205264E-03
 0.200000E+02  0.359920323348280E-03
 0.210000E+02  0.370326769480417E-03
 0.220000E+02  0.290985764267130E-03
 0.230000E+02  0.241053305677962E-03
 0.240000E+02  0.211666097581365E-03
 0.250000E+02  0.164091310003831E-03
 0.260000E+02  0.166697758581643E-03
 0.270000E+02  0.122398317762017E-03
 0.280000E+02  0.102921954619688E-03
 0.290000E+02  0.886853880057579E-04
 0.300000E+02  0.729556467819470E-04
 0.310000E+02  0.641903734980386E-04
 0.320000E+02  0.511339591641448E-04
 0.330000E+02  0.435396117079434E-04
 0.340000E+02  0.380664494528200E-04
 0.350000E+02  0.315415933710331E-04
 0.360000E+02  0.283315940573897E-04
 0.370000E+02  0.235611083635154E-04
 0.380000E+02  0.210932525574175E-04
 0.390000E+02  0.171840750845598E-04
 0.400000E+02  0.149718547575308E-04
 0.410000E+02  0.126863723055928E-04
 0.420000E+02  0.108399905170860E-04
 0.430000E+02  0.100739353294983E-04
 0.440000E+02  0.855688789245901E-05
 0.450000E+02  0.734308854515280E-05
 0.460000E+02  0.632500196801798E-05
 0.470000E+02  0.548539513209491E-05
 0.480000E+02  0.476708976042808E-05
 0.490000E+02  0.401552568372863E-05
 0.500000E+02  0.368156176846582E-05
 0.510000E+02  0.301324193313009E-05
 0.520000E+02  0.279811935199318E-05
 0.530000E+02  0.252046189235413E-05
 0.540000E+02  0.198428875719259E-05
 0.550000E+02  0.180752390327296E-05
 0.560000E+02  0.154583215824656E-05
 0.570000E+02  0.136755243856820E-05
 0.580000E+02  0.119365278157620E-05
 0.590000E+02  0.104741164989464E-05
 0.600000E+02  0.865363959096329E-06
 0.610000E+02  0.710792428176828E-06
 0.620000E+02  0.581651406988110E-06
 0.630000E+02  0.395353331872425E-06
 0.640000E+02  0.892134759425809E-07
 0.650000E+02  0.000000000000000E+00
 0.660000E+02  0.000000000000000E+00
 0.670000E+02  0.000000000000000E+00
 0.680000E+02  0.000000000000000E+00
 0.690000E+02  0.000000000000000E+00
 0.700000E+02  0.000000000000000E+00
 0.710000E+02  0.000000000000000E+00
 0.720000E+02  0.000000000000000E+00
 0.730000E+02  0.000000000000000E+00
 0.740000E+02  0.000000000000000E+00
 0.750000E+02  0.000000000000000E+00
 0.760000E+02  0.000000000000000E+00
 0.770000E+02  0.000000000000000E+00
 0.780000E+02  0.000000000000000E+00
 0.790000E+02  0.000000000000000E+00
 0.800000E+02  0.000000000000000E+00
 0.810000E+02  0.000000000000000E+00
 0.820000E+02  0.000000000000000E+00
 0.830000E+02  0.000000000000000E+00
 0.840000E+02  0.000000000000000E+00
 0.850000E+02  0.000000000000000E+00
 0.860000E+02  0.000000000000000E+00
 0.870000E+02  0.000000000000000E+00
 0.880000E+02  0.000000000000000E+00
 0.890000E+02  0.000000000000000E+00
 0.900000E+02  0.000000000000000E+00
 0.910000E+02  0.000000000000000E+00
 0.920000E+02  0.000000000000000E+00
 0.930000E+02  0.000000000000000E+00
 0.940000E+02  0.000000000000000E+00
 0.950000E+02  0.000000000000000E+00
 0.960000E+02  0.000000000000000E+00
 0.970000E+02  0.000000000000000E+00
