 0.000000E+00  0.823487856430983E+00  0.472232589906868E+00  0.351255266524112E+00
 0.100000E+01  0.322860655218019E-01  0.225113990091288E-01  0.977466651267295E-02
 0.200000E+01  0.622564708248541E-02  0.369016557691447E-02  0.253548150557093E-02
 0.300000E+01  0.311175564939175E-02  0.205232767496726E-02  0.105942797442449E-02
 0.400000E+01  0.158450266269738E-02  0.105438096736347E-02  0.530121695333916E-03
 0.500000E+01  0.665803557656441E-03  0.453947460246681E-03  0.211856097409760E-03
 0.600000E+01  0.331168176764904E-03  0.231732464740479E-03  0.994357120244249E-04
 0.700000E+01  0.155038826607324E-03  0.104628237540600E-03  0.504105890667240E-04
 0.800000E+01  0.940069640404916E-04  0.653343161093057E-04  0.286726479311859E-04
 0.900000E+01  0.537378444486271E-04  0.380430615697581E-04  0.156947828788690E-04
 0.100000E+02  0.335462960920102E-04  0.238821082665331E-04  0.966418782547703E-05
 0.110000E+02  0.208670282332155E-04  0.152952042675359E-04  0.557182396567969E-05
 0.120000E+02  0.117172235688337E-04  0.875518854353142E-05  0.296203502530230E-05
 0.130000E+02  0.705627196020061E-05  0.535017237856346E-05  0.170609958163715E-05
 0.140000E+02  0.337841317152615E-05  0.256459862770447E-05  0.813814543821689E-06
 0.150000E+02  0.748646104325071E-06  0.574561076976260E-06  0.174085027348811E-06
 0.160000E+02  0.271822453434822E-09  0.271822453434822E-09  0.000000000000000E+00
 0.170000E+02  0.000000000000000E+00  0.000000000000000E+00  0.000000000000000E+00
 0.180000E+02  0.000000000000000E+00  0.000000000000000E+00  0.000000000000000E+00
 0.190000E+02  0.000000000000000E+00  0.000000000000000E+00  0.000000000000000E+00
 0.200000E+02  0.000000000000000E+00  0.000000000000000E+00  0.000000000000000E+00
 0.210000E+02  0.000000000000000E+00  0.000000000000000E+00  0.000000000000000E+00
 0.220000E+02  0.000000000000000E+00  0.000000000000000E+00  0.000000000000000E+00
 0.230000E+02  0.000000000000000E+00  0.000000000000000E+00  0.000000000000000E+00
 0.240000E+02  0.000000000000000E+00  0.000000000000000E+00  0.000000000000000E+00
