 0.000000E+00  0.785067299041193E-04  0.000000000000000E+00  0.000000000000000E+00
 0.100000E+01  0.571943220159949E+00  0.428350839843915E+00  0.143574059824459E+00
 0.200000E+01  0.115571028945593E+00  0.586346146036476E-03  0.114683358318871E+00
 0.300000E+01  0.250252089811501E-01  0.611887994637073E-03  0.226343318863655E-01
 0.400000E+01  0.262894485729763E-01  0.631416590294975E-03  0.215687063609948E-01
 0.500000E+01  0.288805322745728E-01  0.792740862095798E-03  0.201914519043385E-01
 0.600000E+01  0.133758621498349E-01  0.412385005702731E-03  0.617139176347337E-02
 0.700000E+01  0.138379489139674E-01  0.350453672751883E-03  0.546513959784534E-02
 0.800000E+01  0.101943099003117E-01  0.233020201328316E-03  0.555060013027742E-02
 0.900000E+01  0.582250950519325E-02  0.108307533425389E-03  0.282920904825090E-02
 0.100000E+02  0.479617815561639E-02  0.738509297519840E-04  0.254501697365583E-02
 0.110000E+02  0.311986231775998E-02  0.561431984937855E-04  0.158085341739422E-02
 0.120000E+02  0.278136366240722E-02  0.636024318794171E-04  0.122476802869897E-02
 0.130000E+02  0.220117709594272E-02  0.678438883552346E-04  0.805542395729830E-03
 0.140000E+02  0.141028108058197E-02  0.409654706494678E-04  0.343730066594716E-03
 0.150000E+02  0.117943441291360E-02  0.312518312468590E-04  0.336827082794144E-03
 0.160000E+02  0.833056197336679E-03  0.157477021711649E-04  0.174816889787266E-03
 0.170000E+02  0.694915971987739E-03  0.137552119706674E-04  0.145821999216977E-03
 0.180000E+02  0.520473086153351E-03  0.161204100899148E-04  0.116550661408032E-03
 0.190000E+02  0.399720859784414E-03  0.105545730576528E-04  0.646876838751309E-04
 0.200000E+02  0.328897474354846E-03  0.788478757435263E-05  0.663714094460699E-04
 0.210000E+02  0.310085707667347E-03  0.584906997147527E-05  0.506692716442103E-04
 0.220000E+02  0.232089215526260E-03  0.508878921470779E-05  0.340145580652873E-04
 0.230000E+02  0.207796939320775E-03  0.481564657633937E-05  0.398440480458423E-04
 0.240000E+02  0.192808174573320E-03  0.352510289627905E-05  0.301706372088789E-04
 0.250000E+02  0.175908458331531E-03  0.304992293131967E-05  0.331447327788226E-04
 0.260000E+02  0.148427792175573E-03  0.243198204151734E-05  0.239361863929588E-04
 0.270000E+02  0.116331133351873E-03  0.215895000105215E-05  0.193988876062701E-04
 0.280000E+02  0.976890910029530E-04  0.168061720612345E-05  0.158508798805135E-04
 0.290000E+02  0.976863286869558E-04  0.167886120924082E-05  0.135716196347779E-04
 0.300000E+02  0.770952623415313E-04  0.111508509849714E-05  0.115568392107454E-04
 0.310000E+02  0.732859853454095E-04  0.114929217242274E-05  0.843878185380342E-05
 0.320000E+02  0.567500660701865E-04  0.952622779597234E-06  0.681419634104841E-05
 0.330000E+02  0.518591629875366E-04  0.756883882385012E-06  0.616323687274321E-05
 0.340000E+02  0.481294345595367E-04  0.694725626866621E-06  0.532773935717212E-05
 0.350000E+02  0.372804284446531E-04  0.601893974922765E-06  0.417848021018463E-05
 0.360000E+02  0.376491920671789E-04  0.529442367815103E-06  0.397762084713982E-05
 0.370000E+02  0.286139958861875E-04  0.382405022836827E-06  0.296163662051596E-05
 0.380000E+02  0.283952189346389E-04  0.326915908628600E-06  0.271978066023262E-05
 0.390000E+02  0.230229906109763E-04  0.194341513059387E-06  0.205147428285375E-05
 0.400000E+02  0.185448931565061E-04  0.155965941271577E-06  0.134352687580774E-05
 0.410000E+02  0.199457445055868E-04  0.171278711380562E-06  0.122079558581220E-05
 0.420000E+02  0.151711463537409E-04  0.115539593883215E-06  0.105115759491679E-05
 0.430000E+02  0.144789165516667E-04  0.117490076058835E-06  0.922129052538176E-06
 0.440000E+02  0.116289219388921E-04  0.855071781973721E-07  0.658196963580272E-06
 0.450000E+02  0.109103928037374E-04  0.773244386128224E-07  0.585327253246198E-06
 0.460000E+02  0.981884804336845E-05  0.711553626592948E-07  0.508727132027958E-06
 0.470000E+02  0.758162632348690E-05  0.635784279210284E-07  0.426676639582024E-06
 0.480000E+02  0.807216077130556E-05  0.564588252570858E-07  0.431700890412071E-06
 0.490000E+02  0.689431727442349E-05  0.424273139095280E-07  0.322481264466296E-06
 0.500000E+02  0.570520288981793E-05  0.437041222045792E-07  0.288758193944458E-06
 0.510000E+02  0.500891532895187E-05  0.348594341300842E-07  0.227771209634128E-06
 0.520000E+02  0.437701737524963E-05  0.302273037002063E-07  0.193237550493060E-06
 0.530000E+02  0.379423795979616E-05  0.270304543906284E-07  0.190697190875083E-06
 0.540000E+02  0.328543563467363E-05  0.210840800139527E-07  0.155686280549697E-06
 0.550000E+02  0.327027038961910E-05  0.212747477106311E-07  0.166923672342834E-06
 0.560000E+02  0.263090798637878E-05  0.168570481998056E-07  0.134628444997372E-06
 0.570000E+02  0.234879149382413E-05  0.150095422153987E-07  0.111813172640890E-06
 0.580000E+02  0.206461707428353E-05  0.133661815658517E-07  0.925950411535153E-07
 0.590000E+02  0.172526103374136E-05  0.118891695093572E-07  0.896850637390183E-07
 0.600000E+02  0.179857944012107E-05  0.126952868337760E-07  0.984438346034264E-07
 0.610000E+02  0.157378935989123E-05  0.145723564434259E-07  0.119858481728227E-06
 0.620000E+02  0.126554203342338E-05  0.180099968800451E-07  0.154367658107991E-06
 0.630000E+02  0.776261276131946E-06  0.208797078289516E-07  0.176234558720869E-06
 0.640000E+02  0.167028055611789E-09  0.461689516370427E-10  0.120859103974746E-09
 0.650000E+02  0.000000000000000E+00  0.000000000000000E+00  0.000000000000000E+00
 0.660000E+02  0.000000000000000E+00  0.000000000000000E+00  0.000000000000000E+00
 0.670000E+02  0.000000000000000E+00  0.000000000000000E+00  0.000000000000000E+00
 0.680000E+02  0.000000000000000E+00  0.000000000000000E+00  0.000000000000000E+00
 0.690000E+02  0.000000000000000E+00  0.000000000000000E+00  0.000000000000000E+00
 0.700000E+02  0.000000000000000E+00  0.000000000000000E+00  0.000000000000000E+00
 0.710000E+02  0.000000000000000E+00  0.000000000000000E+00  0.000000000000000E+00
 0.720000E+02  0.000000000000000E+00  0.000000000000000E+00  0.000000000000000E+00
 0.730000E+02  0.000000000000000E+00  0.000000000000000E+00  0.000000000000000E+00
 0.740000E+02  0.000000000000000E+00  0.000000000000000E+00  0.000000000000000E+00
 0.750000E+02  0.000000000000000E+00  0.000000000000000E+00  0.000000000000000E+00
 0.760000E+02  0.000000000000000E+00  0.000000000000000E+00  0.000000000000000E+00
 0.770000E+02  0.000000000000000E+00  0.000000000000000E+00  0.000000000000000E+00
 0.780000E+02  0.000000000000000E+00  0.000000000000000E+00  0.000000000000000E+00
 0.790000E+02  0.000000000000000E+00  0.000000000000000E+00  0.000000000000000E+00
 0.800000E+02  0.000000000000000E+00  0.000000000000000E+00  0.000000000000000E+00
 0.810000E+02  0.000000000000000E+00  0.000000000000000E+00  0.000000000000000E+00
 0.820000E+02  0.000000000000000E+00  0.000000000000000E+00  0.000000000000000E+00
 0.830000E+02  0.000000000000000E+00  0.000000000000000E+00  0.000000000000000E+00
 0.840000E+02  0.000000000000000E+00  0.000000000000000E+00  0.000000000000000E+00
 0.850000E+02  0.000000000000000E+00  0.000000000000000E+00  0.000000000000000E+00
 0.860000E+02  0.000000000000000E+00  0.000000000000000E+00  0.000000000000000E+00
 0.870000E+02  0.000000000000000E+00  0.000000000000000E+00  0.000000000000000E+00
 0.880000E+02  0.000000000000000E+00  0.000000000000000E+00  0.000000000000000E+00
 0.890000E+02  0.000000000000000E+00  0.000000000000000E+00  0.000000000000000E+00
 0.900000E+02  0.000000000000000E+00  0.000000000000000E+00  0.000000000000000E+00
 0.910000E+02  0.000000000000000E+00  0.000000000000000E+00  0.000000000000000E+00
 0.920000E+02  0.000000000000000E+00  0.000000000000000E+00  0.000000000000000E+00
 0.930000E+02  0.000000000000000E+00  0.000000000000000E+00  0.000000000000000E+00
 0.940000E+02  0.000000000000000E+00  0.000000000000000E+00  0.000000000000000E+00
 0.950000E+02  0.000000000000000E+00  0.000000000000000E+00  0.000000000000000E+00
 0.960000E+02  0.000000000000000E+00  0.000000000000000E+00  0.000000000000000E+00
