 0.000000E+00  0.106535508673825E+01  0.770513025628846E+00  0.294842061109399E+00
 0.100000E+01  0.249364427780690E-01  0.149431202168944E-01  0.999332256117461E-02
 0.200000E+01  0.528619044187379E-02  0.320033641547971E-02  0.208585402639408E-02
 0.300000E+01  0.232500489591212E-02  0.145507412997391E-02  0.869930765938211E-03
 0.400000E+01  0.106286655838794E-02  0.684979376244427E-03  0.377887182143513E-03
 0.500000E+01  0.510244637461919E-03  0.336003350124394E-03  0.174241287337525E-03
 0.600000E+01  0.266104352548409E-03  0.185796998737724E-03  0.803073538106848E-04
 0.700000E+01  0.124390455834428E-03  0.837385106061712E-04  0.406519452282564E-04
 0.800000E+01  0.726539275055072E-04  0.505645422699961E-04  0.220893852355111E-04
 0.900000E+01  0.446785277118617E-04  0.314300807306419E-04  0.132484469812198E-04
 0.100000E+02  0.308159275144274E-04  0.222292084219582E-04  0.858671909246917E-05
 0.110000E+02  0.203396174823912E-04  0.146854544726004E-04  0.565416300979088E-05
 0.120000E+02  0.127334918065593E-04  0.912068096361681E-05  0.361281084294250E-05
 0.130000E+02  0.918621638614712E-05  0.671975663333582E-05  0.246645975281130E-05
 0.140000E+02  0.499850321464698E-05  0.341623384704460E-05  0.158226936760237E-05
 0.150000E+02  0.112203842989476E-05  0.895133207022341E-06  0.226905222872420E-06
 0.160000E+02  0.749001000110994E-10  0.749001000110994E-10  0.000000000000000E+00
 0.170000E+02  0.000000000000000E+00  0.000000000000000E+00  0.000000000000000E+00
 0.180000E+02  0.000000000000000E+00  0.000000000000000E+00  0.000000000000000E+00
 0.190000E+02  0.000000000000000E+00  0.000000000000000E+00  0.000000000000000E+00
 0.200000E+02  0.000000000000000E+00  0.000000000000000E+00  0.000000000000000E+00
 0.210000E+02  0.000000000000000E+00  0.000000000000000E+00  0.000000000000000E+00
 0.220000E+02  0.000000000000000E+00  0.000000000000000E+00  0.000000000000000E+00
 0.230000E+02  0.000000000000000E+00  0.000000000000000E+00  0.000000000000000E+00
 0.240000E+02  0.000000000000000E+00  0.000000000000000E+00  0.000000000000000E+00
